Starting iterations: 50
(3, (928379980, 1880781631, 805088865, 1047844737, 3545196192, 1627041516, 216880810, 2067094683, 3339663645, 3622681894, 2191332647, 614014591, 1774850004, 3035118203, 2940708359, 926549149, 2395652929, 3244470701, 2682386491, 404253846, 778361191, 518948695, 670601723, 3211954223, 3624164142, 383658074, 1459676577, 4269267433, 3745956105, 1163800169, 2827781158, 2424170507, 2543822648, 3526761810, 291984812, 4031554474, 1809835788, 1705474216, 791493393, 340300240, 2339133154, 262837264, 4027246577, 2436708412, 1040816784, 2101225386, 714423300, 2732598841, 2786116650, 1336663726, 1440358376, 1921483960, 1458712272, 4032804379, 754755914, 2965113671, 240742277, 475463683, 2583796226, 2779089775, 2887941152, 3268755206, 470334897, 1088243007, 1068071216, 1268610306, 477967298, 2688937319, 2702827125, 4196891397, 3135418368, 977454180, 756810927, 3161271102, 2895689430, 3336683991, 421964021, 2197961803, 1174653529, 3498409387, 724544637, 513918058, 2895169957, 2603493256, 888492795, 1509542592, 1716877993, 80361345, 2846602335, 703353397, 3116019083, 3397911655, 938228755, 1966671276, 3496723266, 3838025138, 488276328, 791065571, 1188317968, 4258493722, 106489841, 1630132077, 2514952014, 2513883187, 253477511, 2628776581, 2632088510, 1132038303, 1648764035, 21504659, 1773463094, 4209828682, 2198754225, 3779150029, 3667788001, 1976515156, 2919435681, 3355303338, 821300013, 1785449320, 4006576549, 1797896662, 543505945, 3707472749, 112034173, 1583051545, 1535264510, 1534570261, 1988456517, 2810092032, 913108425, 2848906097, 2762563665, 375243225, 1711722800, 940287085, 3426086479, 56157669, 2214525018, 1634764739, 1971206593, 271654307, 56828631, 3803850025, 1926798826, 2637419879, 3964928840, 2676206029, 4053397692, 1624083838, 3980385776, 148076677, 341575591, 3439084935, 2902400079, 1689625050, 1412693495, 3294210375, 2776041552, 1839493832, 4176829610, 2482933794, 2544633301, 2326970744, 721993872, 374555135, 3637334786, 1276816349, 438607339, 4012642812, 4236275730, 3176313393, 2213804764, 1300527945, 3214717409, 3797139424, 2076805468, 265807471, 1996988545, 3890454883, 616855730, 1503190465, 3949165514, 2110361842, 2191039137, 858817085, 737916105, 3876658612, 3229866136, 1034867680, 3925865366, 3554317963, 4022819105, 348067432, 3593173277, 3855036257, 665667493, 2121515243, 178945601, 590414314, 2621178841, 2034706806, 2318899588, 585558520, 3271049211, 3796686686, 500938081, 8963989, 391125282, 999646477, 2692483240, 1364144919, 1794040180, 2824888726, 3919095972, 2406087389, 513230784, 1828703970, 1227657926, 1590837909, 1692060022, 3925576571, 80977910, 3701360636, 2676820539, 3423947817, 185165172, 2129285708, 2251296467, 1537186958, 206251854, 78162374, 2860614452, 1024963478, 1831805865, 3436937842, 1748264888, 255930218, 287489583, 3901268763, 3512523240, 1516948551, 1926692851, 4029018207, 2987359799, 3390446013, 2399924977, 1475111816, 191488682, 1262484296, 2437759906, 349059228, 139347591, 2209414696, 614485386, 1106520211, 22534781, 243698944, 3338403728, 1930178512, 1059068104, 2605698776, 1874486391, 1760661076, 3007801781, 1325955410, 733164836, 317991551, 266974685, 707821413, 4012044065, 3170778369, 3770648088, 1608122457, 2538353289, 2013815480, 968008560, 279785517, 1440161073, 583289584, 696505923, 2865144413, 2736865682, 214717473, 2956306510, 2089756735, 407801766, 3930888675, 3094277412, 1586365728, 385112201, 3605200733, 3393048850, 2205569597, 2770792861, 4177021128, 2308751712, 3896102976, 497511460, 875176660, 1539693778, 2391461963, 171239207, 3002849924, 865629664, 2621345045, 3118228335, 2025356212, 1695106405, 4141658163, 2386539092, 1123186073, 4193294280, 756044971, 2964939785, 948053549, 2315292325, 2231787890, 2237503363, 1766527581, 3593836654, 3755015072, 1742599469, 3848206295, 1685513394, 3284127993, 2932472631, 3403219587, 2981817613, 3759712307, 357356952, 1518613599, 2848042154, 3375111704, 3983444184, 1648943047, 3695899982, 1457568826, 3836031719, 386829630, 195093301, 3549168987, 1444842895, 483239486, 25378956, 1920941698, 3049627948, 3031528114, 3813033064, 887749309, 2343860217, 1619131601, 765170910, 676149279, 702094081, 1137031332, 4096540618, 2138465937, 357264475, 2572132003, 3252740338, 2029822077, 827441436, 3488720485, 1762503109, 2352042874, 694937746, 2720277886, 2786481965, 1659325582, 2346099687, 4066389693, 1201652489, 3236262567, 4009510246, 1427685549, 3351986452, 3601578433, 2295658837, 3754783875, 770946589, 2315773562, 4231592964, 410824537, 271963625, 2348683660, 227370947, 2611176223, 3884622208, 2692656558, 2277029943, 331842561, 3894915262, 534583225, 3894037683, 1344245578, 3296528053, 130034128, 355793552, 2419138530, 479378528, 93581935, 4183079464, 3583097879, 2732380027, 2983625045, 889022312, 2987873237, 159528355, 1506254349, 1803387281, 408731855, 3534098433, 2240116527, 4191454973, 4269578, 1214054130, 26962309, 3561618815, 534655806, 249150118, 160746330, 191198313, 2709436481, 3195962978, 2896444963, 1287766789, 276200056, 3404281890, 3782464509, 1326443770, 2917498603, 4009278, 692815012, 3595645747, 3028282697, 1520436248, 1030485880, 1486444884, 3113515621, 3948579581, 3137131256, 2794466667, 665173085, 1898622661, 948861371, 372480529, 1986272058, 4258519824, 1103304581, 2302976157, 1340810531, 4039017879, 41457039, 173684168, 1483099845, 3623913217, 729963752, 547476249, 2889732517, 1953300999, 624986507, 3758833340, 550901092, 129941679, 3160431544, 4093069314, 1109052960, 1614299714, 3381787662, 1980420178, 214635254, 3459479697, 4245818779, 743376010, 1342931186, 1492960748, 1361286001, 3278993156, 1685806377, 309406583, 272237028, 215971691, 4018500658, 2776580133, 3617586708, 872105090, 1275872869, 3120470503, 982135444, 751161377, 3370663539, 100616240, 692549716, 2983682692, 924568417, 3987557923, 1848483908, 811001918, 3876753341, 1455094187, 3286903124, 3539035136, 2332134836, 688936789, 1868817394, 3580340691, 2887982887, 3946430715, 1520563696, 2918397401, 245040489, 2602478571, 1327216515, 3310167476, 2989221581, 1707124199, 1735859434, 2688337396, 1679702310, 3672707475, 2958289579, 101563940, 1537624066, 4042612032, 1503145076, 1116298866, 2044527414, 791170984, 646810918, 926285302, 3441383836, 2129926904, 2497546062, 2636239270, 1596959550, 242800523, 254727714, 172659835, 1847368343, 3358273530, 3712686209, 2826251104, 3550650715, 3639428094, 2692613460, 1243724179, 3283542210, 3120150234, 539015443, 2308965770, 954460866, 997052875, 2672559387, 126615221, 4125942734, 3996570192, 1137030672, 3554202223, 1396940519, 2002075540, 1327632699, 378574005, 388618156, 1723980537, 1059971877, 3568892890, 2474672540, 1305721118, 2619425656, 4273210763, 3285713535, 90366979, 545220053, 3582114828, 1799402846, 4009302660, 1020146477, 3462796297, 1113287905, 2206700333, 1228972262, 1851693247, 3520404248, 3576935548, 2837370695, 4120605524, 74681344, 418273485, 4228784320, 882134123, 1369018104, 3526165108, 1426308772, 2035598454, 466168452, 4285066376, 3065521634, 2725076724, 663434188, 3534795709, 1030639073, 809946715, 29807655, 1980103071, 181776266, 240957152, 1593637026, 541717068, 231965742, 2086883661, 136363824, 3340867844, 820970471, 121025951, 2022282306, 1889704186, 705290164, 1985757629, 2337374192, 3830667515, 3627584933, 2395930482, 3755474067, 1), None)
Loaded weights: 0.0, 0.0, 0.0, 0.0, 0.0
events: 
  ----
(3, (928379980, 1880781631, 805088865, 1047844737, 3545196192, 1627041516, 216880810, 2067094683, 3339663645, 3622681894, 2191332647, 614014591, 1774850004, 3035118203, 2940708359, 926549149, 2395652929, 3244470701, 2682386491, 404253846, 778361191, 518948695, 670601723, 3211954223, 3624164142, 383658074, 1459676577, 4269267433, 3745956105, 1163800169, 2827781158, 2424170507, 2543822648, 3526761810, 291984812, 4031554474, 1809835788, 1705474216, 791493393, 340300240, 2339133154, 262837264, 4027246577, 2436708412, 1040816784, 2101225386, 714423300, 2732598841, 2786116650, 1336663726, 1440358376, 1921483960, 1458712272, 4032804379, 754755914, 2965113671, 240742277, 475463683, 2583796226, 2779089775, 2887941152, 3268755206, 470334897, 1088243007, 1068071216, 1268610306, 477967298, 2688937319, 2702827125, 4196891397, 3135418368, 977454180, 756810927, 3161271102, 2895689430, 3336683991, 421964021, 2197961803, 1174653529, 3498409387, 724544637, 513918058, 2895169957, 2603493256, 888492795, 1509542592, 1716877993, 80361345, 2846602335, 703353397, 3116019083, 3397911655, 938228755, 1966671276, 3496723266, 3838025138, 488276328, 791065571, 1188317968, 4258493722, 106489841, 1630132077, 2514952014, 2513883187, 253477511, 2628776581, 2632088510, 1132038303, 1648764035, 21504659, 1773463094, 4209828682, 2198754225, 3779150029, 3667788001, 1976515156, 2919435681, 3355303338, 821300013, 1785449320, 4006576549, 1797896662, 543505945, 3707472749, 112034173, 1583051545, 1535264510, 1534570261, 1988456517, 2810092032, 913108425, 2848906097, 2762563665, 375243225, 1711722800, 940287085, 3426086479, 56157669, 2214525018, 1634764739, 1971206593, 271654307, 56828631, 3803850025, 1926798826, 2637419879, 3964928840, 2676206029, 4053397692, 1624083838, 3980385776, 148076677, 341575591, 3439084935, 2902400079, 1689625050, 1412693495, 3294210375, 2776041552, 1839493832, 4176829610, 2482933794, 2544633301, 2326970744, 721993872, 374555135, 3637334786, 1276816349, 438607339, 4012642812, 4236275730, 3176313393, 2213804764, 1300527945, 3214717409, 3797139424, 2076805468, 265807471, 1996988545, 3890454883, 616855730, 1503190465, 3949165514, 2110361842, 2191039137, 858817085, 737916105, 3876658612, 3229866136, 1034867680, 3925865366, 3554317963, 4022819105, 348067432, 3593173277, 3855036257, 665667493, 2121515243, 178945601, 590414314, 2621178841, 2034706806, 2318899588, 585558520, 3271049211, 3796686686, 500938081, 8963989, 391125282, 999646477, 2692483240, 1364144919, 1794040180, 2824888726, 3919095972, 2406087389, 513230784, 1828703970, 1227657926, 1590837909, 1692060022, 3925576571, 80977910, 3701360636, 2676820539, 3423947817, 185165172, 2129285708, 2251296467, 1537186958, 206251854, 78162374, 2860614452, 1024963478, 1831805865, 3436937842, 1748264888, 255930218, 287489583, 3901268763, 3512523240, 1516948551, 1926692851, 4029018207, 2987359799, 3390446013, 2399924977, 1475111816, 191488682, 1262484296, 2437759906, 349059228, 139347591, 2209414696, 614485386, 1106520211, 22534781, 243698944, 3338403728, 1930178512, 1059068104, 2605698776, 1874486391, 1760661076, 3007801781, 1325955410, 733164836, 317991551, 266974685, 707821413, 4012044065, 3170778369, 3770648088, 1608122457, 2538353289, 2013815480, 968008560, 279785517, 1440161073, 583289584, 696505923, 2865144413, 2736865682, 214717473, 2956306510, 2089756735, 407801766, 3930888675, 3094277412, 1586365728, 385112201, 3605200733, 3393048850, 2205569597, 2770792861, 4177021128, 2308751712, 3896102976, 497511460, 875176660, 1539693778, 2391461963, 171239207, 3002849924, 865629664, 2621345045, 3118228335, 2025356212, 1695106405, 4141658163, 2386539092, 1123186073, 4193294280, 756044971, 2964939785, 948053549, 2315292325, 2231787890, 2237503363, 1766527581, 3593836654, 3755015072, 1742599469, 3848206295, 1685513394, 3284127993, 2932472631, 3403219587, 2981817613, 3759712307, 357356952, 1518613599, 2848042154, 3375111704, 3983444184, 1648943047, 3695899982, 1457568826, 3836031719, 386829630, 195093301, 3549168987, 1444842895, 483239486, 25378956, 1920941698, 3049627948, 3031528114, 3813033064, 887749309, 2343860217, 1619131601, 765170910, 676149279, 702094081, 1137031332, 4096540618, 2138465937, 357264475, 2572132003, 3252740338, 2029822077, 827441436, 3488720485, 1762503109, 2352042874, 694937746, 2720277886, 2786481965, 1659325582, 2346099687, 4066389693, 1201652489, 3236262567, 4009510246, 1427685549, 3351986452, 3601578433, 2295658837, 3754783875, 770946589, 2315773562, 4231592964, 410824537, 271963625, 2348683660, 227370947, 2611176223, 3884622208, 2692656558, 2277029943, 331842561, 3894915262, 534583225, 3894037683, 1344245578, 3296528053, 130034128, 355793552, 2419138530, 479378528, 93581935, 4183079464, 3583097879, 2732380027, 2983625045, 889022312, 2987873237, 159528355, 1506254349, 1803387281, 408731855, 3534098433, 2240116527, 4191454973, 4269578, 1214054130, 26962309, 3561618815, 534655806, 249150118, 160746330, 191198313, 2709436481, 3195962978, 2896444963, 1287766789, 276200056, 3404281890, 3782464509, 1326443770, 2917498603, 4009278, 692815012, 3595645747, 3028282697, 1520436248, 1030485880, 1486444884, 3113515621, 3948579581, 3137131256, 2794466667, 665173085, 1898622661, 948861371, 372480529, 1986272058, 4258519824, 1103304581, 2302976157, 1340810531, 4039017879, 41457039, 173684168, 1483099845, 3623913217, 729963752, 547476249, 2889732517, 1953300999, 624986507, 3758833340, 550901092, 129941679, 3160431544, 4093069314, 1109052960, 1614299714, 3381787662, 1980420178, 214635254, 3459479697, 4245818779, 743376010, 1342931186, 1492960748, 1361286001, 3278993156, 1685806377, 309406583, 272237028, 215971691, 4018500658, 2776580133, 3617586708, 872105090, 1275872869, 3120470503, 982135444, 751161377, 3370663539, 100616240, 692549716, 2983682692, 924568417, 3987557923, 1848483908, 811001918, 3876753341, 1455094187, 3286903124, 3539035136, 2332134836, 688936789, 1868817394, 3580340691, 2887982887, 3946430715, 1520563696, 2918397401, 245040489, 2602478571, 1327216515, 3310167476, 2989221581, 1707124199, 1735859434, 2688337396, 1679702310, 3672707475, 2958289579, 101563940, 1537624066, 4042612032, 1503145076, 1116298866, 2044527414, 791170984, 646810918, 926285302, 3441383836, 2129926904, 2497546062, 2636239270, 1596959550, 242800523, 254727714, 172659835, 1847368343, 3358273530, 3712686209, 2826251104, 3550650715, 3639428094, 2692613460, 1243724179, 3283542210, 3120150234, 539015443, 2308965770, 954460866, 997052875, 2672559387, 126615221, 4125942734, 3996570192, 1137030672, 3554202223, 1396940519, 2002075540, 1327632699, 378574005, 388618156, 1723980537, 1059971877, 3568892890, 2474672540, 1305721118, 2619425656, 4273210763, 3285713535, 90366979, 545220053, 3582114828, 1799402846, 4009302660, 1020146477, 3462796297, 1113287905, 2206700333, 1228972262, 1851693247, 3520404248, 3576935548, 2837370695, 4120605524, 74681344, 418273485, 4228784320, 882134123, 1369018104, 3526165108, 1426308772, 2035598454, 466168452, 4285066376, 3065521634, 2725076724, 663434188, 3534795709, 1030639073, 809946715, 29807655, 1980103071, 181776266, 240957152, 1593637026, 541717068, 231965742, 2086883661, 136363824, 3340867844, 820970471, 121025951, 2022282306, 1889704186, 705290164, 1985757629, 2337374192, 3830667515, 3627584933, 2395930482, 3755474067, 212), None)
Loaded weights: 0.06225895372399898, -0.41150125359971024, 0.0, 0.0, -2.5
events: 
  ----
(3, (2039140412, 1843125237, 1240320965, 2666822151, 3929959930, 1301363214, 3594177293, 219317579, 2979740392, 377896078, 1879430652, 1245228375, 3698496475, 831232695, 707271547, 783962908, 2428191064, 2154124323, 1121563367, 1309342022, 3496872533, 2561610525, 2737481640, 2591678320, 3732567210, 915126562, 1044117593, 181457754, 4166730937, 78817602, 1911035834, 3108747331, 3882291145, 2935674231, 3887685885, 811629997, 3357903899, 3130389171, 3397493310, 2056366727, 1772720611, 1596888522, 2478328398, 4199999777, 3314898067, 4132383175, 3657436288, 1635556125, 1539732105, 3483245360, 1052458331, 2314859957, 4166787246, 1359876060, 1758247887, 1483545167, 896756411, 1197261851, 3759594040, 1902376197, 1506401480, 1853680489, 3702149694, 851779707, 3868729802, 2878966412, 2546398469, 3503031146, 2225978260, 686830364, 2125556573, 2493220862, 2646744769, 3327930289, 2415320913, 1711384514, 3139642697, 3856779099, 1395483003, 311326962, 1394808658, 2817046771, 1314252570, 3108741580, 1463559443, 1765554793, 2733583911, 2653392410, 4170389687, 4242581383, 190434952, 1465311012, 4260468814, 4072407774, 613018301, 3486625004, 4108144820, 1375594868, 3671640600, 4107311074, 1816559700, 4029517359, 1917714565, 2460702109, 3564021355, 3247733158, 3300331193, 3385533264, 1986393051, 3412355783, 2767076910, 3753313600, 3621786467, 2473441864, 3301209383, 3247526655, 4290226697, 1652147821, 3468548780, 3295038699, 3874306163, 1112517073, 50956929, 159741714, 2212269507, 855457493, 2801285983, 4183593863, 958127024, 3966453346, 1022977994, 3649411468, 3727660257, 961366442, 3879527006, 1656846319, 3241767081, 1933875827, 1893794878, 2769104092, 1928243608, 1767191724, 3355096969, 944274641, 3870078206, 1360795772, 1034360775, 328842494, 2716320044, 713756191, 2170934340, 3235519820, 1092525070, 477583569, 611312826, 1688792072, 144745616, 3198097447, 3438057334, 1946595873, 3338444451, 1302405117, 647838609, 984336010, 2330525507, 2834400188, 3644042922, 87309920, 479533162, 1701378643, 1048122366, 4105526042, 1632036943, 1856227329, 26771252, 3059752602, 3693950301, 3418530828, 1001667013, 1369668469, 1577542237, 1747917091, 3765235714, 3401303082, 414738104, 1407363457, 3188437720, 2677387544, 884662983, 376811229, 2065182693, 15846312, 3810442492, 2400960235, 3976132369, 1294766855, 578093953, 41283289, 1732486788, 1420394714, 3687114967, 4082714402, 1578985700, 569967176, 3573640299, 1827711370, 4067387882, 722157279, 4116387616, 2211158102, 627846346, 1407720923, 1083885344, 835058117, 2883175670, 3862844896, 2036930501, 3636057915, 1163994424, 2260997095, 3906305574, 4027043538, 1429868114, 3749189897, 2510746275, 3315637740, 2128555688, 2945857957, 2920509028, 2758580570, 1542956168, 1911974452, 1408461440, 2420724105, 3566598996, 2880528110, 2394691467, 4097348868, 3325788784, 705695680, 1158216823, 110830636, 518084418, 1211997723, 2473277877, 3127419203, 615520978, 3258373312, 2460512093, 2085118299, 3916140811, 1472260968, 787596952, 1107199341, 1369243500, 430848983, 761575964, 2288468471, 731195873, 1464194613, 3318725845, 1268546175, 2304281869, 2451485445, 1445084411, 953808006, 2375475010, 3757903629, 1490290320, 474987619, 2081245144, 367672399, 62919898, 2386682001, 2665170335, 121904537, 3075224001, 1529295113, 4198304745, 2794223432, 1231504829, 1274088769, 2859566088, 3338736562, 1842735907, 1826622420, 1974383841, 638401990, 4129655984, 452672358, 1869627586, 1054509098, 896024134, 612403942, 3106079471, 4271196693, 3347467601, 1451010327, 3630334227, 1860506113, 2526833077, 2737120791, 1385941175, 242802722, 2975368490, 3697967856, 2123750077, 3785160855, 2708632595, 2531468306, 2643196812, 1197228754, 1590944089, 345564228, 2997728592, 4194412318, 1441869821, 1043529634, 2999210017, 3102448442, 1065812902, 185839560, 2142179217, 3559228146, 3670103204, 727952309, 3138445353, 1907482743, 3867820891, 363936808, 3491885464, 3401742263, 1922559386, 3321922323, 2090998524, 3030500637, 871100773, 258606072, 1435402296, 1542160308, 523369134, 762553945, 3273000626, 191288787, 2564976218, 294963835, 635092657, 3331465564, 904192342, 2727706595, 846122552, 4103263185, 4076671583, 1667453451, 520830110, 1051007293, 2647597962, 1420984373, 2163981853, 3043604077, 3160960201, 2277492005, 2241596978, 1286389328, 3669835270, 2204070967, 3480894512, 1657436329, 996900584, 768572379, 1258189028, 2897173546, 2484886785, 145930619, 919604981, 1180179595, 1287833382, 2997255557, 3743177046, 3277469808, 3420203639, 607612194, 222779318, 18481686, 284990871, 651133126, 4090323635, 3359097098, 2378780534, 449845100, 507377692, 2283205480, 1462531678, 2234710293, 486181405, 758855001, 1814262789, 2966819678, 366757839, 604789618, 17773829, 3773600478, 2533860274, 3787638269, 1892523907, 145581140, 2193032956, 232894891, 1383221612, 1524520888, 201116816, 1093237681, 2955445504, 4001920134, 2431380685, 1933624553, 1393935438, 2551256524, 1399676591, 3962148152, 3088736061, 3554723391, 3351842227, 2110241962, 1314984816, 576830575, 2607647448, 105232592, 3676119532, 944483795, 228011185, 2894215916, 1187879897, 861676097, 1093265964, 2175050317, 2814868470, 3538942479, 2156300073, 2478271503, 1985537402, 1492492789, 3916365122, 867476143, 390955412, 3208024103, 1698491153, 745479660, 3424652043, 1701927900, 514087223, 3596287870, 3646366677, 3275272054, 2986065576, 1649777493, 3943396409, 928593026, 4285755423, 3683859949, 2309919399, 2767022973, 2041149904, 4126839191, 1212646289, 843409459, 3345898347, 2025519793, 3509679533, 3229164806, 3454745253, 2450319627, 3116380320, 928614314, 2558135685, 258144146, 3994219264, 158340266, 1555475597, 4170674147, 1617127381, 591953635, 2586299169, 543270568, 2388225981, 4205883160, 3472089837, 684076432, 2192497750, 4202804392, 308348013, 3287442478, 976810602, 1812408883, 3665845625, 3496139271, 3289855750, 4153170629, 3996165207, 3147348516, 1116224572, 3975182907, 152778559, 1804224674, 2746930130, 3935108224, 499901162, 4152882078, 3917562808, 164482152, 1832185699, 3539360082, 3047581608, 3568038578, 1483288805, 470511532, 4182615034, 2876444934, 3268267521, 3620311939, 3147788688, 1367123477, 854329413, 2823227402, 60813994, 4067951252, 1714890678, 360916194, 3317992041, 696995158, 3155496491, 2890537690, 3972004873, 3139073143, 2423429304, 2864670842, 1708913575, 2257970246, 2184492537, 659062082, 105612019, 18477618, 1139381064, 1061507053, 166464909, 3475182171, 773891411, 506567219, 3756318706, 1911051705, 429507541, 1496419804, 2574778707, 2977592592, 120562068, 3213729931, 510735049, 935890795, 595646454, 1716075877, 1709462220, 954918354, 1975904812, 653755067, 610457537, 3503794125, 3112089845, 2041163200, 2985584411, 1631031672, 1133375136, 4181238384, 839730261, 3542599250, 1364478794, 2931178601, 422445391, 3204953597, 2395768114, 1764228065, 1161965352, 3128681471, 1058636584, 2183838803, 1768029457, 2105725726, 3372531304, 2061253572, 477801225, 1312118444, 4019713024, 324622527, 1242768856, 4060100015, 3340760040, 692547281, 3742143773, 2551834355, 315529310, 1765535525, 3534639388, 1487135023, 3168036024, 1548540689, 2987901704, 27982246, 2491747679, 2540136536, 1211465103, 3455314702, 1338203838, 470963526, 3179433550, 1851567261, 1157810498, 2695790690, 1035149886, 2397792415, 1609505561, 2467904736, 2825390872, 120514515, 1921379033, 283515931, 345), None)
Loaded weights: -3.828707086192227, -8.1280605403239, -0.16564436444686387, 0.0, -2.460868719551188
events: 
  ----
(3, (2561532372, 4187838949, 1538075854, 3250513114, 1332099128, 1218570064, 3613704088, 535820328, 821528847, 1022070265, 1743722697, 1646943526, 1326901665, 2366465250, 3139851287, 1658869198, 648632965, 1680589043, 3723631601, 3189196515, 98491606, 476543076, 1726941354, 961968748, 3206223133, 1556097817, 1276594349, 3200424316, 1420407902, 36239178, 1170663714, 3409963973, 2923758314, 78389159, 1475083194, 1725417315, 1063968224, 3937283586, 3905137349, 3105729455, 880155841, 4150098233, 4116830768, 1742154927, 1986043949, 2192555791, 3690879884, 3885982288, 4269351755, 3171477394, 3953193118, 2233468093, 183604629, 3628965595, 3295487300, 1248277202, 4116109182, 2222001115, 2406708146, 1054204727, 1303469529, 4020621433, 1762914609, 454051965, 1083481095, 1295685834, 2370845943, 3504507308, 199675665, 3499898092, 3039427660, 3520328482, 122026175, 1565609600, 3985648987, 3758799022, 2644724305, 1038137147, 769441221, 245533533, 1998903872, 4225890049, 2333229451, 4143447733, 4186902556, 3480362940, 2430549000, 2604491123, 2244062656, 50225882, 3436065901, 1408621779, 1162807925, 1467898565, 532623740, 2041103784, 3019064292, 3653930909, 1199581890, 3829692191, 2849565108, 415487657, 3503328329, 409065708, 3282895183, 578289235, 2170562526, 2788225201, 1056973969, 3411114357, 169613432, 830913799, 2822908018, 2243523908, 1801220493, 3579511857, 1499755289, 1897964531, 1486078371, 818371473, 2263812831, 1626493498, 952304545, 1812048991, 1558127967, 4246958077, 466178477, 3114203302, 2806244297, 187509495, 518786650, 1764174425, 1626330048, 3982246021, 4092232942, 3233434629, 1120318049, 3700162091, 1366548395, 251000592, 3621839284, 3269572282, 812971075, 369288485, 640209017, 2704973989, 3436192383, 868803238, 4054590795, 595251584, 1311227578, 2348016708, 3763185257, 4232045590, 3601657011, 407131637, 2841365753, 2426296276, 435302941, 4207621633, 947764253, 1055093316, 1805524589, 1297152712, 3424794470, 2768062350, 3434321171, 3180904668, 151912545, 1387780433, 697682998, 718720000, 408431176, 2020646251, 1563648622, 3636231339, 2857562404, 3405866735, 1574961547, 794817873, 4204189914, 439809155, 1421843919, 1088813941, 1064694071, 3289960240, 189958, 1985108007, 3786607811, 1325230539, 3076757229, 4128340586, 4243608519, 1982029917, 372299116, 2987510378, 3349382389, 2714498186, 4173451364, 795509687, 1306431188, 2550503937, 571787940, 3227422607, 102397873, 3576748653, 22858379, 184812028, 765724923, 421527043, 2161829540, 4104706781, 3158834061, 3661853407, 807451070, 2299971024, 2902127133, 4249924873, 2623566701, 1441522522, 3295097748, 2870881064, 1660504093, 3406066955, 335395696, 2172963651, 1220885663, 2801783400, 1172034433, 4047519083, 3719562433, 1669978448, 2055725383, 2283355120, 4151968622, 274615579, 2905729628, 4191056088, 2670966434, 1477415839, 302737785, 3089201018, 2225687613, 2734540396, 259010863, 3047500691, 1540994796, 1665211701, 2504853237, 3258316525, 1891243371, 1380015974, 1060552070, 3471853584, 3202279581, 3866596101, 3709035457, 3804725042, 3339480318, 1729327756, 1450400243, 4039612436, 3429536152, 988547799, 726208351, 2298413414, 2210292356, 3735718022, 2822305856, 2000412267, 3624719537, 2525437451, 1239344049, 3879827557, 1738292986, 1829195612, 3978392621, 1118274625, 1718317037, 2667072351, 1561301013, 1889931731, 3718231254, 2703832996, 2272812610, 1521204654, 1411629869, 4166907689, 151167602, 746670384, 864160250, 2279406652, 1726950939, 1326414026, 2836735443, 72198059, 605071069, 3248500908, 129167601, 3655130698, 1211348044, 1357868597, 2424684051, 2783341900, 2818002565, 2075712311, 892390546, 2698144392, 2114965477, 2137025448, 2016161318, 2894566908, 3438622752, 2577284713, 3468812469, 3313915001, 1947086399, 2434121730, 4134208170, 302244966, 66219734, 4227722732, 2606276904, 3997342854, 109642954, 2025653654, 2932443498, 3500654300, 3813693042, 1787132252, 2645531336, 2884651768, 221409472, 1421218612, 1208215767, 1349955432, 618248074, 472058905, 1972668900, 2468821738, 1026998739, 3103765897, 2445354816, 4163739771, 3498368416, 2808082383, 3308232769, 3156096795, 1455479555, 2903481389, 540611984, 4007140251, 3646036239, 2458204485, 1025170476, 2633411176, 124940692, 3630801702, 2494414074, 3435460390, 3221935725, 2789766406, 480592475, 3985647179, 1587034043, 1656776710, 1504359224, 1379551642, 3404526308, 325397169, 3819440747, 2809473830, 3413109043, 1846272948, 4048516700, 2748175079, 3685898921, 8558693, 1429832814, 1458142517, 2817002168, 1893881395, 941624835, 3697844970, 2892441128, 2639996042, 3349031800, 2367454437, 45662319, 3528633176, 992857953, 4213649940, 3926148834, 3926763206, 2006138579, 2640611597, 4021581896, 509680453, 3292766561, 2567787817, 2163969025, 2663593890, 3586231594, 2851783747, 104451670, 1911937597, 128659878, 747769640, 4171057871, 2291837580, 2346347526, 2549983074, 988743242, 1772024285, 1596102803, 2585997900, 38584165, 4200462220, 2289329743, 1214704528, 801738464, 1614467584, 3149445338, 215377432, 685483919, 4205686857, 2453665726, 1831341205, 2089245647, 2312867431, 726892462, 120555347, 489396951, 2292920115, 3906289547, 1068859429, 3866119146, 1308803193, 2287100956, 2312057599, 1694563543, 468606629, 552873869, 3586830535, 1559123535, 2140241339, 754164875, 1606247667, 2788022008, 3739139414, 3172770448, 1732649919, 2203327442, 761293638, 2502155793, 436430518, 1835665890, 3687219461, 1220266987, 2028135178, 1299913071, 1544230306, 4056663351, 2119599948, 2048510705, 2599014381, 2496928726, 3744375153, 3395448317, 846254834, 3368925159, 3902954333, 1591084872, 1596773233, 2069792410, 3406736709, 675854105, 1024644715, 2779513909, 643831163, 1706676488, 3068345588, 3988387085, 1374940171, 2594363919, 3238985820, 3977422032, 919751271, 2816276153, 3927785922, 4117450322, 1099953253, 1774305669, 2860934680, 3945648629, 2336265665, 1440013890, 1435753890, 1051021350, 2878199896, 1704343368, 597191636, 1061377204, 602897217, 2571328865, 3151924310, 2673319143, 3723527395, 3878205499, 2822470511, 1590155038, 2155878576, 3370716100, 3487700667, 3863189522, 3101537307, 4131730415, 2603330351, 1987843327, 984989561, 3286318187, 2832662789, 3981626842, 1870322742, 135475681, 1011160937, 3282707006, 302554048, 3373927315, 3664459839, 764640685, 2717082003, 1719686163, 3723248364, 491501176, 1145003011, 1222384162, 1677028831, 2217017497, 1535229223, 2331747083, 215988955, 3324136800, 3497532899, 1195742918, 3668740639, 763448742, 1755211866, 3144922433, 2870480438, 468873657, 81708674, 3431511371, 896890742, 3306347071, 4199068115, 2265443291, 114126543, 1299382360, 1895639381, 3939135365, 1878280609, 326789240, 34831279, 1783991977, 4001983675, 2588922584, 1538758193, 2437443713, 3471164056, 1211485811, 1804653849, 2363507663, 1361074851, 2303106045, 824563002, 327066769, 472243950, 2563212913, 2417364795, 4134278871, 632986278, 2046175368, 848298910, 4097532467, 3233147010, 3709768735, 897147952, 1668331189, 4183110857, 489005280, 3646442158, 1702884976, 3675338176, 116124428, 23218376, 2898087259, 437255683, 985698697, 2078412898, 3034324163, 1580755612, 1348549824, 3851753439, 2202835028, 391573172, 2458013448, 3995763498, 2956465030, 1879035584, 3779870466, 3300744675, 2119886829, 3562466835, 2615854445, 2310319265, 616064598, 418285536, 4131642813, 2776664707, 3723616926, 3140653922, 1208952546, 3823274146, 482), None)
Loaded weights: -5.241744868682834, -14.736047329597236, -0.16564436444686387, 0.0, -2.4471206642975973
