Starting iterations: 50
(3, (1973103825, 834518471, 76353754, 2513618180, 1717680812, 779870880, 3754536204, 80650544, 315708727, 1728886762, 1380739653, 1342756048, 1678267244, 2283285460, 1415192883, 2664674, 3154947242, 3963096860, 690746323, 3106449575, 542758484, 3775614731, 130520575, 112356653, 3752198413, 3422089314, 673375697, 217541829, 2727823107, 913824772, 125040873, 1283224006, 64586146, 3157200956, 225554385, 1082025354, 3576432775, 1915864175, 3329688196, 281935488, 3464665545, 439932271, 2173328037, 1886584900, 780704724, 2797960093, 2477278375, 2893627457, 948333454, 3050385178, 4290158879, 689581529, 375706864, 1192847721, 3451173353, 3059501509, 4090684966, 2629142433, 2806210252, 3244301898, 1365686304, 2752129315, 3160160045, 1161512993, 3103547654, 377592777, 275649763, 849920649, 2562724676, 666515727, 1747633821, 1675738498, 3054895354, 2415319937, 3494607099, 3342958954, 2621579108, 2864898425, 2907979317, 959350932, 3518828809, 434195593, 3796555570, 2726999785, 574377671, 1769665187, 3092858305, 1940370447, 2724274445, 1563761796, 1960481079, 178551043, 2875288652, 136378142, 2290547485, 2478093320, 2250287077, 4052608708, 2467484538, 1461655583, 1933976753, 863426685, 2328096795, 3437278217, 2566065550, 4056216159, 4215507959, 1333411266, 1384366926, 4024144638, 3863943892, 2461069862, 650284513, 264666256, 2659812516, 231578929, 1129000476, 1587722717, 2464820321, 138727549, 2981576029, 4185825566, 3545874015, 2874189450, 3455772092, 1370925805, 3596324732, 474034987, 363557295, 3706426773, 1384566222, 3649469181, 2653501944, 3708915420, 3693079727, 805727563, 379646885, 2907224146, 3485074871, 3546780812, 1474029414, 434420683, 3707249921, 2577596972, 2179463617, 3984800542, 698468847, 3044403611, 3407392573, 3083716059, 2746322742, 809805436, 4022118542, 2079681791, 3901604427, 2061776595, 1988179628, 3186684221, 20492531, 3680307361, 2185038479, 223544640, 915099106, 3177286289, 3404812790, 1463814642, 419540594, 799697374, 540345635, 889718626, 3951713805, 593594918, 1648173724, 3074042529, 901280035, 1508296052, 3524351958, 2953445182, 4217835892, 1692581897, 3664081876, 1257456744, 504923563, 867223650, 3258460347, 3159555723, 1572622301, 1261563394, 3036415300, 3760494, 2948650355, 419599066, 2180107016, 1995758055, 1255016315, 3131347304, 601819575, 2068407859, 1601092968, 2316934438, 843956431, 226986330, 1450386108, 2795850986, 369802435, 366922229, 3424793371, 2324155827, 3800922495, 1112012293, 503736021, 142722833, 646463515, 3035153799, 1639118589, 4134768017, 1188791950, 4016655629, 200855143, 3236651543, 1306391525, 4094941531, 3178056785, 2341364997, 2274742766, 4255119895, 1450353868, 186369395, 1994095200, 3827786416, 1860212594, 2550839342, 78817076, 3519744094, 2382075140, 1962218012, 432591622, 2960884718, 1987550819, 202010693, 2928811371, 1701287998, 3140280994, 2622445091, 3613664580, 944050599, 1973217528, 3553201437, 3515216487, 1796749555, 1060953156, 3723869497, 3569068359, 4243319197, 1855645302, 2742271477, 252574993, 4051801653, 2333964146, 3038450645, 241321827, 2119479205, 3675918310, 524704397, 3779974292, 532151514, 2023917771, 2062745810, 1287052659, 1100731980, 818965176, 2040716306, 2800950611, 3877912240, 203221834, 3747373274, 210322843, 4223599430, 962486780, 900827161, 3937515138, 2547080015, 3919627051, 3905635147, 166561562, 1311054474, 3716836927, 194384857, 3938882580, 2853233415, 573452735, 2737358099, 3244629428, 137807585, 2823957870, 3869719186, 1070680746, 1199595071, 580520964, 2489509342, 2379179768, 2526995610, 1935672523, 1066753858, 1618412795, 457349212, 89207071, 2563564648, 3570762557, 2314821915, 1730562, 3616015880, 157857998, 3437805677, 3294388405, 4057299498, 1144968859, 3742819344, 1849485598, 874051026, 3582718893, 978437468, 2841087163, 15235229, 1666893411, 2536454092, 1545949647, 2841599861, 3657861828, 1879962030, 3210399297, 2624605734, 1416575663, 2221822930, 176221413, 2362343427, 732805530, 3164131703, 1688066087, 1382150081, 2687278720, 3305856960, 2211366687, 3443831180, 4201786569, 4126904994, 1697420155, 3384773634, 94123319, 3840595908, 3872913423, 3628516388, 1377162368, 2909705012, 3426381349, 1673717158, 1116008698, 1867868483, 1465666038, 3747756695, 1757724780, 1202938502, 4282206930, 637506555, 3945930526, 1961378158, 3107435407, 1023184597, 687511260, 1616645097, 1496964739, 4049271288, 3943937088, 1001729223, 1421227808, 1836280461, 1844170435, 3854122916, 2994965712, 1660075556, 255686633, 1253459702, 2213622850, 3562199548, 602150759, 2894418175, 2321332791, 3007270808, 3579938643, 4120399135, 709483467, 2928535738, 927386053, 2384334262, 135098344, 2092841040, 616979503, 1754017304, 1404581620, 4247474778, 1057461927, 1248837291, 3099373876, 3845686735, 2784172152, 2163453559, 22824954, 1309251017, 3808858422, 4197747211, 1812392559, 3735394007, 2827046666, 1527424035, 1067304443, 2689103066, 3480632508, 3154297503, 33804762, 973918560, 4094086288, 2256050071, 3429850579, 1800636846, 3817983337, 443952233, 1982224983, 455830946, 2038857438, 1190163390, 1771141514, 1619509938, 1516736194, 722889722, 188188890, 2283884128, 2209995651, 851868653, 2863475428, 3774380328, 665714172, 3323086723, 2302899892, 2517326668, 1661306211, 2915052755, 1959497206, 941678478, 2449721121, 3971913875, 30227564, 3175269673, 2498350224, 3630930627, 970143003, 1798204726, 1759256190, 1227021842, 3475212730, 2127939540, 2242353472, 2690428308, 2459163786, 2564848379, 1398754808, 3333349858, 3867260762, 469792175, 3456038511, 2372378357, 2335238007, 2607604999, 2477355560, 1370959779, 1512015247, 523326410, 1533168884, 3719540121, 3392706478, 3829597063, 3281237026, 1413240878, 2621779952, 2891691929, 3873383608, 1985674864, 69232548, 3814174498, 3385942175, 1386363459, 491156866, 2488251910, 648600693, 2686471867, 1460695015, 1906343394, 3675822406, 2844171786, 324062045, 3436955839, 650163228, 358737203, 175621205, 3243856470, 3529192967, 2919571897, 3278032325, 988865429, 863525533, 2921747943, 642514802, 3154434901, 915348968, 934861206, 6020538, 1565421382, 2350146751, 187162005, 1000076811, 4294868788, 3714807004, 1561766871, 3207326521, 2751430320, 317012472, 1586919934, 2078461575, 779262085, 1275325628, 4038553777, 293379442, 4115683930, 2637622977, 1926589916, 1228445219, 4202388550, 1290262460, 3403206178, 3309930882, 3323011596, 1110321300, 2282474562, 4013164170, 2847414273, 3036411110, 307920152, 1619556358, 1072360147, 3542735241, 3973524563, 2155320666, 2810845885, 3636833655, 1324000773, 1051217608, 1791460584, 3504721396, 3985500339, 3270699142, 15381341, 2151480336, 438377966, 3312902457, 641205889, 4052461452, 2793385776, 1607142529, 1720890045, 3775280982, 2854723904, 1302065729, 2634155049, 4283606016, 2200098963, 3484339832, 4132180642, 607614878, 2435500487, 2504520598, 1963466576, 1284686321, 641570546, 1451265868, 2783548963, 2507570381, 3848753309, 3085286854, 2780151980, 3743224219, 3962025151, 1016775, 1070380943, 3629736276, 1706805951, 2575656083, 2487005827, 3130190392, 572189146, 3773964206, 2242581376, 743426016, 1515629149, 3003069266, 2145335636, 3733354428, 1234056671, 1228993527, 1855733246, 1005084438, 3549003581, 1007217611, 833960046, 3089925803, 1975291687, 3885968635, 1406603359, 1549392859, 604592222, 633373869, 2441216376, 1966569532, 3153914330, 1757129837, 3338893976, 1), None)
Loaded weights: 106.29858192509086, -86.03668219427497, -0.7162900781796975, 0.0, -2.363362335314449
events: me found the exit, 
  ----
(3, (1973103825, 834518471, 76353754, 2513618180, 1717680812, 779870880, 3754536204, 80650544, 315708727, 1728886762, 1380739653, 1342756048, 1678267244, 2283285460, 1415192883, 2664674, 3154947242, 3963096860, 690746323, 3106449575, 542758484, 3775614731, 130520575, 112356653, 3752198413, 3422089314, 673375697, 217541829, 2727823107, 913824772, 125040873, 1283224006, 64586146, 3157200956, 225554385, 1082025354, 3576432775, 1915864175, 3329688196, 281935488, 3464665545, 439932271, 2173328037, 1886584900, 780704724, 2797960093, 2477278375, 2893627457, 948333454, 3050385178, 4290158879, 689581529, 375706864, 1192847721, 3451173353, 3059501509, 4090684966, 2629142433, 2806210252, 3244301898, 1365686304, 2752129315, 3160160045, 1161512993, 3103547654, 377592777, 275649763, 849920649, 2562724676, 666515727, 1747633821, 1675738498, 3054895354, 2415319937, 3494607099, 3342958954, 2621579108, 2864898425, 2907979317, 959350932, 3518828809, 434195593, 3796555570, 2726999785, 574377671, 1769665187, 3092858305, 1940370447, 2724274445, 1563761796, 1960481079, 178551043, 2875288652, 136378142, 2290547485, 2478093320, 2250287077, 4052608708, 2467484538, 1461655583, 1933976753, 863426685, 2328096795, 3437278217, 2566065550, 4056216159, 4215507959, 1333411266, 1384366926, 4024144638, 3863943892, 2461069862, 650284513, 264666256, 2659812516, 231578929, 1129000476, 1587722717, 2464820321, 138727549, 2981576029, 4185825566, 3545874015, 2874189450, 3455772092, 1370925805, 3596324732, 474034987, 363557295, 3706426773, 1384566222, 3649469181, 2653501944, 3708915420, 3693079727, 805727563, 379646885, 2907224146, 3485074871, 3546780812, 1474029414, 434420683, 3707249921, 2577596972, 2179463617, 3984800542, 698468847, 3044403611, 3407392573, 3083716059, 2746322742, 809805436, 4022118542, 2079681791, 3901604427, 2061776595, 1988179628, 3186684221, 20492531, 3680307361, 2185038479, 223544640, 915099106, 3177286289, 3404812790, 1463814642, 419540594, 799697374, 540345635, 889718626, 3951713805, 593594918, 1648173724, 3074042529, 901280035, 1508296052, 3524351958, 2953445182, 4217835892, 1692581897, 3664081876, 1257456744, 504923563, 867223650, 3258460347, 3159555723, 1572622301, 1261563394, 3036415300, 3760494, 2948650355, 419599066, 2180107016, 1995758055, 1255016315, 3131347304, 601819575, 2068407859, 1601092968, 2316934438, 843956431, 226986330, 1450386108, 2795850986, 369802435, 366922229, 3424793371, 2324155827, 3800922495, 1112012293, 503736021, 142722833, 646463515, 3035153799, 1639118589, 4134768017, 1188791950, 4016655629, 200855143, 3236651543, 1306391525, 4094941531, 3178056785, 2341364997, 2274742766, 4255119895, 1450353868, 186369395, 1994095200, 3827786416, 1860212594, 2550839342, 78817076, 3519744094, 2382075140, 1962218012, 432591622, 2960884718, 1987550819, 202010693, 2928811371, 1701287998, 3140280994, 2622445091, 3613664580, 944050599, 1973217528, 3553201437, 3515216487, 1796749555, 1060953156, 3723869497, 3569068359, 4243319197, 1855645302, 2742271477, 252574993, 4051801653, 2333964146, 3038450645, 241321827, 2119479205, 3675918310, 524704397, 3779974292, 532151514, 2023917771, 2062745810, 1287052659, 1100731980, 818965176, 2040716306, 2800950611, 3877912240, 203221834, 3747373274, 210322843, 4223599430, 962486780, 900827161, 3937515138, 2547080015, 3919627051, 3905635147, 166561562, 1311054474, 3716836927, 194384857, 3938882580, 2853233415, 573452735, 2737358099, 3244629428, 137807585, 2823957870, 3869719186, 1070680746, 1199595071, 580520964, 2489509342, 2379179768, 2526995610, 1935672523, 1066753858, 1618412795, 457349212, 89207071, 2563564648, 3570762557, 2314821915, 1730562, 3616015880, 157857998, 3437805677, 3294388405, 4057299498, 1144968859, 3742819344, 1849485598, 874051026, 3582718893, 978437468, 2841087163, 15235229, 1666893411, 2536454092, 1545949647, 2841599861, 3657861828, 1879962030, 3210399297, 2624605734, 1416575663, 2221822930, 176221413, 2362343427, 732805530, 3164131703, 1688066087, 1382150081, 2687278720, 3305856960, 2211366687, 3443831180, 4201786569, 4126904994, 1697420155, 3384773634, 94123319, 3840595908, 3872913423, 3628516388, 1377162368, 2909705012, 3426381349, 1673717158, 1116008698, 1867868483, 1465666038, 3747756695, 1757724780, 1202938502, 4282206930, 637506555, 3945930526, 1961378158, 3107435407, 1023184597, 687511260, 1616645097, 1496964739, 4049271288, 3943937088, 1001729223, 1421227808, 1836280461, 1844170435, 3854122916, 2994965712, 1660075556, 255686633, 1253459702, 2213622850, 3562199548, 602150759, 2894418175, 2321332791, 3007270808, 3579938643, 4120399135, 709483467, 2928535738, 927386053, 2384334262, 135098344, 2092841040, 616979503, 1754017304, 1404581620, 4247474778, 1057461927, 1248837291, 3099373876, 3845686735, 2784172152, 2163453559, 22824954, 1309251017, 3808858422, 4197747211, 1812392559, 3735394007, 2827046666, 1527424035, 1067304443, 2689103066, 3480632508, 3154297503, 33804762, 973918560, 4094086288, 2256050071, 3429850579, 1800636846, 3817983337, 443952233, 1982224983, 455830946, 2038857438, 1190163390, 1771141514, 1619509938, 1516736194, 722889722, 188188890, 2283884128, 2209995651, 851868653, 2863475428, 3774380328, 665714172, 3323086723, 2302899892, 2517326668, 1661306211, 2915052755, 1959497206, 941678478, 2449721121, 3971913875, 30227564, 3175269673, 2498350224, 3630930627, 970143003, 1798204726, 1759256190, 1227021842, 3475212730, 2127939540, 2242353472, 2690428308, 2459163786, 2564848379, 1398754808, 3333349858, 3867260762, 469792175, 3456038511, 2372378357, 2335238007, 2607604999, 2477355560, 1370959779, 1512015247, 523326410, 1533168884, 3719540121, 3392706478, 3829597063, 3281237026, 1413240878, 2621779952, 2891691929, 3873383608, 1985674864, 69232548, 3814174498, 3385942175, 1386363459, 491156866, 2488251910, 648600693, 2686471867, 1460695015, 1906343394, 3675822406, 2844171786, 324062045, 3436955839, 650163228, 358737203, 175621205, 3243856470, 3529192967, 2919571897, 3278032325, 988865429, 863525533, 2921747943, 642514802, 3154434901, 915348968, 934861206, 6020538, 1565421382, 2350146751, 187162005, 1000076811, 4294868788, 3714807004, 1561766871, 3207326521, 2751430320, 317012472, 1586919934, 2078461575, 779262085, 1275325628, 4038553777, 293379442, 4115683930, 2637622977, 1926589916, 1228445219, 4202388550, 1290262460, 3403206178, 3309930882, 3323011596, 1110321300, 2282474562, 4013164170, 2847414273, 3036411110, 307920152, 1619556358, 1072360147, 3542735241, 3973524563, 2155320666, 2810845885, 3636833655, 1324000773, 1051217608, 1791460584, 3504721396, 3985500339, 3270699142, 15381341, 2151480336, 438377966, 3312902457, 641205889, 4052461452, 2793385776, 1607142529, 1720890045, 3775280982, 2854723904, 1302065729, 2634155049, 4283606016, 2200098963, 3484339832, 4132180642, 607614878, 2435500487, 2504520598, 1963466576, 1284686321, 641570546, 1451265868, 2783548963, 2507570381, 3848753309, 3085286854, 2780151980, 3743224219, 3962025151, 1016775, 1070380943, 3629736276, 1706805951, 2575656083, 2487005827, 3130190392, 572189146, 3773964206, 2242581376, 743426016, 1515629149, 3003069266, 2145335636, 3733354428, 1234056671, 1228993527, 1855733246, 1005084438, 3549003581, 1007217611, 833960046, 3089925803, 1975291687, 3885968635, 1406603359, 1549392859, 604592222, 633373869, 2441216376, 1966569532, 3153914330, 1757129837, 3338893976, 391), None)
Loaded weights: 106.38720679165849, -83.2118162009282, -0.7162900781796975, 0.0, 5.0
events: me found the exit, 
  ----
(3, (3915005988, 1375649433, 4156698840, 1278692337, 1565675515, 2539153330, 2808075607, 898826812, 3010852226, 2977088007, 1712193441, 3506616448, 4265123809, 2669890089, 3736191654, 3062307167, 756458413, 4060122317, 634687574, 2673530774, 361747909, 3639127034, 2690471721, 1121811657, 3817140134, 24551396, 4095774483, 1808981559, 1095615083, 3969324796, 1024808257, 2020261391, 1491598240, 3055623869, 1085862007, 3925424734, 3406182674, 671877528, 3225923872, 1039148984, 3872563589, 861976425, 2562849034, 820621334, 1282951826, 1503650872, 1497320371, 1061597348, 3072899934, 2451074470, 4121262525, 2570169689, 1446681848, 3189755975, 2137280788, 3976249219, 255453644, 1785895549, 194929171, 7291502, 3257891420, 134554355, 2235618075, 2581178819, 1913966767, 61629988, 415017824, 1597981786, 209407418, 1268540619, 770747246, 3606443538, 1402225642, 2048781269, 4174128562, 3716709786, 2648633280, 2512202314, 1134958464, 3937694895, 139180802, 4213046327, 739174444, 193274782, 4186542496, 425803215, 1283513665, 1860633825, 415264818, 2806357984, 2131567484, 3697399481, 380781004, 2148382931, 3717590018, 4239408984, 3639000537, 513345114, 2200387890, 2075343809, 691356395, 2402911119, 866329188, 1790522075, 4102761667, 4007571825, 2799979703, 4212840352, 2582177990, 2957328559, 1940429446, 4178685106, 2848287663, 688864544, 1676322066, 388664038, 2179020199, 2418441045, 2154084263, 231164622, 2006486298, 3409943035, 2857774193, 3147171330, 2898611838, 2483432583, 1960269818, 2167943664, 3924493291, 312584288, 2612598052, 51867712, 2654975967, 3866876922, 878435360, 258877388, 1685139957, 3085771815, 2479396352, 654976015, 1596072728, 1916611549, 2327880474, 2614453419, 4274672077, 585912994, 705322003, 1216287655, 3501469482, 827375517, 1741208045, 3841428942, 136653555, 758760608, 1139847435, 3817158177, 3373952580, 3879511662, 3730944103, 150206572, 2871290387, 3652669047, 2270349002, 3846460651, 1904285975, 3388356096, 837628526, 2023331266, 3170610305, 4077294424, 925005742, 3491276312, 682755279, 2387573263, 2985387667, 3596226539, 3676710668, 2988263106, 490062457, 151375476, 4099107827, 54722972, 1825602401, 4102448499, 3776731496, 2706774141, 2154914082, 2399698543, 2776358954, 957179808, 3912534465, 3756389407, 240478355, 3160420517, 580845371, 280909136, 3239561593, 3056744999, 2435873808, 2059188864, 618212727, 3419115248, 2532947445, 4265748830, 3383852664, 233216512, 2744414034, 919108572, 2980412930, 3746263106, 4090785449, 2980368324, 1358277921, 3587776618, 2474921593, 3678488044, 3674249598, 996932375, 3937014155, 2747241206, 2265449516, 3799945818, 1296925477, 922587339, 1547412494, 58916363, 1535518974, 3526884628, 1676480449, 2159180641, 1077024742, 520821857, 3216892829, 3785498581, 1340705586, 3213990913, 2840527856, 2218688591, 1309618301, 1886986635, 3985671734, 3274159095, 1638400657, 1185198351, 925545665, 521856042, 800498119, 3829767209, 879495004, 3217242379, 4113502858, 282168282, 3859536885, 2205023272, 3814961170, 2680392764, 1298099513, 2023485176, 3153037114, 2262722766, 268695984, 1832253316, 1062381511, 4221621080, 1742206965, 1696482714, 9021393, 1501659107, 330128463, 2158611542, 205053471, 3322508516, 705559392, 523320854, 283672777, 1751427404, 2949114885, 2836023619, 451008906, 1667385273, 1828703551, 2461827166, 7188217, 1271867969, 1298143032, 3159614931, 3702324061, 4148965462, 3288720303, 1298103067, 289766293, 312893045, 3737105803, 211140055, 745330963, 1402202351, 4048878347, 1019063660, 3703866621, 359919766, 827496856, 410294024, 3259159099, 888003938, 2551998052, 3624288208, 3872523931, 4213819971, 652868709, 1812192301, 541139098, 3174944199, 2786979110, 3081133508, 369998324, 3822562208, 2295262696, 135485427, 3329076304, 2776565957, 3710212733, 1345755776, 634172361, 1883467319, 353279420, 1950177546, 4128515236, 1144391561, 4148132696, 3037132187, 612439496, 129237323, 3974731928, 2058127898, 1685399422, 3426628619, 922851531, 2565785162, 1227484045, 3117622511, 1267372736, 3137697346, 1904792096, 1708167964, 3940266500, 1811566277, 689474767, 2891851614, 4182438425, 1077239977, 3618989072, 3318719550, 2192663837, 2344800311, 4040770339, 3366550422, 3154357278, 2954310111, 3048136148, 3932018665, 3315755705, 197491017, 3298385646, 1374174842, 3449357456, 375127832, 3766277050, 1264543862, 3676020470, 1062534276, 2742556759, 2336459757, 3862852638, 5326723, 3889043006, 2135521428, 59514959, 1049198469, 2509165276, 2528322008, 140699611, 1107831594, 2309774047, 31511848, 1752612558, 38231459, 1366056864, 1486625125, 980670503, 1266588656, 4060258486, 3005926698, 3472437467, 1978369434, 1187416554, 932196937, 3342894164, 519990484, 4002221877, 3996745539, 846206341, 2913943049, 1036975571, 2313136944, 1802248486, 1570496900, 3070866511, 3318752104, 3880907846, 2212216457, 1121722055, 3042770669, 1440479923, 112669440, 2670478338, 3267427956, 4261721648, 2822070572, 3269696687, 878055131, 1716833201, 3718373645, 1696043399, 1775738642, 1644272844, 858513892, 1999178833, 404361752, 3904091951, 2721122608, 3456223239, 3833772313, 409841661, 2786044735, 853073132, 1769022236, 522255723, 3867343835, 3252220752, 52646879, 1876472692, 3609589027, 2420435018, 864742160, 3028508065, 2429540208, 3215981873, 385963875, 220819148, 229317907, 2975089280, 374293062, 4139746229, 2657551020, 3886074767, 1468203262, 2753762408, 1738789691, 1617035147, 3178114877, 2978760991, 111175031, 1793659299, 3235947788, 2808737982, 1028647888, 2809244547, 1382501854, 480037970, 3174613493, 2451206995, 2130578901, 4006200100, 2612122591, 3957142988, 433922342, 135421720, 2419284317, 4227381958, 2277638628, 3916681279, 3980470250, 1357309743, 1043398501, 62296512, 3120542952, 3077947231, 3991140640, 2641123962, 837917958, 4052158555, 2911578384, 3959869976, 4060684541, 1632715026, 1042354412, 3563750227, 3700951918, 2037129316, 2037227886, 2357820496, 2363216444, 1221066855, 1608697817, 1728080192, 3797422007, 2803009196, 3964358830, 480713330, 1397248320, 3435525940, 371694028, 2811201816, 3699447168, 3656058869, 1527210287, 2445550862, 2508206159, 760832495, 2953449445, 4212545763, 2867960912, 40654775, 3089524727, 334926227, 2017284961, 2604796939, 391344070, 3106381711, 2331810946, 239464527, 1334813147, 2708244798, 1531379029, 3323225184, 1083840443, 1232059196, 1122362459, 3728039105, 3339385196, 3013852133, 1637333681, 771954559, 3534952347, 1094609279, 4129919059, 595774835, 1840842342, 3210067062, 1710717284, 3129922486, 3764714456, 2319497943, 3913286592, 1901446653, 3746405794, 1523101981, 1173905803, 3737774138, 3975669392, 935068909, 3754354493, 103450516, 264522509, 3419476434, 3217349906, 328387950, 2064222571, 3994461922, 2387450847, 4065927639, 2507333636, 3009647187, 1322249203, 3614977551, 2874231254, 3517494421, 2635505115, 3209407382, 1039185210, 2564561742, 3684238469, 1129644120, 1873814183, 1538009422, 3999007543, 3095869375, 858018475, 3839759305, 496381906, 3607549282, 3786781754, 4253985432, 1974915372, 2554954216, 2253581290, 1851361385, 2466322304, 3382051373, 2954467310, 3027411570, 4273049495, 10937406, 751770513, 3276199349, 673586168, 2717728551, 362203216, 4072940651, 1319149541, 423250207, 3983035716, 3784420079, 4222318850, 2826903957, 2371323157, 1501181919, 2045399615, 3152792982, 3026357445, 1746268535, 2878598915, 336695045, 3018695750, 105), None)
Loaded weights: 102.81167936602218, -79.50316981965852, -0.7162900781796975, 0.0, 5.0
events: me was killed by aggressive, 
  ----
(3, (3915005988, 1375649433, 4156698840, 1278692337, 1565675515, 2539153330, 2808075607, 898826812, 3010852226, 2977088007, 1712193441, 3506616448, 4265123809, 2669890089, 3736191654, 3062307167, 756458413, 4060122317, 634687574, 2673530774, 361747909, 3639127034, 2690471721, 1121811657, 3817140134, 24551396, 4095774483, 1808981559, 1095615083, 3969324796, 1024808257, 2020261391, 1491598240, 3055623869, 1085862007, 3925424734, 3406182674, 671877528, 3225923872, 1039148984, 3872563589, 861976425, 2562849034, 820621334, 1282951826, 1503650872, 1497320371, 1061597348, 3072899934, 2451074470, 4121262525, 2570169689, 1446681848, 3189755975, 2137280788, 3976249219, 255453644, 1785895549, 194929171, 7291502, 3257891420, 134554355, 2235618075, 2581178819, 1913966767, 61629988, 415017824, 1597981786, 209407418, 1268540619, 770747246, 3606443538, 1402225642, 2048781269, 4174128562, 3716709786, 2648633280, 2512202314, 1134958464, 3937694895, 139180802, 4213046327, 739174444, 193274782, 4186542496, 425803215, 1283513665, 1860633825, 415264818, 2806357984, 2131567484, 3697399481, 380781004, 2148382931, 3717590018, 4239408984, 3639000537, 513345114, 2200387890, 2075343809, 691356395, 2402911119, 866329188, 1790522075, 4102761667, 4007571825, 2799979703, 4212840352, 2582177990, 2957328559, 1940429446, 4178685106, 2848287663, 688864544, 1676322066, 388664038, 2179020199, 2418441045, 2154084263, 231164622, 2006486298, 3409943035, 2857774193, 3147171330, 2898611838, 2483432583, 1960269818, 2167943664, 3924493291, 312584288, 2612598052, 51867712, 2654975967, 3866876922, 878435360, 258877388, 1685139957, 3085771815, 2479396352, 654976015, 1596072728, 1916611549, 2327880474, 2614453419, 4274672077, 585912994, 705322003, 1216287655, 3501469482, 827375517, 1741208045, 3841428942, 136653555, 758760608, 1139847435, 3817158177, 3373952580, 3879511662, 3730944103, 150206572, 2871290387, 3652669047, 2270349002, 3846460651, 1904285975, 3388356096, 837628526, 2023331266, 3170610305, 4077294424, 925005742, 3491276312, 682755279, 2387573263, 2985387667, 3596226539, 3676710668, 2988263106, 490062457, 151375476, 4099107827, 54722972, 1825602401, 4102448499, 3776731496, 2706774141, 2154914082, 2399698543, 2776358954, 957179808, 3912534465, 3756389407, 240478355, 3160420517, 580845371, 280909136, 3239561593, 3056744999, 2435873808, 2059188864, 618212727, 3419115248, 2532947445, 4265748830, 3383852664, 233216512, 2744414034, 919108572, 2980412930, 3746263106, 4090785449, 2980368324, 1358277921, 3587776618, 2474921593, 3678488044, 3674249598, 996932375, 3937014155, 2747241206, 2265449516, 3799945818, 1296925477, 922587339, 1547412494, 58916363, 1535518974, 3526884628, 1676480449, 2159180641, 1077024742, 520821857, 3216892829, 3785498581, 1340705586, 3213990913, 2840527856, 2218688591, 1309618301, 1886986635, 3985671734, 3274159095, 1638400657, 1185198351, 925545665, 521856042, 800498119, 3829767209, 879495004, 3217242379, 4113502858, 282168282, 3859536885, 2205023272, 3814961170, 2680392764, 1298099513, 2023485176, 3153037114, 2262722766, 268695984, 1832253316, 1062381511, 4221621080, 1742206965, 1696482714, 9021393, 1501659107, 330128463, 2158611542, 205053471, 3322508516, 705559392, 523320854, 283672777, 1751427404, 2949114885, 2836023619, 451008906, 1667385273, 1828703551, 2461827166, 7188217, 1271867969, 1298143032, 3159614931, 3702324061, 4148965462, 3288720303, 1298103067, 289766293, 312893045, 3737105803, 211140055, 745330963, 1402202351, 4048878347, 1019063660, 3703866621, 359919766, 827496856, 410294024, 3259159099, 888003938, 2551998052, 3624288208, 3872523931, 4213819971, 652868709, 1812192301, 541139098, 3174944199, 2786979110, 3081133508, 369998324, 3822562208, 2295262696, 135485427, 3329076304, 2776565957, 3710212733, 1345755776, 634172361, 1883467319, 353279420, 1950177546, 4128515236, 1144391561, 4148132696, 3037132187, 612439496, 129237323, 3974731928, 2058127898, 1685399422, 3426628619, 922851531, 2565785162, 1227484045, 3117622511, 1267372736, 3137697346, 1904792096, 1708167964, 3940266500, 1811566277, 689474767, 2891851614, 4182438425, 1077239977, 3618989072, 3318719550, 2192663837, 2344800311, 4040770339, 3366550422, 3154357278, 2954310111, 3048136148, 3932018665, 3315755705, 197491017, 3298385646, 1374174842, 3449357456, 375127832, 3766277050, 1264543862, 3676020470, 1062534276, 2742556759, 2336459757, 3862852638, 5326723, 3889043006, 2135521428, 59514959, 1049198469, 2509165276, 2528322008, 140699611, 1107831594, 2309774047, 31511848, 1752612558, 38231459, 1366056864, 1486625125, 980670503, 1266588656, 4060258486, 3005926698, 3472437467, 1978369434, 1187416554, 932196937, 3342894164, 519990484, 4002221877, 3996745539, 846206341, 2913943049, 1036975571, 2313136944, 1802248486, 1570496900, 3070866511, 3318752104, 3880907846, 2212216457, 1121722055, 3042770669, 1440479923, 112669440, 2670478338, 3267427956, 4261721648, 2822070572, 3269696687, 878055131, 1716833201, 3718373645, 1696043399, 1775738642, 1644272844, 858513892, 1999178833, 404361752, 3904091951, 2721122608, 3456223239, 3833772313, 409841661, 2786044735, 853073132, 1769022236, 522255723, 3867343835, 3252220752, 52646879, 1876472692, 3609589027, 2420435018, 864742160, 3028508065, 2429540208, 3215981873, 385963875, 220819148, 229317907, 2975089280, 374293062, 4139746229, 2657551020, 3886074767, 1468203262, 2753762408, 1738789691, 1617035147, 3178114877, 2978760991, 111175031, 1793659299, 3235947788, 2808737982, 1028647888, 2809244547, 1382501854, 480037970, 3174613493, 2451206995, 2130578901, 4006200100, 2612122591, 3957142988, 433922342, 135421720, 2419284317, 4227381958, 2277638628, 3916681279, 3980470250, 1357309743, 1043398501, 62296512, 3120542952, 3077947231, 3991140640, 2641123962, 837917958, 4052158555, 2911578384, 3959869976, 4060684541, 1632715026, 1042354412, 3563750227, 3700951918, 2037129316, 2037227886, 2357820496, 2363216444, 1221066855, 1608697817, 1728080192, 3797422007, 2803009196, 3964358830, 480713330, 1397248320, 3435525940, 371694028, 2811201816, 3699447168, 3656058869, 1527210287, 2445550862, 2508206159, 760832495, 2953449445, 4212545763, 2867960912, 40654775, 3089524727, 334926227, 2017284961, 2604796939, 391344070, 3106381711, 2331810946, 239464527, 1334813147, 2708244798, 1531379029, 3323225184, 1083840443, 1232059196, 1122362459, 3728039105, 3339385196, 3013852133, 1637333681, 771954559, 3534952347, 1094609279, 4129919059, 595774835, 1840842342, 3210067062, 1710717284, 3129922486, 3764714456, 2319497943, 3913286592, 1901446653, 3746405794, 1523101981, 1173905803, 3737774138, 3975669392, 935068909, 3754354493, 103450516, 264522509, 3419476434, 3217349906, 328387950, 2064222571, 3994461922, 2387450847, 4065927639, 2507333636, 3009647187, 1322249203, 3614977551, 2874231254, 3517494421, 2635505115, 3209407382, 1039185210, 2564561742, 3684238469, 1129644120, 1873814183, 1538009422, 3999007543, 3095869375, 858018475, 3839759305, 496381906, 3607549282, 3786781754, 4253985432, 1974915372, 2554954216, 2253581290, 1851361385, 2466322304, 3382051373, 2954467310, 3027411570, 4273049495, 10937406, 751770513, 3276199349, 673586168, 2717728551, 362203216, 4072940651, 1319149541, 423250207, 3983035716, 3784420079, 4222318850, 2826903957, 2371323157, 1501181919, 2045399615, 3152792982, 3026357445, 1746268535, 2878598915, 336695045, 3018695750, 531), None)
Loaded weights: 61.8904703603697, -94.85134272368087, -0.7162900781796975, 0.0, -5.0
events: 
  ----
(3, (3236943595, 2907052551, 608194920, 3015741701, 3122389889, 799902432, 2587189006, 3739260232, 1866555780, 1351897352, 582493290, 2408972835, 3333695434, 2864796705, 947835692, 897058495, 2665670490, 1854309988, 4293363972, 1933703504, 49422476, 3864157044, 4039430632, 1789104566, 69354698, 3620933189, 3945167502, 4282503862, 430350903, 2306671484, 875264172, 2356801908, 3102086247, 541040580, 3549570835, 2645728690, 3126338385, 705504466, 2786613691, 2564681672, 3877514955, 438164332, 477727682, 2300870526, 1197390177, 580544462, 1479023004, 760555603, 55575741, 288897298, 335430927, 2062671878, 2749244042, 544313317, 1550918695, 1822300225, 1611658861, 3885389321, 2226247380, 1684289908, 1304006143, 3948725932, 2354513398, 2412257111, 1801282677, 1792285995, 3856247697, 182834211, 2107030887, 2266362371, 2845985820, 1145967296, 916635633, 3496907696, 4052894908, 702188942, 3975945690, 3219917249, 4276250130, 3442817642, 3723993816, 1943066492, 3386500323, 808610916, 1062970139, 1319754397, 2264986414, 3313840872, 286864389, 2183010433, 515636043, 3847729461, 3715839160, 133359719, 1622066029, 2669463929, 819047039, 4237200936, 4268246209, 4074978192, 1034248007, 2179644744, 4139527954, 3584159765, 3339345262, 202056241, 1486617426, 2964146527, 3818418739, 1864370070, 418468883, 2227526918, 1934285733, 2364896358, 3855777525, 2922699308, 2878944845, 3351179065, 2099636439, 4022801488, 3097813498, 3278076493, 2139964604, 1770612344, 3957239367, 1456760301, 2047282435, 461637131, 2251543010, 2918934967, 1907815566, 2983545578, 2926191062, 2349847985, 1669184423, 1192634977, 810221801, 271093086, 769427439, 792019165, 2244375278, 555490372, 1814905999, 2004017957, 1195483101, 2590789861, 1918544047, 3601162355, 608795310, 48138239, 3458829066, 247311003, 2214219207, 4294107052, 1009591382, 1285638931, 2635509095, 2675322197, 312136398, 403637523, 1347634557, 1866926111, 552673264, 3496149161, 1915985251, 1130671547, 4208762164, 4179065361, 1242501424, 2156843677, 3385598076, 571264777, 2926991347, 1679053140, 1984544681, 3336543989, 1099107337, 2033710337, 3285613613, 337354590, 4143993026, 1279448258, 1757228854, 1332545687, 3141506941, 2190236699, 3859056493, 1327521306, 3714709837, 1670901313, 2346685678, 973652107, 3217627869, 957150880, 1068837514, 3211321651, 3284039486, 3139799415, 1913035602, 2696760815, 2705946377, 4193758604, 3428370138, 3696932062, 1239131097, 4279026507, 3419931356, 2955776277, 1543898555, 3470904009, 1108331013, 1457808585, 1762549060, 3024986698, 624000914, 541969308, 2443437028, 3048919827, 3124821199, 240215118, 478271538, 2409430697, 3010043870, 2780944550, 402440693, 764682780, 3992645574, 2208322501, 3132403977, 3670430141, 3295384827, 2725728390, 3813546945, 534111410, 2318219535, 3433537162, 881133526, 1235961939, 1911454691, 3024379094, 3220005217, 529011821, 238036721, 3161366415, 4230648332, 4254674181, 3613521040, 3658750762, 282849165, 1590344598, 4157216536, 2207931647, 2207384709, 222209588, 3086180500, 1802072415, 3500817617, 1286592427, 1441998745, 221976330, 3211012833, 3138764118, 1909093734, 3479462025, 2403038640, 4183170198, 2684061005, 493353089, 686867201, 2229152413, 275916223, 3327083941, 2298197286, 2122083039, 4252034942, 3384727850, 1830577334, 3990166917, 3816570771, 292281613, 357929351, 2282606303, 2198308270, 1994726845, 2368804216, 2917728927, 3290213632, 2440961183, 2489765152, 3611213840, 1418717169, 4020379750, 2467605441, 1146705496, 3243830184, 494101930, 4009603973, 2736148336, 1306607539, 4150252702, 739898794, 2436010154, 9117202, 1266901693, 1042177325, 1663744405, 3968040153, 2796454809, 1014671570, 3392455842, 60922073, 583937887, 1065402701, 4080964981, 2427825377, 2123344160, 4032875295, 1029850749, 152837111, 1265012853, 2322939036, 3138003893, 1527567600, 2498849337, 1516570654, 50784687, 2389599340, 664215303, 3981103302, 2675282964, 1875610348, 9314150, 1147432143, 1678121191, 1109681082, 3732924122, 3639003080, 892699763, 2542550551, 820396713, 3108763841, 788428724, 4005635266, 3185929462, 2739696304, 3050559150, 3519524150, 2804451502, 2884309688, 2257648216, 531412075, 271025127, 367262492, 593607282, 1317778458, 4239097598, 1548700759, 3434804941, 4030762695, 2635508902, 4238784700, 138409958, 1358196858, 892344746, 2993167702, 2770509992, 4263426115, 2884601120, 2862937143, 2523882281, 1684694402, 3200437613, 1473345060, 4244091327, 1867532717, 1563221227, 2646982371, 62732512, 1449705788, 1046296484, 4190399010, 955900528, 1748524868, 107201747, 2905150235, 4032834326, 3357784896, 311596424, 3580694418, 4135119855, 2218564515, 657634921, 1433366666, 3256990859, 1330442438, 2918476707, 2241405798, 3532832537, 738331972, 1070777845, 1894414265, 1944347612, 3375360801, 3545297092, 2682132555, 2831197376, 924345494, 276804563, 1836774143, 4287321752, 2062007877, 244191778, 3059075852, 4149556331, 3283770931, 4117404055, 99452802, 3072363438, 2150858415, 2228005052, 2670065257, 59754325, 1716249021, 4154440118, 3404751859, 1200408421, 3282375541, 2330241250, 3642274853, 3649953718, 3422644035, 585797194, 2579570251, 229539816, 2451037668, 225403266, 2522110932, 1892601511, 344508742, 1161780383, 3609630966, 932180318, 2506960705, 2087691752, 76279187, 243560230, 3650248410, 1357820808, 3186056784, 2985307278, 1895458552, 2007842670, 3635472772, 4117361192, 2879393794, 1973602484, 1828240743, 2758709535, 370799892, 2250493376, 3338068575, 4026692734, 2863835503, 1609537213, 3971535330, 4160685583, 2273863915, 2387708013, 2126643583, 2946306609, 1969141759, 995423814, 2918424026, 3117985281, 22682722, 2179552284, 1994894094, 514517945, 2774384918, 983995863, 1919213983, 4256344047, 1774691421, 3151942980, 3461584943, 2245262418, 229729610, 3786420633, 288362511, 1598539255, 4234525658, 4067492381, 3303079902, 939512873, 1779890040, 3039057006, 2411539963, 1745969180, 1644561899, 283649406, 2261747988, 3885169544, 1794350003, 3722693814, 4220094497, 120727618, 4289934140, 4255904755, 4271919759, 384777238, 1608510742, 3471485521, 297886779, 2241610499, 3605651472, 3971578270, 3234680308, 1903778360, 736064888, 2687539253, 3813062862, 2596422310, 1899955737, 148781099, 1163106779, 942790416, 606652317, 4106568746, 290198798, 2853368870, 1889275460, 1626678767, 3687822639, 2374084771, 1049483939, 943102746, 1723119863, 3556267015, 3487694759, 316910486, 3131922012, 2875828267, 2761178285, 3365257451, 3843334218, 930452691, 233653593, 1575898997, 4176816857, 3874079559, 946779206, 4051597448, 581510265, 2267564137, 3313268997, 1853008468, 850278970, 449431647, 558278223, 3678525718, 3652698068, 2574418625, 557633610, 2954344616, 190677127, 2173563746, 535068822, 3791232209, 3913720049, 101135913, 82263149, 1998569762, 912988842, 285769838, 1919790493, 3163512615, 3693085722, 4240854719, 338524919, 968473159, 3526582073, 4011648507, 230777784, 516022631, 2077088942, 4192254766, 787984674, 2943793404, 2319435015, 841678106, 3507287664, 1489463135, 71061751, 778366500, 44319459, 442784819, 2594850551, 395348381, 4130639554, 2379151239, 2079753613, 2272753244, 1602555738, 1944017086, 2410386632, 1696273195, 4159312517, 3110811337, 929623430, 3938102811, 849615846, 2434798901, 3402773990, 3456067620, 3748091453, 2104258077, 1504779388, 230878584, 815074566, 3145167577, 3474331426, 3701582469, 4145540822, 2095478988, 337), None)
Loaded weights: 61.39979321510759, -90.64543344353464, -0.7162900781796975, 0.0, -2.124640179285046
events: me found the exit, 
  ----
(3, (490275525, 2116167152, 3208265128, 3035575974, 607299244, 3291825318, 3156261472, 3900614793, 2156563524, 642021027, 2394685981, 237035802, 870534231, 651745235, 2369429922, 3106191521, 2148955993, 4232682161, 2362074431, 76847044, 2215224852, 4166063707, 4053622887, 2637485068, 2976837800, 332979450, 2285850861, 522945079, 1127368411, 2578493219, 2362986584, 476253897, 2308051028, 2093007893, 1815330963, 1575337788, 1487465857, 403915238, 1090623078, 2094267502, 1036002065, 448007335, 1101882144, 763458713, 650298041, 3111723919, 4090331422, 2620088082, 102265775, 1231408258, 1838564235, 2886225685, 2025872291, 3351921716, 3639247761, 1908384365, 1605003763, 3925408616, 126931982, 3542928199, 2445341257, 1345484783, 1489990324, 709943482, 1549847092, 22465656, 2207632499, 1266368398, 1836928977, 3545845477, 3967189261, 4238077528, 2276088809, 228038049, 1874440321, 2609746743, 2133203518, 2116759403, 3883125033, 404519522, 1732411399, 414811064, 1656726501, 4106322125, 1139735166, 1783094730, 3642510384, 534229746, 500449485, 3689162800, 1242782172, 2139982419, 2243297563, 1429891763, 1693963902, 92314174, 163091261, 2351588807, 3428174246, 1214722695, 1759788728, 425202274, 3811601835, 3846875043, 950000207, 1186883098, 1555945670, 323813863, 1889676169, 1791175146, 4291386736, 504205186, 278234661, 3023987379, 2582693703, 3708112834, 2135655488, 829662372, 3680170934, 2627681545, 2311083969, 1410979622, 2499029769, 1335975730, 1755365519, 3576967239, 2618592241, 1179283754, 4156871444, 1559477722, 3962560863, 1182336485, 1964879393, 2552914760, 3665199104, 1524794756, 2241195532, 2976590219, 3064236971, 1683456384, 2205571621, 1627385151, 2958191323, 338285, 1062678662, 1152505893, 2060435469, 3073383709, 2937219059, 720994524, 2209884903, 1610661093, 2568006801, 1719150189, 1311141342, 3039478293, 1369173532, 2352025698, 4219312130, 2207197275, 3026386063, 826157495, 1786309021, 967229882, 566781123, 475176656, 1435809151, 1851394079, 415378163, 2063765672, 704072586, 1735736279, 1947016835, 2798343014, 3447242375, 3483511921, 3030108721, 3398312788, 4135751816, 3886034043, 2598839518, 544468332, 2265419475, 1453597784, 928152361, 3888877777, 2035404394, 3429994711, 287571153, 723024725, 1803184230, 215218358, 1856800330, 3470156597, 3732645657, 1709402984, 3942554176, 2074545994, 2469546523, 1392922028, 1802198875, 2417552815, 3823349224, 2249450686, 570009382, 979963444, 2999001323, 2023761610, 3680716432, 266684248, 185709682, 66044708, 4036788030, 1614586927, 2164715771, 3255026708, 237678962, 458201221, 977591354, 1475473509, 2466521843, 1763820265, 3919027850, 501270279, 3396057995, 3253377333, 2755584497, 3647728286, 2320088561, 1141327626, 3855916773, 3432848275, 2346694399, 540972600, 2385340364, 3670544303, 2610520661, 792956723, 335728497, 4112337976, 4027870522, 321520133, 1041975225, 4261625439, 462273772, 3883573111, 1772001873, 1433198861, 3610528656, 3396889579, 1173441196, 1773093429, 1430753248, 2479284391, 4086794823, 4067420268, 1727001641, 1059681099, 452887884, 254326267, 558504638, 349633056, 3814670247, 523589465, 1689800621, 2549408799, 2875764977, 2964386382, 2178132278, 2426192160, 2544789140, 1656690730, 1599055423, 3447059105, 4176753543, 1888895476, 3867669151, 2233527453, 2109018444, 3949077439, 1522799492, 2573812038, 2479201388, 1496507215, 637848312, 1704886926, 43742679, 3690173657, 1001199591, 2877305235, 495054985, 2363633419, 1668966228, 2738469287, 96636251, 3272287948, 2194827613, 328117771, 3342074903, 3517358396, 84860404, 805060488, 658805430, 4179723383, 3602301822, 1211811738, 3527641969, 964678766, 1034150377, 3127369558, 2091788221, 3307612679, 3402639279, 139340447, 1620076130, 3169621405, 475904977, 3616924920, 3275125430, 2156699477, 2444741558, 158448646, 2532351997, 1686771506, 346137039, 3412261776, 2191789531, 1581340379, 1457707112, 2497030365, 3842877456, 2208652535, 3988118198, 2108680475, 1014166154, 483477613, 2840681228, 1829237412, 3749060105, 2503527066, 3812710761, 2928694566, 2214066617, 787332376, 1805275123, 3015255341, 3473635678, 3694517917, 391227914, 1110098403, 3736743454, 1649491201, 3297045886, 3142668796, 2015350357, 15451616, 3819337315, 218568419, 150098870, 189723263, 3694500027, 4060919869, 1081772369, 2627854503, 3824843231, 1352886101, 832586512, 1328320737, 2998987892, 3261552666, 2255290116, 1421839252, 3821187109, 2490323972, 11453367, 955779165, 1797725356, 2827766393, 2133731127, 2784139648, 973395797, 2050638460, 789811363, 3725055822, 4093707753, 2674673058, 3401999007, 2664725318, 3540708511, 2976781459, 4080478801, 192928902, 2756374602, 842190108, 3785919761, 1510914880, 2336456699, 2146848040, 3784632818, 3580925312, 2671338120, 1894251464, 2785694739, 1652324043, 2666426676, 2903417539, 1989625165, 894627198, 532039200, 1669128494, 1373842761, 746102447, 90815035, 2172932524, 801926339, 1406484240, 814235266, 2993383406, 1320529128, 3090599329, 370749504, 1951852312, 1579988915, 378411878, 2171198503, 736654206, 376707549, 2666509718, 4242408052, 485207702, 3613827995, 3021052124, 2092839360, 3150630425, 1041733131, 3494472570, 4002058452, 22401233, 3094928820, 3675206469, 1006328960, 314103684, 3157530336, 2506618724, 470658838, 378401623, 1065789857, 2381811163, 836359342, 2448076278, 641095856, 3862155081, 3143524385, 4058966512, 2746912452, 624776093, 3476602714, 2933417071, 3482123635, 1907128079, 1480567815, 1115456420, 741831726, 2915371684, 3451174123, 3469626331, 725432529, 377347418, 2649504706, 3720129689, 3819521404, 225735169, 580810920, 691246176, 1436044035, 2890374679, 1545973480, 1465887271, 2918496257, 4118630384, 873923471, 511502518, 4018176718, 2563672289, 2109771106, 1546008553, 2801278440, 4040860262, 2726144004, 3714966090, 4278544008, 113782850, 1426308820, 2657340237, 2854410361, 1594199828, 3834933550, 1067832510, 1791691413, 1546150581, 3200028517, 344280705, 1583851439, 38504016, 3334076604, 1114409170, 213871257, 3164375580, 3525238605, 3156896487, 3880715960, 4159490106, 4267185104, 1777305055, 2913937430, 1540075805, 3543964815, 141445685, 99800014, 316226355, 3998783732, 3830824584, 1584171526, 963843439, 261506435, 1277744902, 3955491625, 1302910835, 989152667, 1594529172, 1347659359, 1650043190, 2549261076, 336451327, 627349987, 2549157197, 177423754, 2186700977, 2354577356, 3615919233, 3304214101, 2882717931, 1101972791, 1859644404, 354917966, 1556635845, 930285616, 885386757, 3809340794, 3402089950, 1546988406, 3707601708, 1375629179, 2031255942, 695731185, 1337312629, 12188717, 1822837736, 2919608444, 2171471196, 2820544676, 1827445423, 81433657, 1979132816, 1841367829, 2424593986, 1020048429, 250264014, 1956347629, 411883344, 358768009, 1890566822, 3141362970, 1865752399, 1534771665, 2034345991, 2772522595, 228860858, 3884273917, 1955983933, 1440191454, 1056931721, 2525201804, 3728775220, 838290292, 1602849575, 485862913, 2280167, 2870593200, 1761407593, 1774904279, 2028790139, 1200689223, 2851787454, 3675655719, 647856080, 279424011, 3178674277, 2337292424, 120668732, 2547314474, 1869366298, 18326530, 1827854024, 1124692787, 3721633450, 1615835707, 1638965654, 3597641134, 1984011600, 1335848203, 2439520026, 4187222448, 1014856030, 2037054615, 4291977889, 3079627311, 3950882002, 2412565813, 3284270043, 3312101505, 2586016378, 612206374, 483872326, 25), None)
Loaded weights: 63.489448747097335, -90.64543344353464, -0.7162900781796975, 0.0, 5.0
