Starting iterations: 50
(3, (3931692823, 3197546262, 1460341040, 4088182123, 2986852222, 2880856875, 3168861688, 710425928, 3576830761, 2340878085, 3851999765, 4132640661, 1222416327, 1920903241, 462426009, 1886208463, 3308221554, 1262160665, 2957672593, 2743566977, 1785183397, 3905313344, 2983834224, 948855399, 1896680821, 40747435, 2852053031, 162755835, 1464400903, 2224424809, 680155157, 1893155032, 1750117441, 2519740142, 672016126, 2632371193, 3097739799, 1941593243, 974035835, 12266823, 3115214767, 173840028, 2821569652, 4012957498, 1534451130, 1855664569, 3703515116, 2870741760, 2799084042, 803988997, 4159943977, 712256886, 639006151, 3857332128, 1347116106, 2969468223, 400747635, 1884802389, 4149080843, 2374578786, 3252508079, 1145267964, 597547926, 42248291, 387605712, 2843747145, 3676651174, 3701647260, 3918534246, 3342077366, 451700446, 652021461, 3995742550, 2583582253, 2924988167, 2725033280, 3192967893, 571447761, 3787444204, 1250752231, 1823958356, 108457588, 3043914864, 2081423706, 825479986, 1512715062, 4148203445, 2894723676, 1651987836, 603454876, 1046539786, 3894772568, 1514509551, 1130093868, 2839713301, 1441464250, 1564604308, 3976071936, 776540314, 1398784685, 680588359, 3902031027, 3777435974, 1116227254, 704900494, 1570778910, 778035333, 2889744239, 510889692, 4132779801, 3442928599, 1929336097, 3817991010, 51965122, 3332330353, 2974627701, 1873288538, 7499547, 1655947199, 2753831260, 2246844242, 320461493, 1982471949, 2491917092, 4143064967, 1928342785, 3482000271, 1127913449, 2635803958, 561965330, 3392440509, 770705247, 3880075179, 1911646846, 978621419, 3485903106, 3688480647, 2167296966, 1252211747, 2945731851, 1151322974, 74294969, 4108988799, 3828036448, 2101686623, 3811108711, 3190946533, 888204217, 967293698, 3353661241, 798274554, 4085447591, 3514423515, 3249098294, 3862333645, 2358788973, 1080878192, 2912302414, 402887605, 1093445981, 3969032978, 3901883176, 89864309, 2625338544, 1143957478, 3105586924, 3766426559, 2777142518, 1476513134, 1978735152, 2065267811, 2538840013, 2908982560, 3481643054, 2652443035, 2982424686, 2272737082, 1888530391, 1749629637, 141938127, 3642486383, 2166689299, 487116264, 449636060, 1193821694, 303239128, 2815586705, 1638715185, 68491026, 1786113550, 562807962, 32707263, 1343523662, 2985667468, 195983583, 3292565482, 1347957988, 192335929, 835012617, 3946393328, 503356076, 1434102497, 2039740328, 4167283699, 1986114416, 2024479655, 797421947, 1811871542, 2089283313, 2867363785, 3978517482, 2344204792, 59936096, 4022242732, 1303945617, 248424889, 4170544548, 1785127236, 1691667131, 3725074312, 1802880082, 754078248, 914504231, 491244726, 2162275570, 643967566, 1735012272, 972187630, 3186229255, 4103370020, 2118542543, 1229645510, 3811815020, 977177548, 1466127299, 1208164426, 1226563873, 1040817299, 2791101432, 3705121098, 1553584250, 2675083674, 1812321529, 97253548, 2967673874, 838129340, 2368350354, 2665200953, 2283980676, 3915810015, 3364037995, 505533467, 3691823852, 2163146629, 1383133215, 3602558591, 270869237, 4183521430, 620665502, 3130122714, 3630157135, 29458965, 422569312, 1326791323, 3229143136, 1961567350, 295815550, 1175558756, 1132111188, 3811255464, 530390208, 3402701970, 1078945442, 1817254992, 669272249, 616515506, 3768726926, 3146464007, 1524763301, 3773419517, 1537568984, 2147754560, 1771601547, 2835700153, 3868477910, 3114767438, 3377380283, 1491926632, 1159818950, 1106257096, 710481417, 1795553778, 3308944898, 3815877596, 4109027234, 3560520420, 2934978669, 409578393, 4285414945, 765987946, 2210111124, 2598423122, 1811336568, 2759093364, 4061383634, 4041242674, 2184837644, 1813880190, 3822758600, 3164810473, 2365046011, 3270605195, 1018376350, 4183148045, 3150543766, 4128944963, 3726708170, 3712207323, 855640002, 2740536807, 313084976, 907387342, 274376983, 3870204039, 2369033181, 4174709887, 4135772512, 2827889742, 2631332640, 2209580576, 3851126546, 254619153, 35985322, 3590461658, 3147278198, 3426225886, 3019505291, 3749670370, 385189596, 2009542922, 3345388684, 3557289958, 2651151091, 3798900349, 2725682270, 2537351048, 3226260610, 2127070140, 3384487624, 1293201446, 493676560, 755620309, 2482506511, 3319400877, 1501836935, 1911567729, 2737766752, 789468259, 3514247749, 1134136373, 1140772867, 216834938, 2104857946, 1013000426, 3357586596, 2423372207, 3754738739, 467892283, 3221387776, 411587043, 2509391602, 1029825963, 3584225339, 773922306, 2534595058, 2018226316, 2629199295, 396087275, 1124856175, 654691597, 3085368420, 243735395, 1628597823, 3504291674, 1219600212, 3931722356, 4159432725, 2437739255, 4241608863, 1251068858, 2652550472, 778741947, 1541886942, 3358994918, 1446725822, 1497822145, 1666886364, 2059358859, 2156784844, 998288271, 3457891518, 1542414162, 888018157, 3559559402, 1724227239, 3484027775, 2080716838, 1537690812, 1890269470, 3433141593, 4220893627, 3297979939, 933486023, 1183045738, 2728223436, 1141740965, 2255475820, 3577508030, 2740916062, 2518524186, 1819087849, 207045542, 1618797823, 645498893, 299115731, 1166295294, 3195460986, 2250599166, 1585280924, 4123164663, 215986062, 288874523, 1553571331, 3763091227, 488148356, 340430504, 2407024164, 1695845838, 3725385793, 2885227651, 3283121179, 2532343107, 783209278, 2331236247, 1134969460, 1192256696, 1902320937, 3899424977, 89142125, 1867109723, 2301782177, 1267186827, 3455167557, 3177389545, 1145663413, 286485030, 3839634640, 3561038523, 4215411993, 129800530, 365300248, 2099128272, 1425294203, 276646962, 2534976559, 2303279895, 1136156908, 1217647715, 3550349793, 3369414413, 2711041302, 285823889, 1108215121, 725619985, 3241350493, 2269251472, 364751493, 2994997299, 2077218468, 24791185, 207834965, 2463391566, 2050983323, 1886337113, 2906041891, 2707745023, 387049441, 800097836, 238388778, 260459597, 1378264840, 553868049, 1250014405, 3888714661, 1901644966, 2964640273, 1179281371, 4005381253, 2628827287, 970367279, 2850493603, 9816173, 3381728595, 547063311, 2369419375, 373798582, 2019212413, 609740893, 1481974551, 3272770205, 946886998, 1417065312, 63983493, 2737744381, 2257190445, 2518089788, 454643773, 41425991, 4235386136, 1740438415, 208257065, 1432849796, 439056626, 426059523, 1125532853, 3677213905, 819105282, 3909613621, 3958078407, 289278348, 2421386952, 2822666102, 388272074, 2702654585, 1234874368, 2706779793, 3108716238, 4255988365, 3635387257, 178139344, 404173413, 2928806020, 2329354451, 2859418503, 3590702280, 3376399135, 1548999759, 2080448060, 1862551281, 3152327611, 2634454749, 3342241063, 409293656, 4175922402, 1176483121, 2209672557, 374982075, 769904319, 101226902, 1741430117, 1910360507, 4212538359, 2541984611, 3043867813, 1145648372, 2197674398, 2984304695, 3710958839, 1694990568, 907525356, 1731927087, 1104897720, 3289355759, 3652975415, 3132585752, 764566635, 3925446027, 3362325433, 3608085622, 1425556293, 866225380, 2549393092, 235159625, 2447086303, 700965722, 1565211620, 2058712214, 1628327212, 2258621730, 1258070726, 719386849, 794611677, 3852402692, 2335749345, 3881013097, 3515488298, 2222704560, 3457908318, 1697888122, 1346744759, 1536875988, 230774918, 1235142471, 2032870844, 1694146035, 650924923, 3609690414, 3752117370, 2790946103, 562534238, 237548828, 2822805590, 673945661, 4204281316, 1619231239, 478446878, 4008954905, 4101269544, 317275057, 2740052766, 651639567, 367598534, 4154646617, 3481171336, 1), None)
events: me found the exit, 
  ----
(3, (3931692823, 3197546262, 1460341040, 4088182123, 2986852222, 2880856875, 3168861688, 710425928, 3576830761, 2340878085, 3851999765, 4132640661, 1222416327, 1920903241, 462426009, 1886208463, 3308221554, 1262160665, 2957672593, 2743566977, 1785183397, 3905313344, 2983834224, 948855399, 1896680821, 40747435, 2852053031, 162755835, 1464400903, 2224424809, 680155157, 1893155032, 1750117441, 2519740142, 672016126, 2632371193, 3097739799, 1941593243, 974035835, 12266823, 3115214767, 173840028, 2821569652, 4012957498, 1534451130, 1855664569, 3703515116, 2870741760, 2799084042, 803988997, 4159943977, 712256886, 639006151, 3857332128, 1347116106, 2969468223, 400747635, 1884802389, 4149080843, 2374578786, 3252508079, 1145267964, 597547926, 42248291, 387605712, 2843747145, 3676651174, 3701647260, 3918534246, 3342077366, 451700446, 652021461, 3995742550, 2583582253, 2924988167, 2725033280, 3192967893, 571447761, 3787444204, 1250752231, 1823958356, 108457588, 3043914864, 2081423706, 825479986, 1512715062, 4148203445, 2894723676, 1651987836, 603454876, 1046539786, 3894772568, 1514509551, 1130093868, 2839713301, 1441464250, 1564604308, 3976071936, 776540314, 1398784685, 680588359, 3902031027, 3777435974, 1116227254, 704900494, 1570778910, 778035333, 2889744239, 510889692, 4132779801, 3442928599, 1929336097, 3817991010, 51965122, 3332330353, 2974627701, 1873288538, 7499547, 1655947199, 2753831260, 2246844242, 320461493, 1982471949, 2491917092, 4143064967, 1928342785, 3482000271, 1127913449, 2635803958, 561965330, 3392440509, 770705247, 3880075179, 1911646846, 978621419, 3485903106, 3688480647, 2167296966, 1252211747, 2945731851, 1151322974, 74294969, 4108988799, 3828036448, 2101686623, 3811108711, 3190946533, 888204217, 967293698, 3353661241, 798274554, 4085447591, 3514423515, 3249098294, 3862333645, 2358788973, 1080878192, 2912302414, 402887605, 1093445981, 3969032978, 3901883176, 89864309, 2625338544, 1143957478, 3105586924, 3766426559, 2777142518, 1476513134, 1978735152, 2065267811, 2538840013, 2908982560, 3481643054, 2652443035, 2982424686, 2272737082, 1888530391, 1749629637, 141938127, 3642486383, 2166689299, 487116264, 449636060, 1193821694, 303239128, 2815586705, 1638715185, 68491026, 1786113550, 562807962, 32707263, 1343523662, 2985667468, 195983583, 3292565482, 1347957988, 192335929, 835012617, 3946393328, 503356076, 1434102497, 2039740328, 4167283699, 1986114416, 2024479655, 797421947, 1811871542, 2089283313, 2867363785, 3978517482, 2344204792, 59936096, 4022242732, 1303945617, 248424889, 4170544548, 1785127236, 1691667131, 3725074312, 1802880082, 754078248, 914504231, 491244726, 2162275570, 643967566, 1735012272, 972187630, 3186229255, 4103370020, 2118542543, 1229645510, 3811815020, 977177548, 1466127299, 1208164426, 1226563873, 1040817299, 2791101432, 3705121098, 1553584250, 2675083674, 1812321529, 97253548, 2967673874, 838129340, 2368350354, 2665200953, 2283980676, 3915810015, 3364037995, 505533467, 3691823852, 2163146629, 1383133215, 3602558591, 270869237, 4183521430, 620665502, 3130122714, 3630157135, 29458965, 422569312, 1326791323, 3229143136, 1961567350, 295815550, 1175558756, 1132111188, 3811255464, 530390208, 3402701970, 1078945442, 1817254992, 669272249, 616515506, 3768726926, 3146464007, 1524763301, 3773419517, 1537568984, 2147754560, 1771601547, 2835700153, 3868477910, 3114767438, 3377380283, 1491926632, 1159818950, 1106257096, 710481417, 1795553778, 3308944898, 3815877596, 4109027234, 3560520420, 2934978669, 409578393, 4285414945, 765987946, 2210111124, 2598423122, 1811336568, 2759093364, 4061383634, 4041242674, 2184837644, 1813880190, 3822758600, 3164810473, 2365046011, 3270605195, 1018376350, 4183148045, 3150543766, 4128944963, 3726708170, 3712207323, 855640002, 2740536807, 313084976, 907387342, 274376983, 3870204039, 2369033181, 4174709887, 4135772512, 2827889742, 2631332640, 2209580576, 3851126546, 254619153, 35985322, 3590461658, 3147278198, 3426225886, 3019505291, 3749670370, 385189596, 2009542922, 3345388684, 3557289958, 2651151091, 3798900349, 2725682270, 2537351048, 3226260610, 2127070140, 3384487624, 1293201446, 493676560, 755620309, 2482506511, 3319400877, 1501836935, 1911567729, 2737766752, 789468259, 3514247749, 1134136373, 1140772867, 216834938, 2104857946, 1013000426, 3357586596, 2423372207, 3754738739, 467892283, 3221387776, 411587043, 2509391602, 1029825963, 3584225339, 773922306, 2534595058, 2018226316, 2629199295, 396087275, 1124856175, 654691597, 3085368420, 243735395, 1628597823, 3504291674, 1219600212, 3931722356, 4159432725, 2437739255, 4241608863, 1251068858, 2652550472, 778741947, 1541886942, 3358994918, 1446725822, 1497822145, 1666886364, 2059358859, 2156784844, 998288271, 3457891518, 1542414162, 888018157, 3559559402, 1724227239, 3484027775, 2080716838, 1537690812, 1890269470, 3433141593, 4220893627, 3297979939, 933486023, 1183045738, 2728223436, 1141740965, 2255475820, 3577508030, 2740916062, 2518524186, 1819087849, 207045542, 1618797823, 645498893, 299115731, 1166295294, 3195460986, 2250599166, 1585280924, 4123164663, 215986062, 288874523, 1553571331, 3763091227, 488148356, 340430504, 2407024164, 1695845838, 3725385793, 2885227651, 3283121179, 2532343107, 783209278, 2331236247, 1134969460, 1192256696, 1902320937, 3899424977, 89142125, 1867109723, 2301782177, 1267186827, 3455167557, 3177389545, 1145663413, 286485030, 3839634640, 3561038523, 4215411993, 129800530, 365300248, 2099128272, 1425294203, 276646962, 2534976559, 2303279895, 1136156908, 1217647715, 3550349793, 3369414413, 2711041302, 285823889, 1108215121, 725619985, 3241350493, 2269251472, 364751493, 2994997299, 2077218468, 24791185, 207834965, 2463391566, 2050983323, 1886337113, 2906041891, 2707745023, 387049441, 800097836, 238388778, 260459597, 1378264840, 553868049, 1250014405, 3888714661, 1901644966, 2964640273, 1179281371, 4005381253, 2628827287, 970367279, 2850493603, 9816173, 3381728595, 547063311, 2369419375, 373798582, 2019212413, 609740893, 1481974551, 3272770205, 946886998, 1417065312, 63983493, 2737744381, 2257190445, 2518089788, 454643773, 41425991, 4235386136, 1740438415, 208257065, 1432849796, 439056626, 426059523, 1125532853, 3677213905, 819105282, 3909613621, 3958078407, 289278348, 2421386952, 2822666102, 388272074, 2702654585, 1234874368, 2706779793, 3108716238, 4255988365, 3635387257, 178139344, 404173413, 2928806020, 2329354451, 2859418503, 3590702280, 3376399135, 1548999759, 2080448060, 1862551281, 3152327611, 2634454749, 3342241063, 409293656, 4175922402, 1176483121, 2209672557, 374982075, 769904319, 101226902, 1741430117, 1910360507, 4212538359, 2541984611, 3043867813, 1145648372, 2197674398, 2984304695, 3710958839, 1694990568, 907525356, 1731927087, 1104897720, 3289355759, 3652975415, 3132585752, 764566635, 3925446027, 3362325433, 3608085622, 1425556293, 866225380, 2549393092, 235159625, 2447086303, 700965722, 1565211620, 2058712214, 1628327212, 2258621730, 1258070726, 719386849, 794611677, 3852402692, 2335749345, 3881013097, 3515488298, 2222704560, 3457908318, 1697888122, 1346744759, 1536875988, 230774918, 1235142471, 2032870844, 1694146035, 650924923, 3609690414, 3752117370, 2790946103, 562534238, 237548828, 2822805590, 673945661, 4204281316, 1619231239, 478446878, 4008954905, 4101269544, 317275057, 2740052766, 651639567, 367598534, 4154646617, 3481171336, 379), None)
Loaded weights: 5.18711147233131, -1.0, -0.7288163655347796, 0.0, 0.0
events: 
  ----
(3, (861302740, 1943383139, 297030396, 492965068, 4023945222, 2299883380, 2000579604, 1345836342, 3647086862, 3261114303, 3410127433, 1409560267, 3580370090, 1515813819, 2927117523, 4062895885, 3740056636, 1574953030, 708647939, 3585049945, 3488833718, 2996130051, 1764588086, 2542498160, 3185298845, 484063668, 3183010458, 3715522416, 2069747577, 4241164150, 430462663, 2907626566, 786374030, 588157427, 1896989485, 651825107, 360898440, 2724402536, 3302925812, 3958178785, 1577993188, 3096549702, 1279458461, 896353642, 2761151976, 3977817352, 1024101268, 792565110, 980911760, 4228996250, 134128275, 2650605678, 225623729, 3462770635, 925587103, 3551782228, 2040719468, 2819844922, 1327785332, 3067143160, 2182027290, 2360870115, 2252064595, 99618144, 238693140, 817972052, 884734932, 1043673772, 1298007554, 453714775, 2657112444, 3773785379, 2555240026, 3445645224, 3269829312, 4263075097, 3543052054, 2016178688, 970519348, 932846760, 913879234, 1892075436, 4202957726, 1534707682, 4200678050, 446268729, 4076380854, 2766318810, 4031217479, 644008257, 3987702316, 2972920998, 1327353898, 838102948, 1960789565, 4080435528, 3317592463, 472760894, 1543567412, 2373106687, 1209338683, 1183292035, 662236978, 2027027593, 742365772, 34412411, 1323622815, 1083265418, 822068375, 2355027473, 566047704, 1846867374, 3887975715, 3358541775, 913188694, 76233206, 228126624, 2523872548, 234160324, 1453398614, 1959050868, 665703675, 1657864353, 1525337105, 2973073393, 1860769694, 651795325, 3740078874, 655006752, 3409208556, 3516715901, 1472631807, 3039878049, 3603560571, 1197860759, 138653803, 3207723462, 2480895576, 2843534887, 547654429, 1881405259, 4154260684, 3615346482, 347585736, 992134897, 914821185, 1975893788, 3647188223, 352520068, 3919795731, 4001050584, 843776838, 1896304757, 1578867243, 1409965477, 4135691729, 2922003994, 3936751900, 3209120242, 3133672783, 4076741302, 1042288857, 4179406580, 290924903, 1196749676, 840702097, 1382919056, 3150329342, 2724623306, 304690697, 2833577521, 3631899749, 3794173709, 2629859028, 393456599, 2503765728, 1005300088, 2391740171, 148563972, 3250412777, 1863575720, 2962832490, 2655181639, 1725913537, 1842692249, 3598482921, 3077098582, 3448630067, 3590691377, 3955282274, 319047138, 2167058525, 3351919229, 4001578469, 1317880669, 2151151279, 1198780566, 2794023643, 2758372670, 662199245, 106734551, 527492938, 2303794781, 3872032029, 3793624015, 734558787, 2614077253, 2132382025, 247921385, 3922101560, 3029604356, 2875899326, 3139531591, 3410356594, 3553753344, 2049760644, 2041199611, 2891941784, 1429933918, 585641127, 862939177, 1438977947, 243458860, 1161267182, 3119676165, 1878519310, 590207649, 277747621, 1730913964, 2981213377, 1915762736, 1616740048, 2102920261, 3107831986, 2119757079, 4009707310, 1797976074, 3219295138, 1760104551, 4173621819, 4202295353, 4201967454, 2352169784, 2580798959, 1564098004, 2235853008, 2257526561, 877129172, 1973337077, 3320443703, 1285921004, 1715148852, 733676518, 824425012, 2955365012, 2189141904, 2147517105, 3219646389, 3816567497, 790301046, 1645084273, 135887071, 2998189372, 2210488290, 2703601682, 1114284190, 1318384126, 126625766, 3595427938, 484592043, 223508378, 2927157806, 993679550, 2144028123, 3587377822, 1790799789, 2435870987, 769412955, 763480321, 2524036827, 1849263343, 3424763873, 3547880708, 2939278549, 2872026695, 2758163860, 1278774997, 218138039, 1783586572, 2204451680, 290300094, 1224976311, 3670183225, 269653475, 2523855107, 2442240223, 932779763, 2408801695, 481133419, 2218862874, 94131266, 3724546103, 2367144838, 850282507, 3454236354, 969143015, 1491563380, 4042040509, 2130876421, 67332732, 3502993941, 1288848118, 2443795388, 968504848, 1210141681, 4243407535, 1056315182, 1609525578, 3205561273, 1953479524, 1635909855, 3849771789, 3776755081, 4041547246, 1315405176, 279779049, 3698190176, 837200846, 1084785008, 3848256766, 3339415713, 774181252, 285205859, 2359945585, 3268617187, 2563123370, 2505377417, 2238670876, 3849165228, 1545614012, 3084504693, 3318209520, 1522341869, 1027711349, 1047199059, 12615459, 2241527260, 3858752329, 1125740137, 2162835989, 3846007836, 3134195609, 1937433612, 2264371503, 2806585682, 1936024109, 3431848504, 3342694616, 524541793, 428577767, 3979071376, 3520518590, 1350919288, 1635357005, 3972747414, 317619968, 3195855861, 3440751085, 1392993114, 2933408570, 2856475930, 2218029000, 2223147286, 1320454857, 2272109618, 3647016329, 2859089450, 4104869193, 3223650881, 1599137772, 2061619914, 4191395810, 2942996443, 3707832391, 2690587021, 4197593723, 1578459081, 720469187, 1037183833, 4003125945, 116892651, 546476264, 2589257376, 1108035503, 2963665853, 3682464477, 22690381, 3316876625, 4244498055, 3986807366, 709952100, 1724400202, 2002552688, 1971517660, 181212758, 206580615, 3392999658, 362442279, 807093688, 1545869810, 428179996, 3511812230, 4160240396, 1986516439, 865395448, 2900597726, 1588151120, 4008124472, 1110388474, 3358145380, 1870554764, 1307509206, 484875984, 850257080, 2341960814, 703973824, 638874828, 3430942143, 2334164709, 1087495040, 1497491902, 3252342433, 4076034659, 4192686969, 4159823812, 47906699, 2355132167, 1802303173, 802880384, 1825193057, 3186644475, 816528084, 3163031494, 1701810248, 2332427842, 2540781915, 512623182, 4226847018, 648360513, 2901867748, 3847418424, 2386621217, 1657662210, 4122438707, 3038417383, 616409224, 1106000462, 1375432441, 3350726324, 2867416090, 3145004299, 1184591569, 1736508835, 3714768005, 204074644, 499183510, 1762670662, 1052978212, 2539478505, 4241597487, 466185515, 88070210, 3869987387, 2259306461, 4139641575, 2573850803, 1659762323, 4105611029, 2002946492, 3677584500, 2862916122, 3247608144, 3461254543, 987978326, 1855249134, 299810198, 4034524281, 162678389, 1877627399, 1518808816, 3486124251, 3032686650, 1183807659, 3316930767, 637748119, 1247056266, 2419154455, 1739500491, 2632861664, 3914715870, 805575105, 170714950, 2497633987, 541666825, 2288537284, 279247694, 2069802103, 3896606692, 1044719760, 2465916801, 3662279394, 1743238449, 132515746, 3287429790, 2094346443, 1409200219, 565680866, 2052138933, 1702034212, 854420550, 2883877527, 2421434804, 1485479790, 2410008647, 3218078810, 3888631372, 1880412457, 1778009077, 3032633309, 4289806864, 3497665305, 2704763957, 4172211360, 440075704, 175702265, 3169145226, 2495507287, 2309471388, 3962563738, 439187764, 1144351998, 1982194084, 3765053572, 119641234, 3223017395, 655714964, 572947658, 4237740663, 2652406913, 197478114, 1450945044, 3242109204, 1556916980, 2353518776, 2926280477, 3337451178, 1952861628, 1405898664, 2472471388, 209016633, 1214097797, 472885900, 3849483095, 3574746730, 2203036090, 4249621590, 22418586, 209876500, 408352648, 30114701, 1714821073, 3686097032, 1815886998, 3205680297, 2827445449, 349900052, 1757800760, 3001376697, 2648248985, 3499776471, 2195494583, 2843488326, 2064097895, 1610617234, 4072040330, 3490455727, 2651213900, 3708785536, 2462431029, 341825881, 573092259, 1881979581, 1467938106, 2502632576, 4068629899, 3663329166, 3745653882, 2078692821, 438567491, 1887454685, 1354669179, 4125656898, 94430038, 2725455614, 111728395, 1018596276, 1025804513, 4187684079, 3386049282, 1185945058, 1299858270, 3048529240, 3378771928, 705806779, 974286768, 2043890665, 762933819, 737274212, 2375734421, 2473251562, 1748892053, 2704006917, 2733629621, 1492192679, 158), None)
Loaded weights: -16.399407256740584, -4.356597626534954, -0.7288163655347796, 0.0, 0.0
events: 
  ----
(3, (1985760458, 3710846624, 3880394737, 2442077507, 2522859847, 2841063735, 3280622828, 1975584898, 3817044611, 2449983761, 2399284513, 3460438600, 2796784969, 3964603186, 3724556596, 1293169747, 2952980675, 3968861584, 3455562911, 917250517, 4138617354, 98219453, 3360513822, 3157975116, 828965519, 2028979796, 1935141221, 994752200, 3949428963, 1972924935, 3195084716, 1755701877, 783440423, 2245047250, 1139064264, 3386700069, 1542624510, 2878203496, 2581551061, 3000166409, 2253183203, 1098432830, 3106677841, 373001165, 923773508, 1662254994, 2658789963, 655718872, 1879916264, 3105721944, 2242229924, 280349189, 2866535403, 3436802309, 988430658, 2222210890, 29504220, 2342487834, 3040752772, 4244079566, 2385860628, 2270446627, 1126194399, 746047342, 2349920273, 3788429864, 560743857, 3650692495, 35122407, 3883197279, 210201656, 946649986, 2021918777, 3835313904, 163647453, 1219600044, 70371642, 2668041165, 547670018, 3928717644, 2975358798, 2187659373, 1214893347, 1744749012, 2002787465, 594871351, 3020595590, 656896619, 2275476360, 1675549520, 3295031060, 3803055724, 1605102955, 3041906140, 2833512302, 3087719425, 3409602668, 1052649360, 3129939085, 3224147843, 763399141, 2157089846, 2533185455, 2964581846, 2331500019, 3680264431, 3636364547, 2101187929, 2969336582, 4193288225, 3914284888, 3424981220, 260911279, 4200656160, 2955494571, 2713896441, 793091844, 140762107, 2104409818, 3052126334, 1995202126, 3117872947, 1779693761, 2142172990, 2505244100, 1714900809, 2439331141, 2151743909, 2601598785, 1985705337, 347628642, 2825833298, 2531127780, 4137171684, 2048031421, 1760774353, 2638893847, 2043806333, 1877661329, 2292537671, 1421597145, 2078951487, 1710375586, 3194766555, 2036671915, 321909083, 3698492789, 443386196, 1647229660, 3825899406, 10377921, 1191461865, 897326874, 1819638998, 3917381528, 530158106, 864592020, 963624286, 2192570449, 480196534, 4148984141, 1238573874, 3330002409, 2399607029, 1711089762, 3603165935, 259774396, 645579015, 768303797, 625376392, 462932744, 2167999138, 3597403467, 2177884559, 1321861831, 4153013564, 2249856602, 2168226169, 2147591295, 1013956076, 704935214, 2440421183, 3067550744, 1182772717, 668031901, 3157610007, 393579855, 2773605175, 1703543634, 1226911804, 1064970170, 1881947273, 2385747334, 2560477436, 1894529029, 1972535863, 2252808917, 3708155360, 4271594578, 806475234, 1879807671, 2625571429, 1906209611, 4217342331, 2466424875, 2379653775, 2338825756, 1938945136, 3985048853, 3543240233, 4010821702, 1557353482, 2336969132, 735232883, 2135247368, 3645992431, 2353119889, 3724405289, 240153310, 1858612156, 152233467, 2847413703, 1135681207, 2018975454, 2917578904, 3740631203, 1552867350, 190087477, 91063631, 2027844126, 375848901, 2320675568, 2584820177, 2878212201, 2746776739, 3734551016, 2064115990, 3363440368, 2794921407, 1828099778, 1348779410, 1575715181, 247376797, 3782448302, 642530350, 3120162537, 177325442, 1881934459, 2529264765, 637421518, 2310588452, 1638208587, 4244524539, 1404537489, 126064142, 2698529093, 3247739255, 2332081155, 3452629039, 3510765113, 748616503, 4162236382, 463115573, 1056389235, 3964574657, 57812166, 602231340, 4201749559, 3276408951, 2628560499, 1962121085, 1580554775, 2975077963, 4211225707, 3532659450, 2389499005, 3031527024, 695760745, 3411217790, 2303102600, 3223474438, 219989059, 1827532644, 281945352, 1609946996, 2374581416, 1655989847, 3100755180, 994664833, 37884146, 3705324190, 4089394185, 3792064961, 2320742618, 4220488717, 1584043437, 1852215899, 1487646874, 959384331, 2800710502, 641438687, 594418563, 2152848446, 1128424374, 2839624603, 1458845989, 3132155951, 3965998134, 3498551705, 2167555578, 3251680935, 2757655067, 194404564, 2456778106, 3962377423, 3561330549, 2026846961, 684698591, 1582403320, 2169796529, 430829100, 1366932847, 2777489549, 2619577801, 3057861950, 647468141, 2608483975, 137348377, 4154671110, 4230467899, 913185441, 2349676019, 975037614, 9502503, 3008979661, 1361400750, 2173570833, 324187162, 2856973794, 2112982528, 1336033962, 942840878, 4221063252, 172559662, 2171666324, 226507703, 3332113263, 867808320, 1834087614, 407792363, 1924384869, 1587470466, 1629413686, 2171886097, 2223657407, 563779669, 885351149, 338255613, 2029248713, 522882056, 3649480917, 3017969375, 1491286361, 2320823132, 118332932, 3785258565, 3255788401, 1702736702, 3063860680, 246038280, 2701576694, 915053913, 720103892, 2813021928, 2794851224, 915919095, 241508802, 2328927442, 2864254210, 2581396474, 705354055, 809724301, 459497619, 1307568617, 2694605378, 3766259949, 2664545443, 2950914947, 2963725988, 4262127983, 2137664592, 310114902, 707437207, 3308500373, 2148942796, 565624441, 4205155530, 2480532070, 237256651, 2836855994, 1021025949, 2758672951, 4009041783, 467804876, 3855300603, 2620966150, 3198069242, 1591272265, 112117630, 583290118, 3015975560, 4071029738, 1101927980, 318474172, 3728957148, 2191826496, 151299227, 4162891516, 375046342, 2952311795, 3427514239, 26539064, 1973047296, 15620315, 879850990, 753369597, 2589278956, 3843867840, 1296853279, 3580343594, 156561011, 1402232216, 3988964426, 349711340, 1877644142, 1137599688, 1407004694, 1890403681, 2662912986, 1277327525, 1338733967, 1860179290, 2211273523, 1911998921, 3642168400, 2154095479, 2690901398, 2044968867, 3726213946, 1400363740, 1207505882, 3720680623, 3830236071, 114970387, 807888195, 187699333, 3010373553, 825764653, 3860987310, 2812663013, 3802011396, 3071668671, 2076765170, 2429861266, 777762585, 155317468, 2923057668, 2318386286, 4020688020, 147540016, 3142394328, 961920307, 776797790, 1667669494, 3146873178, 3361448731, 858799903, 1993082993, 2706553832, 4184600147, 455734463, 3269228119, 3858245592, 3861738310, 2970705989, 1458549116, 3302432395, 3290396779, 3470864654, 2799803700, 198821417, 2016363443, 513656750, 3153076181, 3964276868, 751073860, 2196246025, 2194528381, 1288198444, 2900103245, 4002210305, 1157606698, 3911506273, 3942472572, 3080430341, 768399065, 1145524273, 3283320377, 2660244983, 2108596228, 2693042144, 538129557, 4217735715, 3007501793, 3473978984, 2265342921, 324872054, 1224375549, 3331182379, 1023842899, 339259103, 1708422670, 3890164273, 1886006272, 492157032, 4069699506, 4145453392, 1585666638, 4181350323, 2311494716, 3377437418, 3995192569, 556479579, 964312818, 1486667158, 370365890, 820554201, 688375251, 2513344037, 88616993, 2840450020, 1395676376, 2318217724, 2390893969, 240337110, 3873999707, 1474619158, 935499728, 48812872, 2244216918, 1833877602, 214250375, 3711885283, 4057933237, 2472515581, 2990491195, 1416126045, 1191742156, 3614048602, 1969481731, 3113275745, 924418059, 1025653546, 1123447778, 177711506, 1648649609, 4102281358, 4047800296, 837370107, 3029634450, 2247217905, 1731836541, 4110397720, 887102233, 1810979497, 3081390335, 3832087395, 924088097, 4238380692, 1353573309, 3907494737, 1661470957, 1832132306, 1295795599, 3099794563, 2692401880, 4144171840, 3342833897, 3526440117, 1102227803, 973463079, 3393292069, 1650160821, 3153465088, 751885603, 1388649984, 3047647722, 4153107360, 2191199638, 2850012443, 2411903551, 770661306, 2803817872, 611203569, 4233098568, 2647995843, 1188614818, 3284591651, 3477096279, 3670737087, 824974081, 3959114894, 3823022574, 1939027392, 106424398, 2311406425, 1767833401, 542660170, 3229372512, 2716519642, 1864023714, 3093629650, 2612357755, 2173416111, 168), None)
Loaded weights: -15.65213330684134, -11.571612700373333, -0.7288163655347796, 0.0, 0.0
events: 
  ----
(3, (2057895409, 921875608, 3760326939, 2774626230, 2066559067, 1421515865, 2616455141, 1495501250, 4158142593, 1827315312, 634899762, 3580013950, 283519883, 3098004380, 1348841859, 3730933705, 193913830, 672228331, 3060427259, 399864075, 4274401056, 4294393812, 3429582603, 1312757080, 3765261689, 1110815985, 2984861958, 3689558465, 1199135947, 489015578, 2269014143, 4062488123, 2292046669, 176955142, 4288223917, 3980138264, 1766436190, 1529409646, 192477782, 1116371815, 2642930875, 1365234228, 2139798475, 923034157, 3384364622, 2426880925, 3911036459, 413938009, 917944392, 2787682324, 548649897, 2757168110, 75523802, 257303581, 1531944150, 1439608357, 958510466, 4184136538, 824913290, 372045503, 3603188038, 2114190006, 3272676177, 3358365935, 2875230061, 752261013, 1255320292, 2111449015, 314214308, 1337056321, 2211845168, 3384601809, 3568279689, 903772272, 554148585, 1067152796, 3998066963, 2812048147, 1376759423, 1747923086, 1327696105, 3695707772, 2281199013, 26062927, 3408585138, 4036997688, 1880269663, 4076556755, 3599912636, 2044201070, 1408373741, 691466700, 1763111539, 2907148150, 4131228229, 3107866454, 539373077, 4195641585, 1155922469, 3563144610, 3708166179, 2496280051, 3854006684, 895596332, 3132611573, 2209580632, 1912445135, 426071326, 3187377129, 3983373847, 3307148826, 543470999, 3139236233, 569194086, 3914553462, 3750246702, 1851544642, 2933617417, 2800445712, 4050685759, 2263704752, 907989310, 1153957965, 360738134, 1071364425, 474657333, 3400068872, 109513311, 2352347931, 1895732678, 3464569465, 1030618447, 4211671562, 1871813892, 1963101825, 2853631772, 220263238, 2754022893, 1814265643, 4247257166, 3897568178, 351577076, 4221248335, 3258152482, 722129790, 2696007036, 2707439348, 270580921, 1618641744, 837786029, 246600013, 3909794585, 1811880413, 1669192911, 383183343, 407616251, 2127855034, 2315684167, 349055469, 2657246595, 221700815, 2899214168, 1196352729, 2116470011, 1545700406, 2113039904, 251397669, 3949757372, 3024381137, 3472198777, 425597465, 4164392812, 106413835, 2013307462, 1254845042, 2213163886, 1328650366, 1372237546, 2641854819, 3273034481, 1490844579, 131216351, 2496756000, 3246752817, 3478197626, 421469654, 3964712883, 2749824356, 984313250, 3312227319, 3273261665, 1567607634, 3951842949, 3793159177, 2229731194, 3493010277, 610734589, 517048253, 3370329015, 43338377, 1985497827, 2403987117, 4027076565, 2887816048, 1214835134, 2428354932, 59139129, 3385811299, 3228251318, 2752989201, 2596166419, 84531745, 3208248570, 2008698483, 1609503373, 137763296, 976987176, 3304186801, 2204081117, 3008260527, 3686340859, 4199868277, 50915028, 3701440747, 1632418601, 699228786, 710743487, 2147786976, 2612988692, 419365858, 446289407, 1947846225, 203713352, 3060131789, 1262856294, 1070054297, 3590324727, 940282338, 1420645308, 912124794, 1130617774, 1398127571, 2119083073, 2868517603, 2515412582, 3022195421, 2690677322, 186093395, 3706266184, 828806703, 2384564221, 3164510990, 726593026, 954363477, 2939920565, 1267734270, 3142198356, 152077517, 1623694399, 2858960303, 1231435836, 2360750137, 3841969872, 335871399, 3917066753, 1028973848, 639914107, 1781099349, 2981103742, 2585132990, 3027506104, 149241728, 2681983323, 1252113176, 1879906762, 2193823837, 1867046895, 1555589283, 1973480098, 3608446938, 1607677204, 2658291828, 1516677626, 3876451401, 727383658, 960442298, 3481987766, 1935169489, 870985051, 422915567, 54464240, 3795459901, 3251810920, 1523663257, 2509197479, 255750338, 4036348037, 1674637993, 2639218562, 405965100, 948135949, 946692234, 146883208, 3911037830, 2258456581, 1769121412, 785338538, 1859113321, 1328693354, 2096367814, 2129479655, 2987838447, 3437487362, 3534473775, 3578475738, 364337418, 3016949216, 2368523890, 135107290, 49690698, 2003830207, 3341246869, 1406221379, 1516510702, 2882926210, 872537924, 3485129541, 2312856551, 1704867163, 1407056607, 2053849130, 3489438874, 2213748283, 1517385420, 1903237947, 2388598746, 578738392, 1388896418, 2896841084, 2258165083, 3242964286, 3349480408, 1454963660, 2736510116, 4088871407, 3062260662, 1051725739, 256681354, 3127133322, 1039494446, 2468426670, 871772774, 134014295, 1788443204, 3871649697, 2131493418, 4023708896, 2057067222, 3237102410, 3254648518, 4291165762, 2386194328, 756797287, 1442648645, 3670636113, 3968306636, 89745773, 2331002104, 970298925, 1389812630, 2763562738, 835402687, 2792390008, 2485577226, 3787456615, 3575228882, 2163012427, 129432253, 1905485414, 3349916392, 1257148999, 1845831337, 3083240778, 938309322, 3170110411, 1749417246, 2227398607, 3970193951, 2726086259, 602682506, 3921503148, 3446646984, 3289079236, 1635462019, 3084937603, 3962836229, 4184730222, 591223224, 1526269578, 534838694, 24422489, 1918297948, 4067071068, 4057516371, 714628467, 3240566484, 2349672613, 2695325530, 2908517476, 1487770472, 2560607875, 1270109518, 1020545841, 1036432080, 4022525641, 2047828349, 1359674446, 1109778497, 4018577596, 4104488235, 4287172761, 1085972187, 2690147871, 1489397211, 3860996600, 2735782271, 3662581815, 4121331916, 69439831, 188275577, 284635960, 90283409, 3258084063, 1115869046, 268331388, 2360615653, 2758625084, 3840670939, 958151563, 73891658, 179199672, 1562469568, 2600078056, 832549455, 2013111936, 2250245888, 2551601873, 705099037, 2901383951, 3937853904, 1060369642, 2453583737, 3959708340, 2973578036, 1886736605, 3117113108, 1214985873, 3922545964, 1836871732, 55580803, 2566994254, 2192105722, 3332041326, 2659474038, 2653599898, 131386562, 3501147966, 1447362854, 3110380666, 2998470139, 705355546, 4265404783, 1547750647, 2262382891, 3407080424, 2002448158, 715753061, 3412733785, 3386262954, 4016962805, 2040267680, 1216319927, 751444464, 3864569831, 708922260, 2455216555, 1273267152, 472326976, 1222541093, 3162951948, 216187090, 3571050046, 80695640, 2005627427, 2496521788, 2094345760, 199344559, 818675538, 1449610573, 1292013864, 1348618540, 4208243898, 2667816267, 2714882079, 3356208745, 1963553974, 3630136619, 3052990274, 3082348298, 729502572, 3686891292, 789389140, 1086340052, 1671514248, 3731226473, 4006257401, 1074077142, 4047390821, 3081630712, 183650148, 2930076844, 4210521887, 2013886831, 1194719506, 2292640904, 785631325, 2195592208, 2852530523, 4254623209, 194007909, 3609548816, 2883873289, 3727303226, 1867381332, 1813552454, 2828669213, 1811059319, 957790554, 3785816876, 1487422049, 1998272390, 1624986138, 3591439495, 725822356, 1764647460, 2346995591, 3709725915, 585139661, 1191975805, 625120383, 612399946, 322628795, 1446062627, 2588114088, 3033399263, 3579514968, 3397945137, 1969059883, 2841972718, 2513046761, 1306505955, 2481532408, 1851558129, 2891231641, 1466471335, 1677696271, 1561279276, 3638900850, 3091644108, 1862334141, 2732842753, 1351757864, 2561695553, 3830924011, 132471796, 2901792812, 1539951641, 1160467821, 964392288, 1030517624, 2176459408, 2235586583, 2748054935, 3571607119, 2717164589, 2198650631, 3832766070, 3086276463, 1037025878, 846915186, 3808643104, 4147882252, 793954681, 369668095, 2455516764, 3187798398, 1146941972, 1270332633, 3279974891, 2601764745, 508604733, 492539680, 1132931521, 2845197063, 1408279297, 2350053702, 587754362, 4166511048, 1692414960, 1019077678, 3542779654, 290416688, 1297625264, 1054325322, 279888074, 3637592869, 2820687760, 1938177431, 3969117514, 2195983994, 736245805, 1239731275, 380180252, 489759817, 503), None)
Loaded weights: -15.65213330684134, -24.412601815407765, -0.7288163655347796, 0.0, 0.0
