Starting iterations: 50
(3, (2079627142, 1879629168, 2736237893, 1722573433, 2851760652, 2946069292, 521342292, 2626267957, 530516446, 2239308340, 1107608832, 3541895195, 2342304691, 3018768678, 2316491683, 1704471549, 2732080767, 3815263563, 3853707401, 2359504984, 1634890256, 3915222483, 4282611787, 51493504, 1940022267, 3795969236, 1981483452, 698589175, 3551603994, 1296806624, 171882274, 3719033508, 2936634793, 2223032640, 169679576, 3881464768, 910367769, 2740235318, 2991009858, 2524460843, 2494784090, 2761690179, 64556819, 3022673968, 1714746786, 191794626, 2175489588, 638890650, 4161585387, 788165130, 3146417635, 817587292, 1189335506, 510140852, 58361143, 3869537860, 1290198373, 185546621, 3213685390, 3029711172, 1040047883, 3078108495, 3912541209, 2116401450, 1537691983, 131928608, 2262977193, 1383506029, 1156245880, 2883627200, 321552481, 1802138853, 754697844, 2804884897, 156432137, 2601050611, 4263119362, 4201306549, 4281220526, 4178795264, 1616355931, 2079334924, 1005059415, 635125978, 894771668, 1447154741, 3325075714, 1339534963, 4197731182, 2998754445, 689105516, 3304297261, 2749203166, 2382254217, 1025738017, 2252809907, 3439991303, 3552618890, 3669666748, 1361713917, 1780569422, 1751259047, 352475859, 241614100, 1151143031, 1419882146, 4059175363, 4023005613, 1321718957, 4185726917, 2707035733, 226460671, 2082502962, 1655162980, 696666944, 2150737555, 2990295384, 1978322220, 998194988, 622811482, 1792637424, 4014222337, 912395792, 1952780206, 4001990042, 421241470, 3638440535, 3326271873, 3599745316, 3860342262, 765839908, 1280577561, 1850751206, 876281026, 3333711606, 3393247739, 1457560764, 3233671979, 1098949323, 3500924928, 2326218858, 1192879252, 3007748175, 3721514155, 1387587791, 2176324880, 3671211277, 3437430311, 3578418764, 3377359542, 171099547, 2857672036, 3687576472, 2036714666, 1374925565, 2838211525, 1465642678, 1525387719, 188837139, 3253113691, 660741021, 2806654468, 307045487, 3366339467, 2298861090, 836784745, 931646265, 3305479008, 2882669575, 3068340141, 2789703827, 4213504561, 812592503, 4280914682, 2196820442, 3263821280, 1253255381, 1845173336, 4249638820, 182650569, 3144737548, 264315720, 3230172059, 2142310124, 2321956567, 4198326189, 796465472, 2202190864, 1868684765, 8072794, 1668729391, 4073894250, 2860844494, 1405617425, 3559481495, 1563179508, 1358501521, 1316031237, 3577397374, 473267983, 3314327768, 3315500536, 3075153535, 3141379445, 994719040, 1120755164, 3386972634, 3783520086, 1468811032, 2411949651, 55672936, 965719225, 1464383363, 713341180, 1438401887, 1724661663, 737693513, 3524738177, 2968273236, 1186428368, 2467280525, 1235562879, 4079342536, 3049182170, 305433718, 563686551, 3263605949, 2573455731, 2901638065, 3944490922, 32793172, 917564196, 3616691002, 2290197063, 2817979869, 905966271, 2350221603, 93813825, 732671714, 668898842, 2519241156, 845670261, 842161567, 2367724382, 1733926421, 705476426, 267794303, 1014642240, 1483278053, 2590283200, 44214222, 1771515844, 2092902555, 4217316538, 2795139610, 5768292, 2858697384, 3458159422, 1008249181, 2766863247, 1598685968, 2230017991, 431781839, 1189761079, 754627196, 221992949, 4158036584, 3536804548, 864447783, 535706952, 3069015331, 469030069, 124238952, 66197683, 1454076252, 2345657765, 3492679905, 1093814996, 1458227334, 4179134412, 3116294446, 2256068583, 3244733504, 3564872558, 931087244, 2162340879, 344529038, 2722913870, 2989552170, 3422896964, 3788411932, 3579476617, 2854061855, 1499643844, 2089525882, 495286449, 1965748116, 4063138242, 3467021677, 1103996068, 138484001, 2394132225, 2281741265, 2917208256, 945787228, 1343745778, 1888141620, 1927530769, 3899022187, 2531832669, 3387798680, 1118728203, 2692842824, 2227240428, 674005653, 619338996, 3663732612, 2492785890, 3483179521, 2137149999, 1249867412, 1614924268, 3023220997, 3930604669, 4263597065, 3863280373, 261054418, 26500171, 3036766182, 156110002, 2352917333, 68150538, 1552043690, 794038405, 3174622829, 4259285060, 4063486787, 3829115569, 3585918428, 2928350194, 6014353, 2852629891, 3495464942, 2887930425, 817862190, 1846174793, 3004795748, 3922895682, 142524298, 1794835864, 2633573604, 2600776107, 3925018299, 1185396674, 401636293, 1371070007, 2925593267, 4099000442, 1830894492, 926266054, 2617759809, 1207595617, 2449547951, 1811798176, 2864593035, 3090688755, 4251480628, 2106983013, 1198005025, 3789822568, 1129310829, 2184162176, 1806815067, 1524394316, 2229005944, 3540102447, 2674045622, 1867850946, 1315873559, 1217605641, 365038851, 617890784, 3827768445, 3553780854, 1514038042, 40709545, 2194111193, 3412375510, 1142626167, 2005934151, 3477115469, 103921670, 1915222445, 3272437514, 3589347209, 3347577494, 991269954, 211389030, 3599606644, 213706829, 2780729040, 2143310450, 2831128187, 2624415670, 1628389416, 4255317601, 444938691, 2706819909, 3988679810, 1873310246, 2615522453, 2673285377, 2351520925, 35606707, 4144777085, 861257772, 1042194913, 563793084, 1969533877, 308890348, 1082643784, 4148061697, 1910006974, 4083507383, 1763169932, 4024555794, 4193494249, 2826526093, 1002480981, 969268420, 3037461571, 2483027590, 3698283844, 714290712, 3617597625, 26734444, 3609849298, 4013004856, 3167731123, 1406123441, 1800432581, 1543746572, 3482261649, 698615727, 2631493222, 164067789, 125706932, 711447591, 3985732699, 1982442874, 2580381485, 2624365280, 448957327, 4176490790, 3704036485, 2240729999, 509166585, 1877673887, 3015694688, 1103783119, 3644873209, 392985019, 4271398017, 411239841, 1206406213, 999879086, 512611024, 4193273202, 1827955882, 139977236, 2866373303, 4052490593, 2253743516, 1985523372, 2645979209, 1790668081, 1315230913, 3958431320, 3810436385, 2173779244, 3890427547, 2426081976, 2853256375, 705829400, 1137922073, 1730461247, 1880848427, 1254982389, 3026375749, 2438528904, 2467361175, 3639707246, 92070974, 2204121675, 3102598984, 3708910115, 2187279129, 1867479860, 1656126319, 4072323059, 2551208639, 1331070135, 3539925142, 2678508079, 10762673, 2491393950, 1035048433, 3456625552, 3079403284, 565655595, 4265300702, 399629589, 3395764690, 743506758, 2254141504, 1580727926, 2820437773, 1293288337, 2638895775, 1276947984, 2467480225, 2705394058, 1789261329, 2868400991, 898875402, 105756667, 1409169308, 960042065, 3649638143, 878623172, 2769315155, 1703053344, 3897165714, 2790296170, 1933676255, 2761898772, 438058578, 2068045819, 2273455274, 3865755570, 4124923085, 3913354813, 2289552021, 3420977345, 4070551056, 1198816018, 2095623776, 1957627184, 1634153119, 981878911, 4273933975, 3974953814, 856135674, 318722832, 717483717, 1144460595, 211226292, 3279633307, 1873533484, 574529984, 4166067684, 3518485625, 3907392379, 1034842076, 531386494, 1212224853, 1837060150, 3038295509, 44081925, 1778391450, 80272774, 425617529, 35288783, 1118978931, 3726232900, 3348454479, 582056418, 3427140069, 2581129639, 2608791183, 246400406, 2589800176, 195192820, 373848114, 1035211418, 1271843855, 3795601497, 3420455167, 2397803432, 321787530, 4220201904, 532137150, 2131804438, 3559270119, 689385193, 3000006788, 3197779585, 144532893, 3090760295, 952529600, 1545853227, 3661664635, 1464209877, 1357899109, 477045196, 2433371163, 4075626151, 3849199439, 2972478456, 229093557, 1001891387, 439910285, 1878109341, 593720228, 660716810, 78398797, 2200325235, 2457002524, 741668370, 3717018710, 2345401685, 2899656042, 2750603740, 1190125441, 1), None)
events: me killed itself, 
  ----
(3, (2079627142, 1879629168, 2736237893, 1722573433, 2851760652, 2946069292, 521342292, 2626267957, 530516446, 2239308340, 1107608832, 3541895195, 2342304691, 3018768678, 2316491683, 1704471549, 2732080767, 3815263563, 3853707401, 2359504984, 1634890256, 3915222483, 4282611787, 51493504, 1940022267, 3795969236, 1981483452, 698589175, 3551603994, 1296806624, 171882274, 3719033508, 2936634793, 2223032640, 169679576, 3881464768, 910367769, 2740235318, 2991009858, 2524460843, 2494784090, 2761690179, 64556819, 3022673968, 1714746786, 191794626, 2175489588, 638890650, 4161585387, 788165130, 3146417635, 817587292, 1189335506, 510140852, 58361143, 3869537860, 1290198373, 185546621, 3213685390, 3029711172, 1040047883, 3078108495, 3912541209, 2116401450, 1537691983, 131928608, 2262977193, 1383506029, 1156245880, 2883627200, 321552481, 1802138853, 754697844, 2804884897, 156432137, 2601050611, 4263119362, 4201306549, 4281220526, 4178795264, 1616355931, 2079334924, 1005059415, 635125978, 894771668, 1447154741, 3325075714, 1339534963, 4197731182, 2998754445, 689105516, 3304297261, 2749203166, 2382254217, 1025738017, 2252809907, 3439991303, 3552618890, 3669666748, 1361713917, 1780569422, 1751259047, 352475859, 241614100, 1151143031, 1419882146, 4059175363, 4023005613, 1321718957, 4185726917, 2707035733, 226460671, 2082502962, 1655162980, 696666944, 2150737555, 2990295384, 1978322220, 998194988, 622811482, 1792637424, 4014222337, 912395792, 1952780206, 4001990042, 421241470, 3638440535, 3326271873, 3599745316, 3860342262, 765839908, 1280577561, 1850751206, 876281026, 3333711606, 3393247739, 1457560764, 3233671979, 1098949323, 3500924928, 2326218858, 1192879252, 3007748175, 3721514155, 1387587791, 2176324880, 3671211277, 3437430311, 3578418764, 3377359542, 171099547, 2857672036, 3687576472, 2036714666, 1374925565, 2838211525, 1465642678, 1525387719, 188837139, 3253113691, 660741021, 2806654468, 307045487, 3366339467, 2298861090, 836784745, 931646265, 3305479008, 2882669575, 3068340141, 2789703827, 4213504561, 812592503, 4280914682, 2196820442, 3263821280, 1253255381, 1845173336, 4249638820, 182650569, 3144737548, 264315720, 3230172059, 2142310124, 2321956567, 4198326189, 796465472, 2202190864, 1868684765, 8072794, 1668729391, 4073894250, 2860844494, 1405617425, 3559481495, 1563179508, 1358501521, 1316031237, 3577397374, 473267983, 3314327768, 3315500536, 3075153535, 3141379445, 994719040, 1120755164, 3386972634, 3783520086, 1468811032, 2411949651, 55672936, 965719225, 1464383363, 713341180, 1438401887, 1724661663, 737693513, 3524738177, 2968273236, 1186428368, 2467280525, 1235562879, 4079342536, 3049182170, 305433718, 563686551, 3263605949, 2573455731, 2901638065, 3944490922, 32793172, 917564196, 3616691002, 2290197063, 2817979869, 905966271, 2350221603, 93813825, 732671714, 668898842, 2519241156, 845670261, 842161567, 2367724382, 1733926421, 705476426, 267794303, 1014642240, 1483278053, 2590283200, 44214222, 1771515844, 2092902555, 4217316538, 2795139610, 5768292, 2858697384, 3458159422, 1008249181, 2766863247, 1598685968, 2230017991, 431781839, 1189761079, 754627196, 221992949, 4158036584, 3536804548, 864447783, 535706952, 3069015331, 469030069, 124238952, 66197683, 1454076252, 2345657765, 3492679905, 1093814996, 1458227334, 4179134412, 3116294446, 2256068583, 3244733504, 3564872558, 931087244, 2162340879, 344529038, 2722913870, 2989552170, 3422896964, 3788411932, 3579476617, 2854061855, 1499643844, 2089525882, 495286449, 1965748116, 4063138242, 3467021677, 1103996068, 138484001, 2394132225, 2281741265, 2917208256, 945787228, 1343745778, 1888141620, 1927530769, 3899022187, 2531832669, 3387798680, 1118728203, 2692842824, 2227240428, 674005653, 619338996, 3663732612, 2492785890, 3483179521, 2137149999, 1249867412, 1614924268, 3023220997, 3930604669, 4263597065, 3863280373, 261054418, 26500171, 3036766182, 156110002, 2352917333, 68150538, 1552043690, 794038405, 3174622829, 4259285060, 4063486787, 3829115569, 3585918428, 2928350194, 6014353, 2852629891, 3495464942, 2887930425, 817862190, 1846174793, 3004795748, 3922895682, 142524298, 1794835864, 2633573604, 2600776107, 3925018299, 1185396674, 401636293, 1371070007, 2925593267, 4099000442, 1830894492, 926266054, 2617759809, 1207595617, 2449547951, 1811798176, 2864593035, 3090688755, 4251480628, 2106983013, 1198005025, 3789822568, 1129310829, 2184162176, 1806815067, 1524394316, 2229005944, 3540102447, 2674045622, 1867850946, 1315873559, 1217605641, 365038851, 617890784, 3827768445, 3553780854, 1514038042, 40709545, 2194111193, 3412375510, 1142626167, 2005934151, 3477115469, 103921670, 1915222445, 3272437514, 3589347209, 3347577494, 991269954, 211389030, 3599606644, 213706829, 2780729040, 2143310450, 2831128187, 2624415670, 1628389416, 4255317601, 444938691, 2706819909, 3988679810, 1873310246, 2615522453, 2673285377, 2351520925, 35606707, 4144777085, 861257772, 1042194913, 563793084, 1969533877, 308890348, 1082643784, 4148061697, 1910006974, 4083507383, 1763169932, 4024555794, 4193494249, 2826526093, 1002480981, 969268420, 3037461571, 2483027590, 3698283844, 714290712, 3617597625, 26734444, 3609849298, 4013004856, 3167731123, 1406123441, 1800432581, 1543746572, 3482261649, 698615727, 2631493222, 164067789, 125706932, 711447591, 3985732699, 1982442874, 2580381485, 2624365280, 448957327, 4176490790, 3704036485, 2240729999, 509166585, 1877673887, 3015694688, 1103783119, 3644873209, 392985019, 4271398017, 411239841, 1206406213, 999879086, 512611024, 4193273202, 1827955882, 139977236, 2866373303, 4052490593, 2253743516, 1985523372, 2645979209, 1790668081, 1315230913, 3958431320, 3810436385, 2173779244, 3890427547, 2426081976, 2853256375, 705829400, 1137922073, 1730461247, 1880848427, 1254982389, 3026375749, 2438528904, 2467361175, 3639707246, 92070974, 2204121675, 3102598984, 3708910115, 2187279129, 1867479860, 1656126319, 4072323059, 2551208639, 1331070135, 3539925142, 2678508079, 10762673, 2491393950, 1035048433, 3456625552, 3079403284, 565655595, 4265300702, 399629589, 3395764690, 743506758, 2254141504, 1580727926, 2820437773, 1293288337, 2638895775, 1276947984, 2467480225, 2705394058, 1789261329, 2868400991, 898875402, 105756667, 1409169308, 960042065, 3649638143, 878623172, 2769315155, 1703053344, 3897165714, 2790296170, 1933676255, 2761898772, 438058578, 2068045819, 2273455274, 3865755570, 4124923085, 3913354813, 2289552021, 3420977345, 4070551056, 1198816018, 2095623776, 1957627184, 1634153119, 981878911, 4273933975, 3974953814, 856135674, 318722832, 717483717, 1144460595, 211226292, 3279633307, 1873533484, 574529984, 4166067684, 3518485625, 3907392379, 1034842076, 531386494, 1212224853, 1837060150, 3038295509, 44081925, 1778391450, 80272774, 425617529, 35288783, 1118978931, 3726232900, 3348454479, 582056418, 3427140069, 2581129639, 2608791183, 246400406, 2589800176, 195192820, 373848114, 1035211418, 1271843855, 3795601497, 3420455167, 2397803432, 321787530, 4220201904, 532137150, 2131804438, 3559270119, 689385193, 3000006788, 3197779585, 144532893, 3090760295, 952529600, 1545853227, 3661664635, 1464209877, 1357899109, 477045196, 2433371163, 4075626151, 3849199439, 2972478456, 229093557, 1001891387, 439910285, 1878109341, 593720228, 660716810, 78398797, 2200325235, 2457002524, 741668370, 3717018710, 2345401685, 2899656042, 2750603740, 1190125441, 195), None)
Loaded weights: -0.24131095336479763, 0.0, -0.6805283401956085, 0.0, -5.0
events: 
  ----
(3, (3435887603, 800617807, 535448164, 1851189664, 1608405468, 1827000327, 2325790711, 3789663771, 728587956, 659165709, 3854952130, 3580303395, 3399915390, 2122221677, 981040649, 675324009, 4211689640, 2955182269, 1940899750, 1549575818, 2178801207, 3144515567, 4088292428, 268915217, 1286019627, 3364373779, 2817714211, 819503726, 4265962187, 2335609412, 3558641851, 464801751, 3738654227, 407920507, 1127878691, 2724923114, 2511826433, 1588811749, 4089914276, 2531689964, 215182951, 1317672682, 3093324156, 330442724, 2956723472, 1401464735, 2179413358, 2376184317, 1704003250, 2139619069, 3877146327, 305928091, 2332599449, 2608375551, 2208580631, 3438682674, 1170017179, 3603531656, 142342513, 3879865784, 1171918834, 3846446316, 538180881, 2149944394, 2030303069, 2165136286, 4051628002, 251462358, 2479981089, 4061999070, 3437353827, 1757742056, 4110805920, 1245829391, 4015385116, 1088531901, 3059334269, 121921511, 2859353430, 1280101576, 3605554354, 2973224976, 976173640, 2918038307, 3362249388, 2735182533, 1550251235, 4169924413, 343268573, 2425402775, 2592587387, 3279368396, 1593834155, 1615964414, 1859155283, 95458223, 3266927474, 1165674117, 2824630733, 3711452769, 2239497546, 429818780, 1242043519, 2648390971, 3049269982, 1104911548, 85452907, 2459741451, 263631473, 1243182503, 491584726, 3609473531, 2246383237, 860392010, 922197324, 2834968609, 3327589455, 604549755, 580502637, 3227652580, 4087762846, 1553297615, 2331658065, 1773890613, 3907313796, 4041310932, 2191825559, 194543636, 822486859, 2574848226, 733306965, 739126175, 655180191, 4032746518, 3214065352, 853312142, 2077921721, 790211124, 238575841, 3326885416, 88330455, 1224974748, 3007344796, 1501661487, 3481549863, 4127078018, 462088959, 2753686545, 758998507, 554040064, 1381735368, 1721404992, 2536361740, 3546183188, 3544462401, 1903547509, 1624837231, 2215351154, 1238142679, 592217485, 1229361066, 367705150, 115620194, 1328242149, 1481489764, 2157559557, 963743981, 2203769093, 3150707263, 579098674, 107774546, 539962645, 3855906836, 1046074303, 2462664616, 239751295, 4140470205, 280482697, 3185239960, 1537405799, 1819971823, 2144446604, 2995540958, 690135334, 2229188876, 4222166402, 3511724404, 698173957, 3781304587, 2096400351, 3474337387, 2833030270, 2940904918, 3826937287, 3459213271, 879646847, 1959406410, 2314901330, 1723397456, 3628207535, 634313285, 4262384170, 1068162362, 641755974, 3821147607, 3440008216, 3803250645, 3503171885, 3507979154, 1311907306, 74593097, 2160823989, 682105762, 2661961001, 4045878778, 2762917474, 3483891739, 443993737, 2349489451, 1595989267, 2734843396, 70452658, 4130235007, 3896412733, 1973639286, 3178123342, 1604899791, 2567639197, 1018452237, 1256697158, 3065821251, 3689535893, 1275901030, 1697892747, 149361502, 995062890, 1699251838, 1837544281, 1388971479, 3377005057, 71276917, 2065146208, 675511527, 1726747734, 2246015245, 2196387485, 3654570694, 397055039, 1799204117, 3655632264, 4188748466, 3457324010, 3731936860, 1049360869, 1055109877, 716992871, 3957502483, 3942917016, 295965473, 1919144389, 580024660, 3358546261, 1841408683, 70552320, 1788302188, 281308085, 3837317545, 3761607832, 4065389510, 1194636395, 3887661399, 48312905, 2071286969, 175374289, 1132199185, 335838282, 320896984, 3727614333, 3654664671, 1067859300, 4240328462, 1567536866, 169791277, 1753304086, 3691628093, 1816092851, 3177310145, 2160423461, 3260802502, 789355292, 1970240872, 1026276393, 863990139, 2287302109, 1149496276, 2823960398, 2811638533, 2178314626, 1731558850, 1486468134, 373672759, 562638525, 3201056865, 1245986897, 3380035373, 2851157476, 1909810642, 3424970144, 1408910153, 3786186178, 765251216, 3990049740, 1996022831, 1782110473, 4255819919, 1662641003, 237332089, 2602399754, 1874325055, 1823164732, 3653025531, 3166052365, 2599688538, 1149031476, 3923231343, 3206215279, 1749795163, 3752883466, 1825670554, 2057362192, 561002429, 303981595, 2747071620, 1158134758, 1668837690, 3644761967, 2007894408, 841211372, 3016029948, 4137459253, 4093680, 3251590093, 915363741, 1168834054, 2543470864, 374671687, 179002494, 321753324, 3115621834, 2996056930, 4037880177, 4138476166, 150584629, 4112835897, 1982089815, 3616312525, 2705098820, 3357554045, 1890215474, 3227131555, 4103073491, 2230381574, 2071212883, 2233254919, 371643187, 1384019236, 2541090391, 1588477540, 3835283243, 1745150617, 3257896979, 3879212050, 2005866565, 802396992, 2450581400, 2677809725, 1322823275, 179989004, 208929402, 4190104687, 4134217297, 2347080972, 3451120122, 938732323, 3067634571, 1476590320, 4020878508, 1206133686, 2617567344, 956411929, 2383015415, 2760963429, 805258081, 4164824518, 1904941028, 1917794345, 1608912102, 134750878, 2592232973, 4177278525, 2650249173, 1409222567, 3576092165, 1282485214, 929362540, 2139568587, 622731367, 131760188, 1207935290, 161433663, 965294738, 3335667941, 940724720, 218845173, 3597641564, 357297203, 3446009767, 2135966888, 1343523741, 1128415604, 972302357, 1615374858, 991994881, 4160735930, 283880758, 235719978, 3474943781, 3489473384, 1491652056, 462832478, 3049263362, 2965214925, 1568258017, 3103884590, 3270899631, 1785838090, 500502543, 3838670054, 3672717902, 3801144411, 3655777068, 3863540109, 2854793574, 131137544, 4049209641, 2210620344, 1058323796, 1297330814, 225258699, 4032665456, 2424503630, 641980305, 2406518003, 3601988464, 1053934525, 2026302663, 1392884796, 1386227964, 2617421586, 96114182, 1082802279, 307070915, 4011566357, 4037320377, 3798372982, 1377024416, 1754480267, 2087416040, 1011580619, 3249491585, 2593919439, 2377296662, 3780031236, 3011417462, 1204290487, 3784394873, 1592075700, 1885543770, 2044432354, 2897117629, 2180185953, 1515988200, 2067617405, 3732661668, 2224953054, 3700148186, 105057202, 2080792729, 1803187241, 1298126766, 769714129, 1391395096, 2650561142, 2904982283, 4190652433, 895076391, 2890508232, 1134088823, 3669773264, 752443101, 1280326548, 2798410521, 2419384430, 2744166341, 1576534811, 1102966143, 2800376156, 3213963418, 1159864447, 2089729479, 2385275696, 1691711366, 166537057, 1237795578, 3662805633, 59602104, 1808085977, 4079134670, 3897274181, 1884662051, 1583053526, 1221021294, 1740489468, 4278852175, 2552125060, 4077366860, 2950951024, 659978110, 3935677223, 964759477, 893619526, 3084438946, 2587524750, 90898957, 1768414201, 2741206913, 3804692925, 226468880, 1620862767, 1289435642, 2885152502, 536799677, 1758607193, 944053132, 2243794403, 3730633088, 1243770467, 578052750, 1039920793, 3884129701, 2003832403, 1103434305, 929063628, 2159139650, 3327772391, 96736533, 836952820, 2505348427, 2882823079, 3761930514, 1940534490, 4260837116, 2438272689, 3448100930, 3743127556, 1341060158, 1891751668, 4039130355, 2932677362, 992035471, 2320775571, 2015394504, 1965012796, 4244840088, 33726777, 3657963526, 3758630231, 65047545, 306684222, 4134981480, 2689336170, 2533502663, 2808320818, 2265906062, 3870726899, 1383232463, 1152886133, 1302192491, 2708501540, 2352595838, 4246081827, 915700706, 4059120619, 2331516937, 3211376583, 3198685259, 4056578154, 934286751, 3557331458, 2951367347, 4225205818, 1704394232, 1780919704, 700657769, 577012750, 323310076, 4217820658, 1706783369, 2435679648, 2725716774, 2930348024, 3436400539, 3642511690, 3085663342, 84624601, 1903559865, 3034690617, 3242237999, 4013140609, 1923367040, 294463642, 661505621, 1877226455, 2693464512, 57), None)
Loaded weights: -0.23986085845121075, -0.17977015995425977, -0.6805283401956085, 0.0, -2.4891343492755817
events: 
  ----
(3, (3336349926, 2507633471, 3486991085, 2987966267, 4236599163, 1233008929, 2777238540, 1657953590, 4113203218, 402445062, 4100046066, 581757573, 4020813014, 3183293769, 1274716174, 93779364, 3423715188, 2948088975, 996523894, 1417916515, 3152956288, 700692923, 2454280355, 2259621343, 3708041308, 4057030863, 2945686413, 3066144908, 1268220936, 1008310183, 456111196, 4002141710, 3468090428, 223717836, 2710050232, 2393550910, 1330683395, 4212549245, 553842940, 3266582499, 3280502675, 3336112880, 2873741225, 3254303140, 377754269, 2866490321, 3624495145, 2207418992, 621292569, 2509261536, 2638547308, 2447494744, 619279568, 1213755290, 1077462664, 1957083617, 4258609332, 3823407066, 1265101339, 837336005, 1610753674, 1426317637, 94916643, 2768440086, 315304460, 2544161508, 3084525522, 1921442745, 723332687, 2548786149, 134869276, 113871643, 1032262361, 2906055873, 1959447831, 1667948005, 1775503962, 1392451868, 2276929053, 1972443117, 687404370, 617353926, 592506099, 3854635575, 2463587669, 2349243603, 2067180261, 1470908527, 1305161166, 3523765328, 498989311, 2634889635, 2104951761, 2206231975, 3376412688, 3164665807, 1452494998, 1961803816, 3268238280, 4009207149, 257397689, 1722872112, 3141300383, 380645115, 3324089671, 196584580, 869679519, 2200693500, 4256819059, 2823563063, 218863800, 2664963042, 623573218, 2505549206, 3919634249, 4090423705, 2194385688, 1377151080, 599555146, 303436822, 73445238, 1950235698, 2642456550, 1781074580, 817336068, 3219603304, 3133561413, 429258238, 4290455101, 1664217221, 2824458862, 1612430135, 28206526, 1787482658, 4004941029, 1054836365, 317183767, 4151532374, 2152030357, 963533065, 704541918, 2033999713, 3105050034, 356335674, 1694626556, 3156210425, 3009240411, 1244370889, 3470658560, 1661969287, 288957870, 913115423, 2385258159, 2279253164, 2692171940, 2651083812, 2192839419, 1001861459, 2372593420, 356623649, 2678180692, 2829483798, 1588043583, 1603070568, 1689475489, 1424322072, 1428161567, 469161412, 514644007, 1945606109, 2044664486, 2619811576, 4244970383, 2201000519, 2785927720, 3614588989, 743458691, 485479157, 785502570, 1329454591, 1007181759, 184649937, 2733088763, 2720227308, 3939941382, 3486238600, 1254682195, 1326398121, 3036709119, 4197712543, 435400532, 4141164239, 1732003138, 50926103, 4121683714, 3415496270, 2382719904, 3426078063, 193046083, 975545751, 146242698, 2346581151, 3167387408, 1396587534, 51631092, 2188796589, 3635188768, 1257194951, 1952210697, 1616346249, 4241884428, 3313076337, 875214189, 3594130693, 2659462314, 667360664, 1675144181, 2584140435, 2280577775, 2774566715, 2203656950, 1294740321, 2679354689, 1801225377, 970649202, 2570644207, 889600337, 26096831, 2953094556, 1300344339, 1189405486, 2592277832, 3807341883, 2717566371, 2138433283, 3348022061, 3090627189, 1141640902, 2667633498, 884981939, 2151081465, 3335761570, 920715151, 1475785517, 2009460510, 1469027861, 2254326435, 393752021, 87161727, 4003251706, 3785776170, 2990297970, 932981986, 703263272, 982982880, 3882773982, 1234929259, 3405057299, 1320324659, 3758088342, 2957686201, 1314943026, 2360407486, 2048604085, 1786569592, 2320900343, 2997804463, 3131050608, 1011605530, 27131869, 427855967, 2989885470, 921330918, 1622943358, 2307961941, 748164085, 596609665, 1755797852, 3459436778, 448157527, 653210859, 3695120833, 1088823274, 1255762805, 217288540, 3437209892, 3900879368, 19911785, 42314955, 1059057303, 580806109, 2457608814, 176609493, 3583765048, 1722808350, 3789457170, 3607124772, 2073251837, 713380104, 2947368861, 620413760, 4070858232, 2671791378, 3563529491, 101170158, 4284325108, 1401120061, 3624756265, 337271847, 1973324731, 3542662097, 1889771421, 538067080, 3706408573, 3207072005, 3553701421, 3750156373, 4084121407, 2874711357, 3366055027, 1154731390, 2219177149, 3734937045, 4218421630, 2993359808, 803212218, 3241123816, 2034192756, 1541446840, 848092062, 2260184105, 3623873285, 1765046647, 40532226, 918292884, 2255414199, 2975713729, 350872518, 2090787879, 1698022298, 750304431, 737133656, 3508246170, 2298908560, 2151128084, 652857973, 461429856, 414900627, 762586499, 2094959489, 293542871, 3989037377, 478018859, 1490866097, 2874868551, 2938462751, 2653510372, 3490505079, 3644720313, 3806405128, 686990369, 168043923, 2774094929, 3237744209, 3729547716, 318188385, 1446594107, 2193237908, 2486607602, 17577316, 1721846323, 2278477313, 2885042009, 3126144663, 2632791560, 817556458, 1716688513, 386081939, 2478460919, 1813054808, 3257428522, 3333340249, 1559564650, 13669345, 1471564843, 3133028698, 1991488762, 2443427692, 1831737285, 3232487707, 2496405509, 2856601806, 1761245435, 770019309, 3151624463, 828366420, 2012448402, 3986063743, 2035387705, 720789690, 1942464843, 362166773, 2974471634, 937574069, 3122986703, 2773905798, 1288740321, 536317730, 2529598481, 3189965490, 407031617, 3068105982, 1346818221, 1644117501, 2627894383, 180013043, 2241601739, 2834389573, 3614705269, 3805208983, 858605330, 1899169245, 4033590035, 3329277243, 3409161210, 3037110542, 1574646819, 1690507878, 2249645360, 2787800977, 2456307639, 4104632539, 2666963002, 551477032, 1071093954, 3820906449, 1378993914, 2443352107, 758732419, 1490675963, 1008131356, 3415241753, 1680842140, 3262980030, 3689376591, 3630466117, 2211012100, 484901964, 1963122905, 3623013350, 2708856758, 2808748244, 4066383703, 4083574864, 2766533123, 2575727490, 1691466349, 1223013543, 3630059083, 1537408471, 836023965, 3522200918, 651443374, 3372512078, 755356182, 843183296, 176847047, 119269955, 2131540285, 3802548151, 288351910, 123909788, 238083246, 2092104615, 3199744310, 1782802853, 3601681239, 3712719835, 1029940083, 4000179085, 1153753180, 2650880769, 3360923404, 198479108, 2763058942, 227740650, 2029281285, 486489970, 1758436325, 55064201, 1399633721, 1686294083, 1171116461, 1463961976, 2030329532, 711930878, 4183369273, 887010743, 2102532015, 281180460, 3939679021, 3247096930, 3831034056, 3564846035, 3513851708, 3712482372, 1165938458, 3715535883, 2071003133, 1206921842, 951308470, 2433592371, 3896248409, 1554186135, 1089039925, 2926544376, 110017904, 3484615328, 1935558176, 631989694, 4059581711, 1433475424, 1196636906, 2601480294, 34642139, 2104797488, 4228283426, 2293802508, 929852157, 2246151089, 3482010562, 1260029097, 618704173, 4265097246, 1354001206, 4235291686, 857823667, 2054043801, 1456341856, 904509427, 169642620, 306815606, 3488850923, 1146135163, 2621491199, 1463884499, 3650870580, 3274083053, 780978864, 1009658403, 1117403265, 2849716902, 800646683, 990628932, 2731928353, 1125248450, 2704155108, 1247096101, 2816650124, 283206426, 1016193660, 3877515795, 3769372566, 3738174915, 1931385305, 1157500765, 3294457148, 2078159318, 4017608128, 1295596172, 4111905524, 3132639114, 409492793, 3280550947, 901705104, 3296233463, 2753986210, 408734536, 3606611701, 1281096862, 2320853005, 4176136926, 3970047960, 1954195266, 540895311, 1651336924, 1562862178, 944414259, 1276691500, 1121643551, 2612409248, 2143056110, 3464727482, 2424646919, 1155964782, 3973292743, 3286011764, 1285882674, 1228102535, 3592289348, 3365818475, 2852020420, 3176383233, 2002834566, 513903725, 2919834894, 2277772483, 3401492730, 2543136202, 195155606, 4289823987, 993551502, 3779823469, 2906564169, 806358511, 3998645510, 956512723, 2052933018, 3541461134, 1614605494, 2807815192, 354635835, 555376308, 345887457, 162), None)
Loaded weights: -0.32748373685613125, -0.4336195060580066, -0.6805283401956085, 0.0, -2.498498571003896
