Starting iterations: 50
(3, (3241866828, 2521502599, 1959392184, 2626879975, 2452117094, 4187607036, 3478503729, 437252130, 2783672665, 1668122695, 168459210, 1916003733, 1394212275, 2043429075, 1514132629, 2001246225, 3213976658, 4170652701, 3342917913, 3110919981, 2272054246, 4046164047, 3069524078, 2633763439, 2580040039, 4262145336, 3730713362, 2097687310, 259497354, 2852116468, 3474547994, 1906521484, 3740175172, 1708108588, 95336357, 2460615551, 140646159, 545395168, 3410040304, 2942920358, 2495201432, 3991850759, 2155460319, 1889171234, 2772881567, 196911003, 1114989241, 1870630480, 2297927923, 904597581, 867759755, 1116876118, 2031312731, 2965715934, 3036809947, 732621391, 44883480, 508997239, 1215283819, 1162516855, 184960930, 2938818740, 3853778682, 3677539834, 1752654000, 552206828, 1249442021, 1197629168, 2569793019, 2784352071, 3884358368, 3947555980, 962172535, 465125590, 492104369, 2043101209, 2445380362, 3108737368, 3115479529, 3824179122, 508448795, 2441435778, 1762040616, 607176077, 352271988, 956125191, 1403496462, 1302814041, 2423089441, 1176562065, 3101676051, 3382834005, 1910257492, 2537061215, 1600334990, 2735003983, 3835835259, 4135855911, 1262561390, 2492385814, 3940990728, 4044858091, 3341002117, 816112396, 3189772873, 3896274133, 4279303010, 3576230369, 414858259, 556424976, 2454809110, 3054282093, 1833704656, 2783890494, 403833327, 1967678549, 2276484871, 3060763070, 2921824464, 1348063826, 4029567285, 2427877993, 2498284706, 3401057179, 1886585710, 3572114615, 2851476741, 3183907663, 2415728693, 3574188744, 3056414370, 259675052, 967147676, 1180444120, 2671445027, 3961005385, 1156347536, 468277731, 1813863650, 2294501782, 13056975, 2342189834, 4007194604, 4142646842, 1927245813, 1202672895, 3457308082, 417289471, 1772086965, 99323626, 3092828388, 3548015513, 2471057534, 1699991807, 1900706323, 3094878212, 2210734636, 1698383441, 1758465066, 1211783599, 3285500347, 459389639, 1600550903, 2929457624, 2116566846, 3766291073, 1589606114, 72262734, 128958175, 1735857350, 950863389, 866623150, 1956167268, 1568241491, 1116399493, 1047471797, 1568407167, 3744721263, 3553526714, 2269558046, 2121603378, 1563907030, 3714745305, 2450127326, 3436204648, 3329700355, 1479422201, 3400607378, 395903541, 2486196998, 728351293, 3108098410, 1364856933, 1711319904, 995983414, 1561605783, 966586854, 2682826492, 2933423848, 2995777819, 2223874792, 543445438, 236341696, 803901425, 1624234713, 3281196995, 7857760, 1289224817, 3135193779, 2906239255, 3984342984, 2948922045, 1119720385, 1838365609, 1716354556, 140836953, 3721472497, 2572800033, 2424894339, 3355233894, 3486739585, 3338037117, 3173645652, 1920320315, 283147965, 2014468071, 2032211641, 2964699067, 3641149139, 2069216780, 3065013529, 526400316, 697489174, 4125322385, 4008436534, 640939347, 1882613580, 403396704, 3843223895, 2399498794, 994087305, 4075384917, 2461569005, 2315561276, 3068338958, 722997420, 3516158656, 3442470597, 78641784, 2158341235, 4078817162, 3682648771, 462223925, 2218615686, 1298694545, 1288033685, 2212540012, 4019291727, 4177030889, 320604282, 1841383191, 2145919153, 401188159, 1975503926, 4120286311, 2475241044, 1402762499, 3809825246, 189165808, 279130909, 3701649975, 2916192005, 2228258426, 3244626167, 3161635076, 237551820, 539429605, 2568780409, 2227384405, 2384085359, 3782114383, 3006861405, 3824367287, 1154983717, 3693262908, 4165729285, 197077045, 998611058, 2248096081, 1300919519, 1696353895, 587366320, 477494679, 4197175756, 2116905303, 2739982537, 2329447622, 3766622440, 1522232182, 3745602704, 609977552, 3028318851, 1877325718, 1662491704, 2140676124, 3714919890, 2232645398, 2698541851, 2661066469, 2520599563, 3559664993, 3021069872, 4264030725, 2414811194, 106981773, 337486168, 901323520, 3926010517, 3065557574, 2676789550, 1657392161, 3429510412, 2386837772, 720055238, 3296629969, 3671493743, 3364336304, 3039919333, 1001032515, 468072685, 464384217, 11464376, 2180241277, 2267487229, 380267813, 630070117, 2233101798, 270485509, 4271093912, 4232160708, 35510416, 408331790, 203299130, 2546257453, 3308179424, 2898449352, 2867580272, 2823448109, 2735023738, 1704994022, 1723701602, 3675147600, 990869171, 1718903073, 306126887, 680887398, 451724232, 1572553903, 995959584, 2896470085, 4189797323, 1992269878, 1236720481, 1042941725, 2937717230, 2787912496, 1226538451, 1386172648, 1897095642, 2142639638, 418447293, 1810691840, 2348420256, 1348598511, 1840098399, 2747873056, 2480238450, 1360777448, 355146928, 557033539, 1743809766, 3738747662, 3429769179, 1119696456, 3383483350, 3353537294, 2446741754, 2876503727, 3350629559, 3703964085, 3450622321, 1251009758, 1468489785, 695393860, 130650111, 1926022051, 2091676410, 716046736, 3956052972, 316966535, 1053976470, 3615172484, 1903720299, 3462627025, 582550410, 2699517147, 1628511629, 3067454222, 4129737973, 949474140, 3698200476, 2835433166, 4006654915, 3573225651, 3721889911, 2486909418, 2449850031, 2307454527, 812015643, 18924706, 1790526534, 4078315419, 3352037709, 674624735, 1271054795, 2440962990, 2690329681, 1713534292, 1478577051, 3522224807, 544012656, 1529704545, 183112315, 818173205, 2644030845, 2670118915, 3535097732, 168046154, 2127141611, 2955662987, 2930300613, 1364242294, 2282986415, 3255740727, 4265820644, 2444276491, 4227887450, 2917249545, 1402949426, 295593313, 545762396, 3377899379, 3531664136, 2296512054, 398117185, 415052531, 1291043698, 500159348, 501683474, 3459029844, 3477711567, 92925174, 3440941146, 2666106746, 454301169, 3693910373, 1207073475, 482172880, 1098204132, 1166781742, 3991687525, 3032692332, 4005442870, 4207591926, 76956017, 3936700455, 2222258700, 470022916, 663484800, 956209522, 949454096, 3127134812, 22936567, 1128397777, 3509020338, 2681438587, 3808468427, 3876271717, 520023207, 3582335354, 3584435203, 4011069287, 2787815501, 3614388510, 2722374265, 4104959693, 3028725376, 1547054217, 4208975164, 3590222651, 4177635510, 1620732222, 2669825070, 1017249511, 1750362999, 1910682561, 2140992961, 2569400019, 3348823393, 357546162, 1557774118, 2200583924, 1469358186, 3617435913, 4163938730, 1954087538, 602179539, 3074560484, 2517771727, 4216681583, 1238152143, 10200941, 2696372843, 926164076, 12991399, 1601376753, 3488986132, 1838094655, 2213374835, 805644031, 308339299, 3105422006, 3137780421, 1540746312, 2361405839, 3140015834, 2717661627, 380229362, 1608877544, 1187381373, 100155009, 2074494775, 1829360615, 3769949212, 2593564508, 488779434, 2725701851, 62888947, 2665386347, 3472555909, 3039688125, 2663512028, 2131165318, 2103525366, 1745539841, 4091365895, 944678770, 2732302893, 2352970428, 3047015260, 2631205932, 193429489, 1114611901, 2581017942, 3437329487, 784712917, 1303646249, 1801028313, 466506983, 3592158306, 3133095001, 1492624222, 1974054570, 2791546118, 2162907823, 1533536962, 3227439887, 820538116, 3849322558, 3825524994, 4030023870, 1000447540, 1359721976, 2529990029, 3608819938, 3105118801, 1497104161, 2068550199, 3421830869, 2817553704, 1946678763, 2113735143, 452213448, 1877525812, 4086645010, 1574563334, 3219230042, 3227887315, 4124102760, 2146018477, 279521692, 3331094882, 1658524364, 774239349, 2454686147, 639931908, 4255319192, 75247515, 1808425008, 336723547, 1172171109, 1304746540, 4108678299, 3849070335, 3471861879, 2570237479, 9018808, 1870924609, 2608577998, 1240723659, 1199082280, 737133899, 2301686063, 472975836, 1), None)
events: 
  ----
(3, (4169349260, 2443733552, 2242229931, 2009484453, 2880946298, 2413438764, 2204403392, 2839810041, 1213802535, 1679040616, 382001435, 1185055475, 2641970154, 1752782089, 195934745, 4044882410, 834152034, 662652964, 1367729827, 3518225244, 1746243271, 1797061676, 3595989322, 3210072106, 2350100743, 2833456324, 1454498136, 1283002126, 2239875156, 3352796892, 519303058, 2002128441, 2736207665, 3149075069, 3413164289, 3620972835, 545611237, 3090694021, 3365043024, 2565451720, 3858495766, 2818437467, 3362188570, 620957269, 2374389860, 807508524, 4122045983, 1664105794, 1380813810, 2094316224, 2359862434, 4129181760, 167573646, 3809352174, 93020811, 3554051076, 516037074, 2860882091, 2735787671, 1232134307, 173718318, 1866394223, 2746613161, 3144817303, 368897024, 1898730743, 3176701954, 2391364563, 400474649, 875640755, 1763191190, 2228303872, 1213664581, 2051970274, 287844031, 3864981683, 2792294746, 3242707290, 2606588926, 1381720798, 348214853, 1393079316, 3018738539, 854071850, 1058165376, 680407024, 4238009762, 1075405565, 1707820396, 1718076445, 450068240, 1712387853, 1192399882, 3122115140, 1738461983, 1299388719, 891654738, 3353654862, 4276868038, 3254120708, 3182775587, 4636449, 2376860349, 2132349261, 2374823819, 3769250207, 3476895432, 3171009953, 1635228745, 1991524554, 1529547962, 2973561609, 129556141, 2312638222, 545700865, 3443794742, 2359981526, 2938333634, 475392859, 2197495702, 1712430095, 3697689502, 117556605, 838152824, 3018196457, 1833228342, 4041202964, 3727689570, 905442453, 2497913669, 707932393, 2671749949, 321598483, 2230702253, 1444698317, 3648029069, 3475632230, 3134103550, 3209264657, 2023167107, 325364599, 680129054, 1035199328, 3852417444, 3245956503, 1241577790, 903071420, 928113881, 534243807, 3193602217, 4077526752, 3615112532, 626763557, 343963755, 2197683166, 1055232400, 2532584449, 1549980948, 1321784847, 2158786416, 1986252689, 981791128, 2731556784, 3821083571, 2729527918, 758127564, 2616223601, 1446908927, 494816950, 3370787832, 1921666446, 562170837, 1638922004, 49479492, 3737682139, 3256672586, 284350830, 3909884786, 415543373, 3211026326, 510903023, 1389228301, 2902466029, 2522702218, 3247618026, 2752781659, 3012822724, 98437415, 3003938770, 2508697312, 1743485570, 978404920, 2498764952, 1772697072, 3397362291, 104481339, 1612485194, 2767814246, 2643895892, 4255603758, 2421657100, 4074501256, 4044641162, 3116790831, 2118992476, 585163260, 2436973970, 371759173, 3920690768, 2333940604, 3398885914, 2476480783, 3151024976, 1996183451, 3506367199, 1124421820, 818445872, 532455785, 4207726868, 4268268327, 2516027424, 3320791908, 2848039305, 3590325417, 2397986407, 749259436, 2640536286, 218647354, 3959600438, 133510392, 947278139, 3212749809, 740499899, 4094785371, 1666532751, 1883380609, 1745980504, 3175426415, 18889702, 1506917361, 3355794940, 3690548528, 3021624692, 1791604709, 1928544370, 2035273667, 774675681, 708998139, 4064713418, 2950207119, 1268580756, 1490910402, 2868751623, 2836205903, 4078130459, 2222038882, 689433892, 4219955257, 1054345732, 218047589, 491762426, 1502389057, 3977006904, 2202445577, 4059867311, 945090830, 2841839399, 2690171246, 916772874, 2134836446, 3940776200, 3488486233, 3382420104, 2877829789, 606362916, 3679895135, 3914479395, 1472302167, 672907304, 3762517622, 597303583, 3984214287, 683009865, 819152332, 1336465014, 2143808082, 1420962970, 2444072793, 2431869151, 137587269, 2868061519, 2194579988, 1278852113, 1531356278, 103385960, 1387431034, 1148206023, 71670829, 2876347976, 444256045, 4177926524, 1725627764, 3621076655, 2577602900, 4025573299, 3654604917, 2604658572, 3263673832, 2166268622, 1089531140, 1759573298, 3641252701, 1870242797, 648176059, 1243066961, 2132265196, 3396231560, 1099900467, 701939610, 2944320197, 2619516098, 549254041, 403082444, 2383571173, 864501926, 2594704030, 40239017, 2036906077, 2495419272, 426920462, 2135844369, 343782634, 976293054, 492875909, 919501004, 1677372090, 2813547543, 1684197622, 3474727403, 1186345701, 2247318537, 646557852, 1605301503, 3996979750, 4181852198, 1226837475, 1339464799, 932384562, 2931184109, 878643660, 477238480, 2003373679, 3346421881, 1623784920, 3397043537, 948016497, 590754253, 933011833, 275073984, 4143847721, 4289331382, 3956245922, 1600991964, 3634688145, 3923282534, 1120694311, 1373158647, 736959386, 391313685, 2831363169, 3496559140, 3297008583, 3141055638, 2584584268, 649428809, 1446862438, 3604441309, 4187984056, 1592482218, 379818326, 1005328876, 2109883628, 1606093492, 2988556778, 1066639507, 103022194, 1276984568, 2360359189, 3455009181, 1561241559, 2257152476, 276449965, 965309678, 18616401, 4132487921, 589854667, 3720160048, 1198261368, 4059625545, 2126955743, 693070982, 1065094065, 2082860797, 1101945003, 1618412992, 4047801940, 2752417297, 4234679370, 243669155, 2201426467, 3269313261, 804413140, 1465983453, 1148678688, 1338217938, 1661343834, 1212900640, 2798713424, 985736297, 2712437435, 3375011554, 814814730, 3408398475, 3707060848, 2890297265, 1421050019, 2394318468, 625974046, 1126905092, 2703372082, 223902912, 3794860990, 2743761833, 109424627, 3232976027, 2162842002, 3458141273, 1828364208, 310461077, 1972111597, 508756000, 1308596183, 3138041080, 1340726978, 3463202867, 2228021689, 831582972, 4231540665, 1411957003, 3112335271, 1805903823, 3886951395, 1758999991, 1337374369, 2556322460, 3397080207, 152231234, 914742194, 2557011547, 3532604419, 3067445536, 1171851682, 1060559932, 3163764351, 173790466, 4224824920, 1468994585, 3904896014, 4181498791, 467979545, 816327891, 95181545, 69906232, 4117695622, 2249746231, 2960975820, 3789122317, 1482227028, 1151479931, 3065409423, 3024041057, 716511295, 1020908117, 25452157, 761665627, 3595629630, 3866234760, 3409474678, 1934602236, 517467622, 1841565797, 1004617814, 1407412609, 1632216772, 1124477655, 1827114826, 2284626501, 3616315286, 1008310811, 3038475987, 3687122434, 733313843, 470741491, 1148236359, 4130891112, 2396850711, 1977168320, 3646943088, 2816316758, 114899162, 826694326, 610436675, 3439428105, 682260559, 3952154208, 403280873, 328360631, 2029160311, 1718397180, 2983679273, 3255027487, 2407172738, 153654860, 3709572811, 3002377226, 2357939266, 4122342253, 1643650074, 2815483604, 1206779713, 2234475535, 729461262, 3023973969, 72828820, 2668879493, 1223167692, 195298941, 1192376262, 1667410876, 4102884466, 2189030143, 3852200829, 1330489058, 2267361830, 253636966, 2716171048, 2007613411, 172317864, 3737730180, 3684222669, 3245511435, 1275379941, 2753074533, 2942838518, 3650006401, 3365552177, 2434214855, 961665871, 1320375620, 1952157352, 3249258402, 2398165069, 1863397393, 1489722095, 2852684355, 1892587808, 3927065430, 287098533, 226774701, 2616842764, 2185675657, 3281442675, 1511113568, 2527822295, 1512110675, 395413685, 1814772814, 784995535, 90930926, 3211590694, 1024996034, 3808370605, 2867818344, 1220226492, 4062067854, 3857712271, 1381196013, 1129893635, 3090661174, 3160832246, 2136130749, 3835860738, 1966609085, 1746017406, 1157754009, 144850872, 1375293399, 2860591632, 578304334, 3010207832, 3108740349, 1473836591, 3626439811, 1190665443, 2861423546, 1614470118, 3449108036, 235481588, 4005694238, 3831320281, 2495851772, 2632559105, 3986513362, 2993535004, 1495388889, 2376830785, 4089713320, 2335487803, 3985310231, 439693690, 2380481067, 1807747769, 1831924517, 3791437686, 125), None)
Loaded weights: -0.08712137600674642, -2.620149632487198, -0.18556477106702726, -0.16427854692843083, -0.16427854692843083
events: 
  ----
(3, (263729504, 706909123, 2620215890, 1016368315, 2022774823, 1033350557, 2349133704, 2639470860, 3276709472, 912543299, 1177675244, 3848534, 1845690488, 1577299774, 394157601, 264057580, 1472779826, 4262057564, 1272968692, 2773029532, 2472444998, 300555468, 4261833390, 371982014, 1692440680, 2691758119, 4207527415, 2928053147, 928534477, 3251605837, 2280402141, 3416792643, 1710429907, 4058557599, 282173424, 1790993796, 2207318254, 2767876403, 3432943222, 3168989394, 2785859522, 1991390232, 3188014872, 412100626, 368007873, 416985896, 1047642211, 3880422858, 3131487449, 935633069, 2268530585, 282508620, 2282060624, 2960057941, 3460655585, 666450270, 3288123947, 1356772616, 936088577, 205488341, 2551324250, 280668240, 373225879, 4230739744, 3829895942, 563776573, 1658793801, 3636200657, 2025954654, 1661141202, 3939983374, 69184986, 650348392, 2704576339, 2945159791, 1461529493, 2513233963, 3417757384, 3645986467, 1924231408, 1910286174, 3294471441, 4022493850, 2880838945, 1056051143, 43294852, 4169162716, 528726765, 2087429871, 3944460288, 1631108911, 1355212281, 64763076, 2265172277, 2219867166, 1232183464, 1119616483, 1014219572, 203257800, 1342092299, 245856473, 2747739034, 1402949290, 1141621016, 3270038307, 2073062039, 2214125640, 529210259, 3045534322, 1481422749, 1489577515, 2097760991, 37044061, 4161647721, 46176216, 2337585378, 2134625454, 1018385170, 427039778, 4187102319, 1455531704, 3169122973, 2838350869, 1123579188, 4191741593, 826767558, 2986579322, 1896345247, 535981375, 967072710, 4151277915, 2001597442, 3701450696, 1999239350, 2664055319, 3551188578, 1496320107, 1505743186, 2913678418, 2602492697, 1398197961, 2109430284, 3326251168, 2077093099, 2157680610, 1436829116, 92631189, 2583524694, 666930083, 237809811, 1643659778, 359423945, 1221610023, 3222040292, 326502445, 912929722, 3243854972, 1742894681, 3368844169, 1932426448, 605266819, 1608207004, 2629022638, 2431851157, 3630765483, 4225872758, 2866602959, 2763498776, 1421576412, 2471978385, 2564125584, 1028896039, 2592122286, 875180859, 2727913430, 308850647, 2720894062, 2403996330, 136554366, 3122294246, 2661571734, 2330181831, 4097985763, 1574005047, 704487903, 4079315978, 2472319472, 3952609127, 2939409407, 564583852, 1584426015, 2991566714, 3367166478, 3278218587, 1052182208, 1161190296, 2054071117, 197836723, 1987154351, 433227985, 3555512404, 1525813387, 1988602512, 3329048019, 1185449681, 3498554954, 2498027550, 2656412818, 632575576, 2833139529, 3738146220, 3005899446, 103306699, 632580428, 4251648607, 4126761674, 616257655, 1682422355, 1805087245, 3107968696, 3921876617, 543384076, 3896345585, 1402789319, 1033138159, 1669415498, 2809699051, 968453115, 1775765951, 421448208, 3122882972, 3079157797, 2660738799, 1688665488, 1014668307, 4148582476, 2983094827, 111278111, 3051017329, 1241624198, 872352166, 1299412123, 3822148033, 1857123851, 1537638754, 3317762907, 694197182, 2860370211, 3742295892, 2613635684, 977617119, 3902209588, 1845411935, 440983461, 3971892266, 1674819935, 1694799246, 3632277983, 1423916206, 1800720302, 1143360992, 643283052, 2993391327, 1650975846, 4174383540, 1093123386, 3972960357, 4250844103, 1227732599, 2339668892, 3866071393, 1898089349, 3558218425, 1818488561, 1407803962, 1460084631, 3308050009, 2470111117, 553059959, 1086380800, 534475277, 51849882, 1070635960, 3827867920, 1866285089, 496140876, 2648832934, 1231232746, 3450580397, 2588924911, 3175917098, 458489297, 205118982, 1640753917, 4058334956, 3287363682, 4163468827, 4285508394, 3492444819, 440437718, 3529109993, 493469159, 466396991, 2067593005, 1045695021, 2496569701, 334670340, 827586105, 2753942419, 3685881859, 507125840, 3494276846, 2295144582, 1149449771, 537419419, 1499239979, 315921350, 1976819938, 3731960900, 1305306789, 1314193446, 2287155832, 3614450693, 460873136, 824690299, 3559340227, 3930216698, 83489053, 4018015901, 4113616253, 1312103277, 3757069692, 3962077706, 2560613422, 779505358, 1062613158, 712892390, 3863971329, 2270880626, 2579767686, 2873715751, 3021954424, 3158979057, 60476605, 3240879420, 2811749074, 3797654518, 3633462929, 3872095867, 2803156605, 3762569948, 1131117178, 1092814378, 238438157, 3025114360, 2539767046, 3143809957, 4284341435, 3577366601, 2739578771, 47069799, 4051491705, 1727012597, 769412440, 2714851742, 474995446, 2397597396, 3254190748, 4040326371, 2926981554, 2156360151, 3708276137, 413308314, 3487006702, 3001277029, 2510524178, 1927510223, 244182743, 507352930, 1428571857, 4276964498, 1017875831, 796578639, 127413482, 1693682016, 4005750261, 3967733893, 3689722770, 2824120744, 2683766592, 1103531804, 3299717084, 1650920321, 150745704, 1814769186, 2053445956, 4041303981, 958513003, 3677906839, 2384925677, 2996602428, 92463223, 2880910173, 2450919054, 3085456768, 3274461353, 3291375555, 1089462296, 309394697, 203693386, 170411613, 2605023726, 3508458778, 3032306457, 3659205450, 2333499759, 852402308, 2585284340, 999382776, 2888280447, 2603429470, 2183901786, 726465184, 3041207370, 4170960701, 1898619629, 1265976670, 4068035286, 1248003858, 808162544, 4151656460, 2388986842, 181260652, 766899852, 3726674011, 3685965995, 3735226513, 1317504057, 283432479, 151115227, 2588086904, 3773716515, 2450361771, 2592459953, 3207167568, 861866867, 506163643, 450873043, 2779441408, 82100425, 4181948649, 3505440235, 3713182149, 2874649509, 3314315619, 760309534, 39593929, 790604398, 1204235003, 3321718399, 105544001, 602010125, 1879536556, 4108550314, 994648883, 1192619682, 2120110209, 3597268138, 2575934152, 1653473143, 4117752736, 1504958206, 4285959448, 4083423482, 4064524997, 921362957, 4158952654, 2166155325, 1791326508, 2934565552, 3592086373, 1809456607, 4195952318, 3938396540, 4087894976, 669399914, 248051093, 1031903774, 691818143, 495009330, 2140619853, 1210650027, 1904438872, 1413821905, 3408755810, 3560134538, 3769813079, 560721075, 4071063603, 3119815096, 2696012727, 3303451164, 3963090539, 4264617197, 1297928793, 1511759511, 1819225272, 1278589094, 1081849591, 661894883, 1863406318, 3501535738, 3503230644, 2821288086, 2624546753, 1567239209, 1061038219, 2390422100, 2595284890, 4096822614, 645312444, 3044085194, 1953778648, 2706582558, 3106540811, 871904250, 1790739931, 3249643139, 3885494936, 2152965607, 780250666, 3175329242, 3605332655, 2238969241, 1428681055, 956260466, 4164617184, 797668750, 3925928151, 1358522662, 2940629834, 1202621930, 1523453752, 1432062837, 1696685430, 1017994090, 1223674097, 1630641764, 2090330561, 784457055, 3832712477, 3122871318, 2207460280, 529383141, 4189872602, 1056779169, 814780421, 1768731087, 3856503336, 3439156699, 1190125783, 3237373465, 2319133966, 2792435224, 2653473425, 2991833817, 1212346891, 881064878, 3118706814, 1684136170, 4216920027, 2887976076, 902468326, 373511680, 1246906900, 3504267356, 695827653, 3807509931, 1557988457, 531570507, 2789308420, 3778552652, 4080817112, 2188223970, 346910243, 622545120, 468611277, 517334524, 2941249282, 2152844404, 529336025, 1111875615, 675730633, 895494215, 3315998016, 1093037015, 3140920506, 3518721392, 3299990917, 3708807995, 1026798630, 133751035, 1876373948, 1738904850, 2123399972, 955714624, 304271915, 3381414173, 3616381636, 1696269617, 3504621877, 305997705, 3086236155, 434538806, 1144112365, 3518406908, 1130753026, 2920005320, 2310485857, 4254997067, 3826550763, 3283871599, 1251690239, 3074260765, 326), None)
Loaded weights: -0.09218081997725351, -2.679980918487122, -0.18556477106702726, -0.16427854692843083, -0.16427854692843083
events: 
  ----
(3, (3040364117, 3576614590, 1231414639, 400341744, 2185332326, 2914337945, 3703545352, 3595508400, 18270039, 3879114037, 1089649843, 628194613, 589679317, 2560612754, 2627410072, 4210736643, 2344204343, 3220500912, 2578638881, 2070012583, 3538763922, 76704687, 3878835744, 2841469546, 186351254, 3475024004, 2064568664, 977229828, 3368409748, 2441864175, 245757224, 2710715556, 2446815840, 3206385652, 3137681688, 184897819, 3871375050, 3094335328, 2244090050, 2376426352, 903781941, 266750355, 1162461650, 163319751, 3968008631, 339598661, 2837482068, 2071106787, 4055231482, 2226668200, 1387567221, 2712163496, 3319464764, 124353734, 2200721732, 1705278479, 3275288865, 1197542332, 2990938027, 240462052, 1732443718, 3587237615, 4226325999, 1953083586, 3928229068, 3630191831, 1102393885, 1193930140, 1989439179, 1261822086, 2489721415, 2330485116, 3944679425, 1000510024, 2872439787, 1821919698, 2529129374, 132358475, 1337088629, 3473590113, 976915050, 488917089, 1647990015, 275469401, 1787841949, 3327723856, 1014383829, 1419063400, 309060458, 3881573085, 2364168253, 684872957, 2265475703, 1035958850, 747757055, 3386253430, 1249694795, 3441674118, 1791278416, 2129249508, 814250366, 2607294310, 2616293684, 416103161, 539373448, 3989538383, 687725051, 1470056288, 2939516294, 3640856434, 3954814230, 3630799238, 2189286408, 779163906, 3575606667, 2941446371, 3060848927, 2429905360, 4171993793, 1415510999, 151011269, 1462677839, 2504832972, 2207411247, 3990008233, 1836417381, 1087925134, 802917195, 791289369, 3355675049, 3122095234, 3386384764, 4224145852, 3102490622, 3566651115, 594916933, 2846629168, 1139960694, 3967328545, 144233563, 290904200, 3374424199, 3021418380, 2936780987, 763146036, 3238266797, 1503998430, 2949228664, 2729686012, 2014570992, 4069458271, 3254221837, 247982637, 885078484, 2702583243, 2738851206, 4118033686, 1154673857, 1198134729, 3146903835, 1182864513, 3951315967, 495738958, 3017005789, 3171336098, 1180560438, 4096457876, 4101312255, 586203342, 69749699, 4079129058, 3030639273, 2809940392, 3927262256, 2082464696, 618419409, 1374052181, 239311275, 3453212335, 1714115214, 1049144599, 3220476615, 3897498383, 733419572, 3635057993, 3130138400, 1856575118, 3661379331, 1976051254, 2917070365, 133313089, 3407255045, 2028711430, 1087800761, 1625214419, 2356753840, 2844641089, 1737909576, 3569852256, 2462108816, 634050026, 4294052045, 1731314957, 3345958801, 800799710, 631587251, 680478555, 743090184, 3046154043, 2101680381, 2417588294, 227606782, 2009149847, 2002352325, 1757517548, 2090935583, 2999837888, 3908226356, 3442035616, 2928465817, 4265217998, 614549062, 223921271, 1674969283, 4068165194, 3224353621, 1927903807, 417133141, 3651251126, 1416909217, 3574601277, 1409476046, 3756407377, 1535795422, 3991680662, 3237560989, 1030674917, 3273090644, 1081191030, 987385350, 657380096, 880477351, 346731993, 2792028294, 68994242, 3439502846, 4149720809, 3177853752, 1232477853, 588793488, 2635472240, 3840716390, 1527543689, 1297216333, 3537777780, 4198994003, 616777695, 1690987391, 2486721395, 3015988368, 2889241538, 993544872, 2050401064, 3668474384, 3640398333, 716038191, 1778552396, 3359700433, 173803613, 2943793597, 3894803162, 1602272308, 4211383010, 2161392457, 3388582903, 1244344329, 1412268465, 2613554065, 2177382696, 1396574949, 115534219, 2630096024, 1471163527, 766435822, 1235765914, 3166104184, 1793370001, 3634337871, 33536967, 2773405434, 2697527029, 3963153359, 1905070454, 2034733419, 651261357, 2475188505, 880948499, 1702604753, 3351782551, 1530609706, 3961453668, 1071321259, 3356394139, 278775383, 2492219686, 105582455, 1319865506, 2971718524, 3925210303, 757548247, 944268078, 787930590, 1024467610, 3044727623, 3778268066, 453094025, 3719686828, 2748498463, 3611055984, 2686642788, 966190974, 3726737186, 2221543086, 3420948393, 2117659448, 535138605, 2778565813, 2654981871, 2029580551, 1709392989, 926224455, 1446145677, 2709809240, 2143747740, 1211391795, 3121322613, 1932295341, 2819939503, 2492172613, 1322375876, 1954461630, 305317292, 2006400610, 2531601281, 3273562297, 2307284794, 2703184960, 3815583783, 2645320366, 3849229986, 3794260242, 3443733180, 4083552828, 1526702578, 1684761032, 3952341780, 782620459, 1233318009, 24494698, 598275152, 425386653, 1055291726, 899387625, 3108286975, 232097293, 3943470667, 1751340309, 4030158374, 2652551262, 1834756024, 1484844720, 1630397945, 3874469978, 2581359667, 3843583985, 1120583492, 3864899140, 4254190318, 1919741882, 833703012, 4087107504, 799276211, 2700319731, 3339579814, 3938135780, 2824719700, 3597117650, 313213013, 2759837791, 2104436672, 2441415987, 1430096573, 1109652738, 3258936197, 3376906845, 2206778311, 3249546409, 1203114742, 1790499712, 4264692406, 836535508, 4039953097, 1842828182, 168981909, 4141678880, 919360913, 106734210, 2931319628, 3118898274, 1951631614, 638965955, 2955280324, 2042889843, 61117227, 113227627, 749696628, 2698170727, 1513790781, 1141764709, 897399081, 29580436, 897101955, 2530977685, 1288212480, 2248901857, 4051516879, 2885446139, 1090213475, 3890725557, 1552639243, 2153628284, 1792922472, 864008949, 2660742057, 3634079874, 1137290156, 2198759998, 23307158, 2417580748, 2061547691, 2653348875, 3100631270, 2834002840, 3982056424, 676722770, 1530151842, 988513327, 3975117646, 4292581117, 2834417884, 2460406505, 98214519, 210558552, 2301096529, 1316241882, 1099368589, 1140556950, 1878733727, 4025804334, 97236526, 3547474183, 3589246784, 4203250376, 4190304419, 3768422661, 3864408809, 300856403, 1810498148, 3694480323, 773668873, 3400733689, 1000833614, 3031476611, 394189652, 2132275937, 1921275130, 4204692049, 3899957734, 4086848318, 2835986148, 2712948093, 4023559979, 2400716013, 1561816639, 926512842, 173314406, 2902759839, 564184146, 905500081, 3707089361, 1739869210, 3762136785, 2575813144, 1335111805, 2723765780, 3809336489, 1724645179, 1216252444, 58388712, 844422118, 3802623559, 652927005, 2889609888, 2878036034, 801297413, 3086987124, 1965348534, 3218571823, 376799030, 1614317040, 99907859, 567266752, 3902951987, 3185288366, 790773380, 2271747933, 2725492688, 3985673528, 2518723940, 582370984, 1677662094, 1558925377, 2200041238, 4045374281, 1015526956, 1805571749, 3807068084, 2681537832, 3875172999, 2672711054, 238817466, 1727426734, 3724166500, 3174089938, 2908709701, 3588781391, 2061696528, 2487265178, 1183476045, 716380991, 3601702322, 3428109374, 2829377516, 4012196887, 3179573162, 1782776791, 2428118358, 2664801089, 1346969938, 794556671, 2532710818, 1072791268, 3375103616, 2571353176, 1481239520, 4189587930, 3361582181, 98294099, 2839834815, 1543186668, 3333782863, 220842420, 3912437113, 2771429690, 1748339996, 1772241055, 1418733331, 1754230657, 1610757593, 3543336272, 3237259719, 2583417290, 2192045114, 2218160458, 3405922313, 1343777811, 1293867176, 356639737, 1536953798, 3762728510, 711176276, 502612004, 2862948837, 4261138661, 1527731209, 2508868307, 750913198, 251466012, 2127470452, 3814040410, 24047919, 2164153526, 1756639927, 1253071797, 162321170, 2206329347, 92377344, 2748362925, 2527240379, 3094766153, 52997265, 3539203887, 1897428429, 3642093526, 3790228686, 3799332464, 2357188661, 2556068562, 3290877684, 294195126, 387699389, 1749648070, 3836643791, 1836579451, 980422699, 3318562398, 1785395364, 1280714332, 3002742599, 2837513768, 988424429, 889360893, 18795670, 35960668, 572), None)
Loaded weights: -0.0906363215549768, -2.679830894664755, -0.18556477106702726, -0.16427854692843083, -0.16427854692843083
