Starting iterations: 50
(3, (3097111928, 1631456178, 3431829448, 4279453786, 3135591338, 190753431, 2360695876, 1786258412, 2007775664, 86557346, 2880987463, 4291344474, 1914303353, 3088875464, 2118712466, 721999045, 3263933199, 2721641069, 3229146759, 176284764, 2787087320, 761489840, 3770642945, 2497210296, 3365191959, 472508008, 3029480952, 4088510258, 1371994148, 1721725882, 3492766944, 2185033856, 3181522943, 2934535417, 3197933406, 483967941, 1470666465, 103259994, 1527200784, 4220486869, 3871205266, 551726772, 2472715830, 4062017608, 3558919742, 4019094960, 1464784580, 2824727566, 113750779, 3261518061, 1537966578, 1661540870, 2451080803, 784292727, 3806681226, 2058825060, 295854135, 332108553, 3061292475, 713363707, 1905495038, 102608637, 3629422093, 2616311549, 566251208, 2935302469, 1889976524, 1314425355, 2712590917, 2924548799, 4181166677, 1132489494, 3056919063, 1110331006, 2716209769, 938740730, 3765052452, 1975269594, 2341717533, 3791876717, 2932693329, 2998181885, 2848668688, 71217338, 1411777561, 3929092712, 2946478956, 2923087169, 3443031850, 2717953237, 380402938, 2166077425, 3307562210, 543715575, 3555326583, 1627973073, 101777329, 3324178463, 1844771435, 1137935451, 507971309, 1187759628, 4174164184, 3747274071, 2695995354, 209121745, 1863724272, 2675580011, 1341248705, 82370778, 3526794867, 2493795140, 946567988, 3725577202, 1283797412, 3220515507, 1280275894, 3544776373, 1297309830, 3932040556, 2761038508, 3829797359, 272112798, 1409258038, 234473271, 2405366315, 1251075175, 1270996245, 1239885521, 1939296347, 4143163812, 486768349, 4001384307, 597758135, 1536167242, 1844056191, 742061943, 3844829716, 3662327019, 2668810754, 3176916731, 3043564577, 2340040829, 4182112852, 1632277421, 1687817159, 4069558157, 1081334540, 2302901849, 1870388727, 3909773865, 1262388849, 2338594715, 1737782664, 912594835, 1103412309, 1359261561, 504020251, 2737561957, 3852349503, 3001163556, 2853647047, 4041561333, 3498915423, 3094183121, 4290162493, 915322768, 3275074427, 1473005929, 4251375480, 2890299287, 1850635234, 3593337826, 1539834614, 1836016104, 1420508773, 2517906763, 466272109, 789610746, 2870045506, 2108112674, 1500710588, 1484509686, 3969366155, 2917002189, 596074307, 1297930127, 2035048367, 4043000132, 473975712, 1840810897, 2930781626, 674979693, 2461386408, 1553027639, 2961769606, 3391859545, 2257284391, 2766744564, 1976522592, 2067206806, 3073008247, 2439442377, 3827315572, 755171932, 787601301, 1354286121, 1798078223, 1646187977, 1760916223, 3757143911, 959924627, 1677744800, 1891581720, 4069884230, 1436150192, 1934787671, 2375972827, 3475495758, 2030670274, 3750168710, 3450619436, 1064960536, 2317404276, 67965672, 2654011537, 388945068, 3257030038, 2597744287, 2748753988, 637168805, 1007001803, 748580949, 1296063028, 742891316, 2882672061, 2268486632, 3079549805, 3449172226, 3811248757, 2046113060, 2411566243, 1869610908, 2125061010, 133965212, 3551091625, 1847663311, 3766600984, 3630794465, 1313423931, 1724727247, 3079208627, 85105334, 3669734829, 1335288699, 2029170078, 32316430, 4059504803, 4260894458, 3854544882, 3032893614, 1400870137, 212813794, 2173807313, 3376786446, 3445408577, 4138652483, 777795085, 2256992859, 2312212193, 3999442325, 4125053535, 792113392, 3961443870, 1183911616, 1611834496, 3119435079, 3893012238, 1242165829, 868249091, 1177482541, 3239519817, 3875857614, 1055468919, 64683731, 1055309606, 748037823, 4039163012, 193399725, 2902777218, 1446254265, 3496435759, 3793935869, 2318981956, 1242871457, 2776754301, 3203508205, 2641294572, 3009049076, 3884329463, 2496419625, 3658373953, 778163927, 3878239648, 3241709248, 2825770487, 24367225, 1182513912, 2676319292, 105793850, 3632372055, 2034098627, 2220565095, 3664968216, 491349360, 2870714265, 3229913640, 130675872, 2280960297, 155431088, 1093493543, 407568672, 3819996526, 2249505900, 1059964694, 2304323167, 1229121934, 2507744019, 1897294636, 2849270313, 1480408603, 2886158052, 1810043120, 3509975747, 3297235081, 3682763228, 2160308400, 379664204, 4089117398, 3181823693, 3518035574, 628975491, 4283732014, 41946817, 1623242415, 4117429748, 2624167264, 1017635052, 2200884539, 2639879198, 3619867142, 2834776388, 675922719, 1545858779, 3597907684, 687299986, 3520238618, 2632613987, 178528746, 4280664908, 149451657, 432235264, 1533481810, 3933210130, 1300169076, 1586281220, 2546538762, 1403451229, 3762231908, 3132664020, 3537284062, 2670487511, 3841438375, 2214473568, 2334578649, 2231755983, 1290086969, 2582334720, 632415835, 2744334898, 3115209037, 4151416807, 1759955001, 1347262114, 1261238800, 2426413420, 1321727285, 4268009621, 1022491767, 1472957785, 4105735078, 2740084752, 4043972890, 2192651372, 1540260190, 3624594264, 477165227, 3181999403, 4222288148, 3847352480, 897069289, 2522763604, 166700606, 3874503215, 237871956, 3038921400, 183241823, 1596754711, 3054373903, 3397238484, 1705448601, 201635692, 283580804, 1295686613, 3452673566, 3812876674, 2706601932, 3275377385, 1556924412, 296167156, 4057834087, 425434785, 2516325091, 2217398782, 1744244979, 2276881392, 3798149418, 667037758, 1028106382, 2823490834, 2139185441, 11711536, 3403358038, 161649308, 3270155696, 3146630259, 3100971606, 2195651143, 3333603702, 49686094, 3431940130, 2028631214, 2992611362, 4114278913, 3527917013, 1926152059, 4072132068, 1986209230, 1762094206, 4064127277, 1247033598, 397101498, 1550670224, 585924658, 3109903701, 3832334784, 4231477110, 964794805, 3731969415, 3886579253, 1116173417, 3880744965, 2645807785, 2374524759, 3910668187, 2020654257, 4149159958, 3421814456, 1357646213, 386331519, 2261958874, 1729251898, 914974852, 2214933235, 387103440, 3223828945, 3801590973, 4196552177, 36121583, 3690827836, 3794198680, 3426927952, 2319229625, 2508002761, 1555854967, 2441763291, 1122852862, 202874480, 4210405780, 1786630522, 2632707077, 966011902, 2310054148, 1766207065, 2825322809, 2565156346, 4230322064, 469973104, 2306537604, 489881327, 412294473, 2705644657, 3900184146, 3122512568, 1546239815, 3473703211, 4138601808, 3749093313, 1496664385, 1174663368, 203274232, 3298593231, 499721228, 1728637411, 2248774755, 2810873119, 520450285, 3763827666, 3036283863, 3283674316, 2415803659, 3540119917, 652515392, 2491410379, 398261780, 1988032994, 1413295320, 451138102, 784379257, 392212420, 1632720022, 3101526294, 4042792261, 127148734, 3072522773, 1344572067, 3614196946, 2418876657, 2361419222, 2379576760, 3745823872, 3319317455, 327831487, 2674598359, 2428744058, 523787698, 694607257, 3438317299, 285286187, 3242702763, 955065043, 2714654946, 3687819807, 409919644, 3206778002, 2737549709, 4082502232, 896662344, 3222057178, 1067042454, 4235171007, 2926033554, 1443507022, 1382531535, 302276825, 1349521521, 2356814936, 2696442530, 1545299303, 506228593, 2912981496, 1901387640, 4089538233, 1814202250, 3080339224, 925802931, 1245547662, 1732796243, 1095998139, 1961642687, 56294032, 69028858, 3721301835, 1495725029, 3504717006, 1488399662, 3286351502, 1627439067, 41618318, 3035460809, 3885461967, 1814007418, 4185480743, 2074671442, 1911365452, 1794955351, 280942633, 112475196, 731145601, 1030932848, 1662548559, 1567128855, 4025353590, 1009010630, 1606421513, 3870983735, 2782586161, 375209611, 3885474691, 2831457572, 530408210, 1037059102, 922665883, 1555766952, 59888338, 673839592, 2176059725, 777429822, 3403383535, 467750110, 2410267595, 4009148442, 2151483612, 1077796887, 1), None)
write weights?
events: me killed itself, 
  ----
(3, (3097111928, 1631456178, 3431829448, 4279453786, 3135591338, 190753431, 2360695876, 1786258412, 2007775664, 86557346, 2880987463, 4291344474, 1914303353, 3088875464, 2118712466, 721999045, 3263933199, 2721641069, 3229146759, 176284764, 2787087320, 761489840, 3770642945, 2497210296, 3365191959, 472508008, 3029480952, 4088510258, 1371994148, 1721725882, 3492766944, 2185033856, 3181522943, 2934535417, 3197933406, 483967941, 1470666465, 103259994, 1527200784, 4220486869, 3871205266, 551726772, 2472715830, 4062017608, 3558919742, 4019094960, 1464784580, 2824727566, 113750779, 3261518061, 1537966578, 1661540870, 2451080803, 784292727, 3806681226, 2058825060, 295854135, 332108553, 3061292475, 713363707, 1905495038, 102608637, 3629422093, 2616311549, 566251208, 2935302469, 1889976524, 1314425355, 2712590917, 2924548799, 4181166677, 1132489494, 3056919063, 1110331006, 2716209769, 938740730, 3765052452, 1975269594, 2341717533, 3791876717, 2932693329, 2998181885, 2848668688, 71217338, 1411777561, 3929092712, 2946478956, 2923087169, 3443031850, 2717953237, 380402938, 2166077425, 3307562210, 543715575, 3555326583, 1627973073, 101777329, 3324178463, 1844771435, 1137935451, 507971309, 1187759628, 4174164184, 3747274071, 2695995354, 209121745, 1863724272, 2675580011, 1341248705, 82370778, 3526794867, 2493795140, 946567988, 3725577202, 1283797412, 3220515507, 1280275894, 3544776373, 1297309830, 3932040556, 2761038508, 3829797359, 272112798, 1409258038, 234473271, 2405366315, 1251075175, 1270996245, 1239885521, 1939296347, 4143163812, 486768349, 4001384307, 597758135, 1536167242, 1844056191, 742061943, 3844829716, 3662327019, 2668810754, 3176916731, 3043564577, 2340040829, 4182112852, 1632277421, 1687817159, 4069558157, 1081334540, 2302901849, 1870388727, 3909773865, 1262388849, 2338594715, 1737782664, 912594835, 1103412309, 1359261561, 504020251, 2737561957, 3852349503, 3001163556, 2853647047, 4041561333, 3498915423, 3094183121, 4290162493, 915322768, 3275074427, 1473005929, 4251375480, 2890299287, 1850635234, 3593337826, 1539834614, 1836016104, 1420508773, 2517906763, 466272109, 789610746, 2870045506, 2108112674, 1500710588, 1484509686, 3969366155, 2917002189, 596074307, 1297930127, 2035048367, 4043000132, 473975712, 1840810897, 2930781626, 674979693, 2461386408, 1553027639, 2961769606, 3391859545, 2257284391, 2766744564, 1976522592, 2067206806, 3073008247, 2439442377, 3827315572, 755171932, 787601301, 1354286121, 1798078223, 1646187977, 1760916223, 3757143911, 959924627, 1677744800, 1891581720, 4069884230, 1436150192, 1934787671, 2375972827, 3475495758, 2030670274, 3750168710, 3450619436, 1064960536, 2317404276, 67965672, 2654011537, 388945068, 3257030038, 2597744287, 2748753988, 637168805, 1007001803, 748580949, 1296063028, 742891316, 2882672061, 2268486632, 3079549805, 3449172226, 3811248757, 2046113060, 2411566243, 1869610908, 2125061010, 133965212, 3551091625, 1847663311, 3766600984, 3630794465, 1313423931, 1724727247, 3079208627, 85105334, 3669734829, 1335288699, 2029170078, 32316430, 4059504803, 4260894458, 3854544882, 3032893614, 1400870137, 212813794, 2173807313, 3376786446, 3445408577, 4138652483, 777795085, 2256992859, 2312212193, 3999442325, 4125053535, 792113392, 3961443870, 1183911616, 1611834496, 3119435079, 3893012238, 1242165829, 868249091, 1177482541, 3239519817, 3875857614, 1055468919, 64683731, 1055309606, 748037823, 4039163012, 193399725, 2902777218, 1446254265, 3496435759, 3793935869, 2318981956, 1242871457, 2776754301, 3203508205, 2641294572, 3009049076, 3884329463, 2496419625, 3658373953, 778163927, 3878239648, 3241709248, 2825770487, 24367225, 1182513912, 2676319292, 105793850, 3632372055, 2034098627, 2220565095, 3664968216, 491349360, 2870714265, 3229913640, 130675872, 2280960297, 155431088, 1093493543, 407568672, 3819996526, 2249505900, 1059964694, 2304323167, 1229121934, 2507744019, 1897294636, 2849270313, 1480408603, 2886158052, 1810043120, 3509975747, 3297235081, 3682763228, 2160308400, 379664204, 4089117398, 3181823693, 3518035574, 628975491, 4283732014, 41946817, 1623242415, 4117429748, 2624167264, 1017635052, 2200884539, 2639879198, 3619867142, 2834776388, 675922719, 1545858779, 3597907684, 687299986, 3520238618, 2632613987, 178528746, 4280664908, 149451657, 432235264, 1533481810, 3933210130, 1300169076, 1586281220, 2546538762, 1403451229, 3762231908, 3132664020, 3537284062, 2670487511, 3841438375, 2214473568, 2334578649, 2231755983, 1290086969, 2582334720, 632415835, 2744334898, 3115209037, 4151416807, 1759955001, 1347262114, 1261238800, 2426413420, 1321727285, 4268009621, 1022491767, 1472957785, 4105735078, 2740084752, 4043972890, 2192651372, 1540260190, 3624594264, 477165227, 3181999403, 4222288148, 3847352480, 897069289, 2522763604, 166700606, 3874503215, 237871956, 3038921400, 183241823, 1596754711, 3054373903, 3397238484, 1705448601, 201635692, 283580804, 1295686613, 3452673566, 3812876674, 2706601932, 3275377385, 1556924412, 296167156, 4057834087, 425434785, 2516325091, 2217398782, 1744244979, 2276881392, 3798149418, 667037758, 1028106382, 2823490834, 2139185441, 11711536, 3403358038, 161649308, 3270155696, 3146630259, 3100971606, 2195651143, 3333603702, 49686094, 3431940130, 2028631214, 2992611362, 4114278913, 3527917013, 1926152059, 4072132068, 1986209230, 1762094206, 4064127277, 1247033598, 397101498, 1550670224, 585924658, 3109903701, 3832334784, 4231477110, 964794805, 3731969415, 3886579253, 1116173417, 3880744965, 2645807785, 2374524759, 3910668187, 2020654257, 4149159958, 3421814456, 1357646213, 386331519, 2261958874, 1729251898, 914974852, 2214933235, 387103440, 3223828945, 3801590973, 4196552177, 36121583, 3690827836, 3794198680, 3426927952, 2319229625, 2508002761, 1555854967, 2441763291, 1122852862, 202874480, 4210405780, 1786630522, 2632707077, 966011902, 2310054148, 1766207065, 2825322809, 2565156346, 4230322064, 469973104, 2306537604, 489881327, 412294473, 2705644657, 3900184146, 3122512568, 1546239815, 3473703211, 4138601808, 3749093313, 1496664385, 1174663368, 203274232, 3298593231, 499721228, 1728637411, 2248774755, 2810873119, 520450285, 3763827666, 3036283863, 3283674316, 2415803659, 3540119917, 652515392, 2491410379, 398261780, 1988032994, 1413295320, 451138102, 784379257, 392212420, 1632720022, 3101526294, 4042792261, 127148734, 3072522773, 1344572067, 3614196946, 2418876657, 2361419222, 2379576760, 3745823872, 3319317455, 327831487, 2674598359, 2428744058, 523787698, 694607257, 3438317299, 285286187, 3242702763, 955065043, 2714654946, 3687819807, 409919644, 3206778002, 2737549709, 4082502232, 896662344, 3222057178, 1067042454, 4235171007, 2926033554, 1443507022, 1382531535, 302276825, 1349521521, 2356814936, 2696442530, 1545299303, 506228593, 2912981496, 1901387640, 4089538233, 1814202250, 3080339224, 925802931, 1245547662, 1732796243, 1095998139, 1961642687, 56294032, 69028858, 3721301835, 1495725029, 3504717006, 1488399662, 3286351502, 1627439067, 41618318, 3035460809, 3885461967, 1814007418, 4185480743, 2074671442, 1911365452, 1794955351, 280942633, 112475196, 731145601, 1030932848, 1662548559, 1567128855, 4025353590, 1009010630, 1606421513, 3870983735, 2782586161, 375209611, 3885474691, 2831457572, 530408210, 1037059102, 922665883, 1555766952, 59888338, 673839592, 2176059725, 777429822, 3403383535, 467750110, 2410267595, 4009148442, 2151483612, 1077796887, 187), None)
write weights?
events: 
  ----
(3, (3442897138, 3723347696, 2597868685, 1745525052, 1257878720, 263522332, 2479631321, 905691020, 3082167273, 2251852835, 550033210, 1443513708, 3597893936, 444820176, 2156424657, 2829745372, 2234405436, 889143682, 2785219500, 2992422432, 2508979761, 4120628771, 1540035880, 211776051, 1464823189, 2411005983, 4260498023, 252996833, 3036269101, 3396639578, 1725713534, 4204662702, 1714882481, 550447758, 3621152013, 2013783289, 179395889, 4016636856, 524465862, 3414942111, 3534728477, 3473117805, 2079890026, 2795448125, 254621302, 3656960832, 3776191494, 137155703, 3405080530, 2674003229, 1206364365, 4177764240, 1013625929, 2066126011, 1794170632, 3451181396, 2986473833, 997073751, 673640802, 3305042569, 2743598612, 1800646238, 861409684, 308761357, 1765629048, 3856708303, 866953869, 1623708262, 3058730289, 316431843, 2855570227, 3539912785, 1980879936, 254376241, 1021857735, 113015446, 4275777182, 2345920769, 674148408, 754561226, 980464336, 1455601127, 2581776481, 1362973259, 4183448676, 3723721487, 1533593526, 975194594, 1501740910, 163275139, 2509436247, 2556888037, 2738969054, 739746273, 3491293641, 330329603, 3546277513, 1200999635, 537157384, 1779344441, 1063705462, 3038552296, 3952550043, 1221317284, 2121733190, 3757244458, 749239378, 2732189176, 3447255366, 1186853558, 2502212195, 83948763, 1761875249, 1784622890, 1114549321, 2079235799, 3617859174, 3768591392, 2460324777, 1296858555, 192728058, 4242935192, 3930533335, 269119055, 1302740135, 3668236972, 681032094, 2856836515, 3602768144, 1866790922, 3446332807, 2156412447, 3753416512, 1285116467, 387985910, 2146293281, 889297844, 1125063871, 531489698, 281610096, 1402019390, 1349897527, 4051142802, 921257353, 1855813363, 3016408230, 4283616337, 225099401, 4052550550, 2230016082, 812088596, 2377883705, 2995621231, 3134659013, 405059095, 1782926716, 2388856526, 935251199, 1223432525, 2854684106, 4185051892, 561425023, 3470257510, 961649160, 1219780051, 223178886, 3941967021, 3773494450, 1858304973, 1129426764, 3617540947, 1997379734, 1942515210, 2601984268, 3255431317, 1640221891, 3100600547, 2685566821, 581309458, 888017695, 1274141709, 1835954752, 3685688869, 3434921897, 3436598404, 1651004499, 4236799213, 3902281836, 378996990, 1815432089, 1985521926, 3480098023, 3182925725, 282552331, 1952123961, 90454868, 2716204830, 597265078, 270234599, 757420386, 2217328088, 4197425850, 1331876042, 899283809, 3541575170, 1589303229, 2428160158, 4157068850, 1271435159, 321580637, 3553503901, 3583479507, 2426077864, 651666353, 1461498054, 2522820975, 3279721882, 1677868917, 1420636425, 2927070478, 1216380968, 2506523619, 519121124, 3450817215, 2028400781, 3416941194, 1630325468, 425064290, 2349241042, 1361957376, 4009818502, 3317578805, 689251590, 2247091267, 3105490317, 4096593437, 1157047626, 1174654907, 3197595785, 2861112226, 2220167262, 4148138527, 2550042901, 2261795058, 2216909961, 1209740820, 2182896812, 1622642078, 196599777, 4054137360, 2387852725, 365306062, 1004560918, 53594885, 862796334, 3020899370, 1804057556, 404768515, 2286016599, 1012147174, 3497545773, 3514943228, 3787948366, 1846774582, 282055367, 4246564792, 95242822, 1222926575, 316925378, 2512484479, 1165508301, 1488350734, 4025983055, 2187107174, 941983287, 1326100910, 3949420186, 3152798000, 2045450318, 2255846912, 3265640256, 426945903, 197721904, 719599327, 605912260, 2808435426, 4238257355, 2135739165, 2110898335, 3242895895, 2740736965, 2166653529, 2700926829, 3484303618, 3943667335, 1881204248, 1550526357, 4086936521, 943025269, 2776583947, 4213630030, 4073722995, 891872326, 2655480318, 1189983013, 4053788891, 264531382, 900858062, 367366522, 749384725, 3031110261, 1652522376, 2966029827, 365720846, 3064280817, 968947322, 1247779795, 257957148, 3704019901, 450844818, 540156273, 3787500414, 1354379317, 2361984258, 3660704547, 1151675343, 4189750639, 1206775520, 956179747, 511774537, 1590194646, 193371198, 1851870612, 3621987529, 3474498838, 2367236382, 233662736, 2902050568, 3269142370, 31223306, 2716412980, 2110055518, 2745575784, 2127351278, 3658832602, 3700514073, 320835021, 2481131960, 2991235991, 2175158484, 1148309229, 2156555767, 1841143070, 61760236, 4265374570, 4266961693, 3090745572, 2285423986, 3206209465, 46407259, 1081664435, 982759519, 1255527720, 1404967694, 1816740157, 340356903, 3759328257, 1670288140, 220830045, 2552028541, 3765946045, 2246975359, 4063603478, 600381282, 3605068849, 251078229, 2283732690, 4223090406, 2624732448, 2001868054, 1483170537, 4116669140, 1113818669, 2884989894, 1072618569, 3062321928, 203284831, 1040358416, 2476465164, 4102793397, 1761126912, 808537438, 1276504752, 2266162178, 3438248222, 3119755335, 3297617158, 2857028569, 94724294, 2960967329, 2419591590, 2264802186, 3417530635, 4292458825, 3129171513, 4275610338, 2188437067, 3388893909, 139504938, 812915894, 3401507871, 3299203142, 3724388710, 3664618466, 2570709165, 1178514200, 2493570610, 406768376, 3351087005, 475133553, 3312588676, 3886921111, 1198609323, 1259784120, 541242190, 1630201714, 2126793085, 2592762271, 3993642035, 2846544005, 901816697, 4134906281, 443260659, 2983167558, 856261844, 396494524, 3410830241, 2962704934, 2498534900, 3067912889, 1520605670, 1311989975, 1976235184, 861404079, 2221789207, 1844893691, 3578142697, 2080585239, 896591786, 2077963419, 3329945186, 1456495685, 3671859859, 3834303657, 1801687938, 4061989225, 2498080261, 1496376218, 794997744, 3512610797, 792783006, 1858821126, 736203113, 2842923608, 2738037052, 2234573954, 3480438014, 1965794371, 1706318719, 2492985720, 4116276719, 2674387147, 3541108658, 3381985732, 3651985833, 3824466272, 364686391, 1447598237, 943253712, 1257443930, 1695590829, 4017871789, 1740209681, 2630955056, 2314066737, 3912726440, 979365086, 3976366311, 2763992641, 1991952275, 853122761, 337084997, 280414283, 2291563013, 77002258, 1827745290, 3686851655, 1103446671, 2401739174, 2058788404, 200689025, 1276742942, 302272754, 477835750, 90509690, 45883110, 1892057407, 926393151, 980636939, 231089356, 2443363047, 1794764482, 233412300, 1720899109, 3045144909, 2874918966, 4049671166, 1613357809, 3774410815, 2114679095, 1059457387, 3095255719, 3809977634, 397760671, 3366375224, 304871961, 2819532304, 1968046637, 4183835537, 92294669, 2183769461, 2811825496, 2991978884, 2371723363, 3299407168, 1045672723, 4256470194, 4073398430, 613795668, 3748157507, 3995640886, 1718133233, 2944259662, 37634926, 1090270149, 1367147950, 2779754292, 4055506491, 1483456628, 2512654723, 2620270963, 786337523, 143809409, 3861594918, 2406516473, 1096097807, 1144648429, 2127440315, 1414168437, 3378394900, 2161179008, 2753409201, 1025669414, 2649221539, 499744751, 3303421262, 1367365467, 1458318936, 3956958009, 3044434324, 107389522, 2063423833, 2860523228, 148017729, 1367142846, 2538890704, 722130850, 4258313071, 603256951, 1813045334, 27313937, 1238598672, 198140464, 2420889219, 3831716837, 2666135806, 3947688297, 1095067252, 3119362788, 2685852944, 632413235, 3388825329, 1771901838, 3638838183, 3489157112, 2625521046, 2605106019, 1823818914, 2606201799, 1521559278, 2490734902, 3776446090, 1357186486, 1056327689, 1373818146, 1469579111, 2775857804, 4070835191, 2705140806, 229455780, 3038597577, 3180924251, 2564480092, 232065078, 706109668, 172583029, 2745235754, 3567115176, 2109860657, 3536436106, 4033446927, 2364605808, 1088811155, 3793132927, 432), None)
write weights?
events: 
  ----
(3, (3300665505, 3519150687, 3296299583, 3041186758, 2166663044, 1532871736, 2770626191, 944832274, 617370668, 3524562390, 3808118883, 594111922, 2100668894, 1408393768, 2431706664, 2674557048, 2148664099, 2318950779, 521202696, 1198363125, 4227570998, 2857897225, 2199322551, 2010976657, 2038399303, 2692802119, 2509521175, 2738284167, 68201183, 229273410, 2814733896, 68753204, 3117237698, 2267226912, 327084810, 2252046516, 2256209818, 2091442103, 2876196524, 991053296, 1310602191, 3910193345, 1016824312, 489947869, 1657734519, 88144563, 3997770059, 2702664702, 3142541738, 800947024, 1082325471, 4065135953, 3745566233, 4077027814, 1879716079, 450129656, 540374493, 2138106675, 1231732978, 3307622671, 748238005, 919518010, 1097152180, 467551906, 3308500414, 3946804464, 2567994219, 554947451, 1431730860, 1130475960, 2237427892, 515682655, 168557887, 1915089619, 2621035904, 3967586557, 359941531, 2377890229, 4119355653, 142931295, 3827397297, 2915122239, 3143961504, 1505593247, 411752181, 168631754, 2176914625, 2771158150, 1960998838, 2845714090, 943307210, 4112482990, 3115952060, 2212322034, 3301377435, 2685504464, 1918119091, 345299350, 3237924041, 3295906300, 1531646715, 1675919668, 517175142, 885903266, 1675627787, 1146121947, 219661082, 1675192793, 1642260413, 3814485201, 3971967373, 2549739340, 954839897, 698164252, 3456504182, 641435135, 381862965, 1708867654, 1425360436, 4108285443, 1583014973, 215209483, 2936469199, 2164107239, 2502932465, 3076291053, 2610824849, 2750955440, 1703511580, 397637644, 2885856765, 2528905265, 4207171531, 2310649230, 23549591, 2832544862, 902995683, 3414033553, 909586603, 3564903341, 1140422362, 472777501, 487869016, 1080995728, 2140012450, 1239154873, 3716394229, 2017112590, 319334791, 4254863806, 1852800760, 2552608284, 1369910718, 1228194471, 469510221, 262397158, 620533126, 839793280, 1413915370, 947952535, 3078474843, 1931577798, 2515991056, 1031956406, 2730166514, 2437946287, 3985806330, 4087378646, 3847152360, 3813098029, 761979411, 3527300156, 3103650066, 4268419783, 2467565543, 804199026, 3251838252, 3144631, 338418816, 2549778811, 3412560463, 2536233914, 2470842205, 1741417811, 2716802790, 2894324889, 3825719989, 2938691482, 838342125, 3495994858, 4294630616, 2118044149, 1903548874, 2257906416, 3410969435, 2037378049, 2301134588, 1593657044, 2330783015, 2572295567, 295867903, 4242936738, 3648351105, 3187247671, 390210955, 1488478713, 1159045904, 2903390774, 3339335830, 362520349, 23557185, 3916475666, 3352188579, 2660436394, 800990515, 4184118929, 3873220435, 2571651263, 494055154, 3353393470, 1193683590, 851017539, 1830202890, 353520790, 2837722165, 812881405, 4005324494, 3267322312, 3109491551, 4093245180, 1318288643, 3584963847, 3231876806, 1621218454, 3679373507, 1186449033, 1746787028, 1689796856, 1982718051, 1059004913, 2976193528, 1107762813, 3691159553, 1527455160, 3996513905, 505332318, 926308154, 1730724377, 2458554369, 1563922866, 1027473910, 1687138380, 940618522, 2351094784, 3107013778, 1909684021, 2561866780, 988623548, 1513293511, 150592779, 4024680542, 1671244717, 4046603567, 387210790, 1109813355, 3921273743, 2255013208, 1198506286, 2063129633, 3341758017, 829371866, 3426510223, 1148106496, 726880911, 2257730345, 2398932711, 1917357000, 1014461944, 4051153489, 3188856249, 649291662, 1978552183, 2528036168, 842779583, 1824670274, 2922194504, 596149342, 2339988517, 2405654254, 2311303049, 3259283281, 205875927, 2364036209, 1973354743, 1493409911, 3798686137, 3819296899, 1078883921, 2500568581, 2006486808, 2454014005, 3333269411, 3814663170, 4010421462, 746388743, 2993313758, 308147512, 4006853132, 580703978, 943206981, 679623003, 2582078763, 1089152845, 60505958, 4190961595, 3368356480, 2922260516, 2404541643, 3094359783, 816318427, 3007123277, 898805086, 2792687953, 2252630525, 4023319726, 1697332897, 2810543756, 3728519349, 4121736783, 834097037, 823034301, 1422961601, 4138290272, 1788580241, 626392406, 655643445, 4112551765, 2379414076, 3608664137, 672998723, 1467962931, 3755279810, 1499325192, 1002989912, 2459655701, 2222075917, 4247715551, 2658600233, 1275130465, 1412866406, 430973379, 3824253310, 3062581403, 2759868196, 1171970785, 966066798, 1403985589, 1787261694, 1322694595, 1139840717, 234412414, 604879875, 2164931033, 2600373922, 1481769949, 2671175284, 2780516907, 3697609387, 2301156732, 4096203225, 2609975536, 110570025, 406358792, 1878745650, 2789839355, 386389742, 2152173261, 542531688, 3817651351, 3835440149, 1939567565, 3821362052, 442066181, 3791866749, 692949764, 2336285338, 662820255, 3199214173, 2423057731, 3783962384, 630898969, 2226257322, 2463721902, 2347062133, 911284778, 2265460843, 795514654, 1874350704, 1393067955, 4041340353, 3172334338, 1875185597, 3372971529, 93979375, 2135141062, 3424329594, 1779240142, 2404375770, 2400310753, 789695885, 93913456, 3474049621, 3249878376, 831757884, 3426190870, 1000897268, 2625618070, 1160556489, 2837348882, 1405932040, 1816821988, 838818385, 1558482909, 2567561051, 1852323181, 747010374, 220174751, 4289673017, 826002239, 446532578, 533458492, 3279903277, 1080009434, 479289722, 2799647080, 2074352025, 1305491982, 1259420347, 722881681, 2862553680, 545392926, 358309739, 2043141017, 2112028551, 1992004509, 2933461465, 552178410, 1570658643, 2522633681, 1311496507, 3883061867, 490902947, 3678293878, 2601365263, 1656313251, 1781363842, 2673968945, 1495409915, 1678348846, 2533552777, 1472494229, 1471590568, 1376653221, 964971082, 639644345, 294928924, 3699524367, 448235160, 1212999361, 1067885097, 2377144578, 2277340584, 2060731068, 3270022961, 382901929, 1096578757, 4011552035, 555906462, 1106655585, 2475710227, 580354313, 1407535941, 2143022893, 1162649947, 1316391272, 119337128, 2809145767, 615835553, 2177431739, 1901476500, 2216112091, 3547708561, 1962569298, 3290676817, 1897354795, 3457162973, 1053114329, 922543369, 2976328341, 3634177311, 224367616, 2408584016, 2160154132, 1895433077, 1026128523, 1344029201, 1015117049, 2726460884, 1930255633, 125244644, 1195850974, 1781958948, 74251653, 2688591911, 3738468414, 4157855505, 1625288238, 1798340497, 3930612371, 175366171, 4037631355, 680030950, 817448233, 3354836767, 2421373826, 2165110029, 2486648529, 939383074, 493170810, 2068005479, 3167136378, 1968570821, 1842100016, 1879674776, 687002458, 474389683, 1096655370, 2059983601, 794556885, 939488598, 3920092993, 4000453788, 2312776503, 391676185, 2817320476, 2863135101, 3514677273, 3741904759, 2792887616, 1902816567, 1210293851, 1921999281, 1446944562, 2033552687, 664703085, 1320746982, 2547575695, 2183335640, 1887416395, 3066114208, 2711484694, 2076492229, 2968459067, 583827581, 2946621595, 652165947, 57356911, 4221228912, 2238592264, 443462177, 2680059179, 2279297403, 1494469106, 3583018496, 2514302913, 428186032, 4090906638, 3510824231, 3589867861, 794008524, 2154429740, 1077767161, 2830653936, 3096839064, 636646017, 2725805992, 592586231, 286130188, 1946604171, 1255827231, 654872837, 748456474, 709654392, 3259463127, 2455382112, 1568869394, 2189278088, 254942668, 1808775518, 302139283, 527474039, 3459978016, 2440315445, 2830559324, 2459250436, 4046889425, 80125233, 587589102, 2769535062, 2581560638, 633830671, 1696660778, 3450496641, 847963629, 580658872, 2176618966, 2344895172, 3262284894, 2916425839, 1944394614, 3449672141, 3475722940, 789302795, 3560715153, 511), None)
write weights?
events: 
  ----
(3, (2938095502, 759777711, 3692715644, 2045489929, 3588332942, 2397489279, 96263695, 306530859, 3209357221, 4273985093, 479386194, 296625838, 3246580784, 3074740801, 2750738893, 767116356, 2294699863, 1615938661, 1304328911, 3820331113, 2606248875, 2764542650, 457943641, 2667831689, 2697102575, 1251071432, 3233391717, 3561407779, 2178148760, 1923220581, 2788881842, 3216340105, 1747007562, 3428310848, 3287933498, 2152791103, 4108985580, 3755254323, 1039141404, 1387613006, 2023445273, 3443373023, 2191614169, 2797910410, 2542540416, 3598839255, 1358764504, 1204432661, 3202886481, 558431331, 2692370454, 2123786188, 1240131945, 112353462, 2476449114, 1259184079, 2117174166, 1178528476, 795520144, 2159643757, 1577144113, 4257583029, 3129295466, 3620893924, 3182859774, 3051296842, 3849430775, 1815955075, 911949060, 896599389, 3152865957, 1738559085, 843022234, 3976632630, 2775177268, 1282355089, 3824168751, 2011202677, 3548525011, 3359767940, 2506320470, 2656369064, 1519987844, 3599321379, 3245700632, 3595149591, 3887831767, 2598221418, 128969001, 3937577513, 2430392159, 3624726108, 1969067789, 735205472, 783124581, 3107250039, 366159907, 872013492, 4120000323, 1027805505, 2840056932, 2029980250, 1328986454, 3937968362, 791131389, 223959891, 1248834937, 2438526295, 1213598418, 17650140, 506882497, 1360562556, 414196933, 785838712, 2166816579, 1074581051, 3651993332, 340218878, 2068332496, 762812226, 3979493410, 3522077089, 2492380967, 3185018119, 1474132728, 2952841650, 509710629, 1518392118, 822193346, 4290057702, 197631313, 3796026036, 4064168719, 1094109344, 3453733580, 309014461, 308489703, 2132270704, 1889990693, 2039013382, 1701071472, 3213184317, 1635091734, 902808708, 2458465406, 2747460531, 764085750, 493106666, 668157929, 3056061715, 2295607510, 394667464, 2642521686, 1668213547, 3016374945, 3009997765, 2959603355, 3866374369, 1049013574, 2796871777, 330988001, 3112967136, 4222205293, 3798247273, 4231935214, 4274167737, 2892805444, 3064000178, 480900855, 4118874147, 4170807839, 4287883358, 3818930298, 4028326290, 1072385206, 2678371837, 96725380, 35854229, 814039908, 3122095416, 2744377732, 1561676134, 1733140042, 3544411390, 315647910, 3368612279, 2542767172, 2530746238, 2114054095, 2472586962, 723917213, 4178840933, 3708094326, 3527974798, 2804984149, 1394239941, 3651424203, 3281246738, 2854624730, 2620497617, 2951984907, 1014160249, 1622814086, 583749874, 765886899, 2668214345, 1588267435, 3409892762, 4030206186, 4016696857, 3493878439, 1607925546, 3408007603, 4282488057, 2100216302, 1810764450, 1835665391, 2726138581, 2726338741, 602920087, 1893046503, 2135223264, 2233049630, 4188289484, 2234355817, 2842607887, 3655026233, 519533527, 1195901073, 4214644530, 1224139880, 3431010915, 3093830803, 3608086389, 3821150345, 3881368459, 432403436, 2652666393, 2274078403, 1652519469, 3969017626, 2574021808, 2507890247, 932622102, 756535491, 137434400, 1981800464, 231981459, 3005048776, 1721155078, 3445359001, 2102496500, 202410639, 3942468009, 1582001544, 958300853, 4017353525, 3194908272, 1371748728, 2004379410, 631696256, 3884836152, 2713444725, 4222896511, 1951448586, 2898821907, 2865718772, 1601767120, 3219172185, 2572991592, 162426339, 1663162210, 1411198097, 709387178, 2664655616, 4247116098, 3594637269, 705199305, 2514960916, 3257020261, 3523555412, 59745702, 249805435, 1455214825, 3742305657, 3492465651, 1531664314, 3416312025, 363766333, 2948501653, 275778592, 1452997652, 2535006636, 4146769665, 4335020, 1708836181, 2211427096, 891465212, 543896000, 247863292, 3784611506, 319851401, 90879269, 216860029, 2222200766, 2855759106, 1317754190, 3653984496, 1926991183, 193560823, 1481542288, 733144023, 2404628250, 377598449, 565673282, 357126869, 3342297732, 1206922155, 3223043606, 663171774, 796262119, 2430344896, 1023097294, 3710209907, 3036994777, 2880258108, 2518910635, 1335994276, 3226313698, 3713919547, 3981097347, 438326074, 2970326906, 2622363073, 633429089, 1120504877, 3589999175, 596501199, 1100990442, 2137489287, 143685432, 3302388405, 2557506828, 1466665941, 2497342110, 455913602, 685466000, 3395173614, 1804370170, 81871497, 820953334, 1287786094, 3338106630, 3091701031, 126216305, 3208096986, 1264182868, 2989524466, 1744537700, 3305612439, 2758206355, 628768244, 1319430562, 551446930, 222642760, 3261324940, 757686921, 67189269, 3531937870, 4268504932, 2198013078, 259455716, 2473999277, 3404874130, 2194523704, 2246798494, 1388646586, 2585961075, 26779401, 2870633958, 2866486587, 3320765161, 1881831404, 761372270, 3873971344, 924427008, 1794823836, 2408711259, 2825843316, 3806723248, 2480980836, 676898784, 1741698407, 379656473, 591975123, 4163119976, 2223345431, 3299686848, 4009700688, 3008051961, 532888193, 787789776, 1597704721, 421610138, 3826307728, 3991444086, 20215949, 527574341, 1051486183, 809667999, 3834918161, 3328553676, 3963889176, 3412522669, 3571710453, 765014431, 3802915906, 2039165480, 1606816944, 4029499830, 3982754420, 3130694895, 848877487, 1285494355, 3359718687, 160634992, 2102595232, 3865709523, 3363014914, 437075156, 795570629, 863866931, 1353596015, 340676101, 1346077830, 3771125196, 3807837409, 3038360031, 1555890584, 779108733, 3455662382, 3829191748, 156735132, 1548395286, 3680604363, 1413510546, 2464640195, 41160051, 3483543892, 3469664925, 2825305695, 2738904435, 1593687405, 2007054526, 1028345586, 1468373246, 470845992, 3920095003, 899443611, 3674956885, 2226369878, 3308054630, 592315323, 3134899906, 120984318, 1996736264, 1176319280, 1830916731, 2039502674, 206969134, 3061008376, 3848767769, 3179689429, 644765032, 3424301196, 1434959618, 2663042225, 3613633570, 1575717917, 2347003817, 182171422, 2308027674, 3528346562, 1936013391, 2741151668, 1125426641, 618094091, 2952942053, 3463999907, 1627487147, 282857383, 1532011799, 1295091705, 2495456329, 2191979615, 353264173, 1534345932, 3697780898, 4108055424, 3580225795, 1892502621, 4000860024, 4247137692, 3770877015, 2060903832, 909572281, 3768931997, 1198499215, 457368242, 1367358854, 3936769095, 44734650, 3252108352, 683774233, 3208512613, 1921349857, 3969057441, 3117077645, 3977812687, 1190507564, 2094210829, 826585387, 3410445115, 2159988910, 1265487265, 2471987450, 2892923739, 4283568576, 1934672501, 3837151056, 3095601891, 1810032531, 1085683162, 3285451463, 1547481611, 359278500, 2227386945, 41821353, 1318087032, 2916426800, 3377023093, 1787264668, 1314181294, 1436007622, 1896829417, 2739572206, 482579037, 453815106, 1881225116, 1880879019, 3646177072, 556852624, 704216040, 4159020647, 2687874792, 410503660, 2142047531, 2802379970, 2655550055, 2787410834, 181414104, 1818705400, 255470235, 1681840509, 1382612277, 268319904, 971745671, 2646718016, 3394058854, 763249162, 920697943, 19100286, 3417545360, 1259794734, 1758421758, 3912909447, 1954291138, 3590546420, 1472660915, 360938492, 1414498137, 1956991952, 2381437138, 3073051148, 798444611, 2785100471, 3820726210, 520358152, 294979133, 3225730532, 418394169, 1661098858, 338719293, 3621819357, 1710957714, 2622081614, 3801013150, 1036717327, 3654372172, 4031524731, 2623208907, 2001309693, 58068008, 535203287, 2087288618, 3327126636, 231599772, 3692135611, 2520759693, 1932026960, 914458507, 526016810, 1981916392, 1070822603, 827025744, 270010920, 3696799001, 127226219, 2060822573, 2366130966, 2334793385, 1982008038, 2067656983, 3540675792, 57), None)
write weights?
