Starting iterations: 50
(3, (1725056986, 1193557369, 1197656931, 648133765, 3009897166, 2633614713, 3292515456, 3589540862, 2905404067, 3381708915, 817225965, 400145923, 3564678631, 1554866151, 1788953517, 1782652828, 2848296013, 2771334406, 2307994108, 622793901, 2394403485, 3567388365, 1355908100, 1019056598, 2829830681, 1238216963, 2387000055, 644172070, 883096956, 3836800438, 2090794268, 2352370056, 1313652434, 350962979, 3103624146, 2492717939, 3019919465, 3133054744, 1444564814, 2246507538, 2911255802, 1782217447, 1870320668, 2958247674, 2776741489, 1727045494, 2423059859, 1439430710, 749673020, 3248103495, 4215885583, 3295682368, 2476904615, 2206665572, 274009624, 2591094871, 936988498, 730876781, 3147935661, 4070670518, 2408113416, 1322272895, 4082709545, 314725178, 1751368502, 1856751464, 3426386338, 3418530493, 3499769369, 2119892537, 585938834, 2131157592, 3170001423, 695953785, 3225295501, 1432785956, 2764301531, 637983620, 2956327371, 1755145247, 4136942737, 857934136, 1750788624, 2165661217, 987266033, 2681358542, 3657516763, 1483184470, 1593530305, 3468694857, 4266214977, 2224119618, 1188749309, 2323380641, 2352778842, 2355094680, 2759636228, 3415229376, 3025636712, 3300121012, 3403308895, 700762684, 1619297829, 947732081, 2748311153, 4152036948, 477265444, 2230059916, 1579067245, 937694195, 4164960206, 1130846026, 2891310783, 1663651951, 3884221006, 2454736175, 2579667444, 2897914023, 3068122561, 1778730243, 3664223907, 3431730775, 2795699595, 1836789118, 3530384613, 652286157, 3840462389, 3490538076, 1913851995, 1516915585, 3120735844, 360452488, 3721503869, 1062188017, 920462320, 3048472749, 2182436519, 3447575375, 4250204191, 2839857885, 1396379290, 705753627, 3136664743, 133160996, 2857704540, 4190771457, 3107422083, 1850310352, 2143406854, 4018449769, 3132786575, 708452058, 3298601322, 3703841367, 3041157532, 2874607011, 1925423748, 1476992926, 3058016251, 2474969769, 2710414979, 2124046948, 1574902013, 4005693010, 3715217225, 2266087172, 253406762, 3539652805, 1693140495, 2807018300, 1392955182, 804240141, 1584842248, 2890682568, 205190859, 533093000, 1314890545, 3582330439, 2370035878, 2860055372, 3768155663, 2517519782, 2653483393, 1986791349, 3972605346, 1704640686, 2792684059, 1486970401, 1902540596, 1385094733, 3525532413, 466070096, 3493948604, 2680011353, 62471648, 2452485245, 1750808064, 2362388746, 1061544404, 3718551182, 1006740386, 1425089924, 1167508679, 3699607794, 1004147659, 2221360499, 2275049597, 1071287126, 2985717231, 4215107102, 2714904988, 3042541458, 238955087, 3892973842, 2630823059, 4199900803, 535558215, 904208920, 3013705553, 1126197170, 4203177206, 2866132866, 1558906168, 2470863256, 3891359142, 3965108732, 1386735250, 4242202219, 248857678, 1335019813, 3198639330, 2893004979, 1339696826, 2637090008, 3563975357, 306306717, 194644989, 733353242, 2390448603, 357850533, 2122531420, 2345144049, 713701203, 3129763978, 2331514420, 2608852753, 1827405880, 2219655708, 2459356924, 585598707, 331728496, 4042422090, 340288647, 436378941, 1078098862, 3208329608, 2101386542, 678141859, 3374346642, 971138880, 996362815, 1705155305, 1092741755, 769444208, 1898642724, 1506621322, 2685813418, 3795962634, 3511029314, 2581597838, 62055161, 2490718549, 3214720878, 1696218352, 1005317016, 3782109076, 2581562124, 809964499, 4294545, 3387299945, 361176884, 1141734694, 4015101081, 2458700202, 2678388373, 1852731777, 3121283791, 3170705695, 497042519, 1455083791, 2237370998, 2142822759, 2693775720, 797275053, 133629465, 3671445495, 3388202799, 1146227610, 3947747105, 3641513941, 270535468, 3791407186, 515940741, 56970788, 2210755210, 1438228809, 1750197738, 2336868729, 1327497163, 2387216446, 100995191, 3418358923, 4286537216, 2884280870, 3297176600, 4173727410, 3070195995, 3565626227, 2268796918, 445226037, 2977161951, 2325678354, 720267076, 546405432, 3194910906, 910295329, 124827773, 34429022, 183387617, 4106035277, 3048250426, 657745594, 2500754206, 3765029270, 3198676877, 284961126, 4001528722, 3474049964, 2314563357, 4211563686, 3133670011, 1320603194, 3475146410, 3507120390, 3609458759, 2730433361, 3405197176, 2483824961, 3506048895, 380379893, 168850476, 1110944133, 2608654765, 2429854709, 1811798725, 4045428670, 399929092, 3664213601, 2370488935, 3198319277, 1222336219, 3067637660, 3797261857, 2053847979, 3223947243, 3732467863, 270583522, 1532651208, 225615491, 3009405913, 2818972334, 1429134809, 3408890500, 1530920555, 336520400, 3378538659, 3859350695, 1948588211, 1757616083, 1298175017, 3828870719, 3773044837, 1337232484, 2831460199, 384148906, 3606282765, 979221181, 3093296481, 3432161125, 4243364281, 3061311884, 4185600199, 1266065451, 1855869639, 920724525, 3784679062, 2984708312, 3968894580, 3363341440, 195667112, 1987852349, 2409652570, 3517768267, 451530194, 1579031293, 3848413996, 3650208530, 1566067306, 2691244250, 547244285, 4197376825, 2055246545, 508204946, 3163340383, 448016398, 2907022691, 2245424451, 99522876, 2702797782, 3286077427, 1631336505, 3901229896, 3471016184, 2923429035, 3790860129, 3359090788, 1509216555, 3666826102, 969250881, 2829907620, 1023664809, 975435547, 1246177329, 2374333500, 3825684115, 3586939919, 2828603704, 3504375896, 3622354847, 1179092674, 1791899920, 2970984768, 1709418064, 449541901, 503151117, 2411355715, 2436726980, 2910418205, 164846884, 24013739, 3954532286, 652650332, 2709711688, 1010613013, 1799154057, 3383730412, 2755893288, 3391161375, 3344179208, 3676244276, 1672425882, 100103371, 3953795726, 79532541, 2481627971, 1952223634, 3765729623, 78839777, 3325464456, 76343239, 785023109, 916926402, 1059808697, 3847654315, 3323341267, 3850042199, 285320088, 762773026, 4059353462, 4123206325, 3260624809, 3236807169, 1537856021, 2072446983, 1846970430, 2723000531, 996879651, 2144626411, 2534741411, 94617720, 2797904496, 2726055110, 2412548183, 3406143560, 2442289383, 2556515911, 2189419740, 1424354003, 2266340764, 2913803310, 3709767005, 3363076695, 2251613132, 4158689666, 4242207470, 401301249, 1135006411, 1279579900, 3554392787, 1983673604, 2895986351, 4132988358, 1019317427, 274689881, 90768156, 4247599878, 123022805, 2905993994, 1635078423, 3234780036, 4224106075, 319862806, 1375491715, 1691332585, 3905510664, 4275901020, 928441875, 1730130552, 655403510, 3657739770, 532180893, 1621541043, 1788648034, 935471140, 1508424994, 924788561, 1757363275, 1995073675, 413809654, 4097218029, 3283697651, 1112964623, 3966332654, 906585198, 3264949734, 1728070556, 3158010783, 3905041550, 1132501159, 3130265726, 1648158767, 3616802279, 1886784955, 903492974, 3660435788, 3878046843, 2406349198, 242987408, 340800300, 3733002228, 3358650622, 3055079996, 401667498, 26777317, 1419254010, 4268493151, 325851056, 3067617253, 1246072860, 4172763331, 862340772, 3605271160, 2195029660, 1396352481, 1020083104, 2852033114, 1594669643, 3145644321, 3507408199, 1929178910, 1020115939, 4018963188, 652972589, 4131214043, 1264231622, 503934157, 3846384921, 2131714473, 3712115820, 2117673009, 2505469146, 4128887131, 1868001692, 3119919859, 4140769474, 928465933, 3739159206, 4167845138, 1192859554, 1950205620, 2881256808, 1392429465, 3000683733, 4149983665, 3265825044, 1750722433, 3100110426, 2666358399, 2087521521, 1205277311, 2996059218, 3404868324, 3443546276, 1892576213, 2344773700, 3509099169, 1453556781, 3469084571, 731721174, 700424472, 2178186369, 2528176409, 3516135660, 2190355253, 1), None)
Loaded weights: 0.0, 0.0, 0.0, 0.0, 0.0
events: me killed itself, 
  ----
(3, (1725056986, 1193557369, 1197656931, 648133765, 3009897166, 2633614713, 3292515456, 3589540862, 2905404067, 3381708915, 817225965, 400145923, 3564678631, 1554866151, 1788953517, 1782652828, 2848296013, 2771334406, 2307994108, 622793901, 2394403485, 3567388365, 1355908100, 1019056598, 2829830681, 1238216963, 2387000055, 644172070, 883096956, 3836800438, 2090794268, 2352370056, 1313652434, 350962979, 3103624146, 2492717939, 3019919465, 3133054744, 1444564814, 2246507538, 2911255802, 1782217447, 1870320668, 2958247674, 2776741489, 1727045494, 2423059859, 1439430710, 749673020, 3248103495, 4215885583, 3295682368, 2476904615, 2206665572, 274009624, 2591094871, 936988498, 730876781, 3147935661, 4070670518, 2408113416, 1322272895, 4082709545, 314725178, 1751368502, 1856751464, 3426386338, 3418530493, 3499769369, 2119892537, 585938834, 2131157592, 3170001423, 695953785, 3225295501, 1432785956, 2764301531, 637983620, 2956327371, 1755145247, 4136942737, 857934136, 1750788624, 2165661217, 987266033, 2681358542, 3657516763, 1483184470, 1593530305, 3468694857, 4266214977, 2224119618, 1188749309, 2323380641, 2352778842, 2355094680, 2759636228, 3415229376, 3025636712, 3300121012, 3403308895, 700762684, 1619297829, 947732081, 2748311153, 4152036948, 477265444, 2230059916, 1579067245, 937694195, 4164960206, 1130846026, 2891310783, 1663651951, 3884221006, 2454736175, 2579667444, 2897914023, 3068122561, 1778730243, 3664223907, 3431730775, 2795699595, 1836789118, 3530384613, 652286157, 3840462389, 3490538076, 1913851995, 1516915585, 3120735844, 360452488, 3721503869, 1062188017, 920462320, 3048472749, 2182436519, 3447575375, 4250204191, 2839857885, 1396379290, 705753627, 3136664743, 133160996, 2857704540, 4190771457, 3107422083, 1850310352, 2143406854, 4018449769, 3132786575, 708452058, 3298601322, 3703841367, 3041157532, 2874607011, 1925423748, 1476992926, 3058016251, 2474969769, 2710414979, 2124046948, 1574902013, 4005693010, 3715217225, 2266087172, 253406762, 3539652805, 1693140495, 2807018300, 1392955182, 804240141, 1584842248, 2890682568, 205190859, 533093000, 1314890545, 3582330439, 2370035878, 2860055372, 3768155663, 2517519782, 2653483393, 1986791349, 3972605346, 1704640686, 2792684059, 1486970401, 1902540596, 1385094733, 3525532413, 466070096, 3493948604, 2680011353, 62471648, 2452485245, 1750808064, 2362388746, 1061544404, 3718551182, 1006740386, 1425089924, 1167508679, 3699607794, 1004147659, 2221360499, 2275049597, 1071287126, 2985717231, 4215107102, 2714904988, 3042541458, 238955087, 3892973842, 2630823059, 4199900803, 535558215, 904208920, 3013705553, 1126197170, 4203177206, 2866132866, 1558906168, 2470863256, 3891359142, 3965108732, 1386735250, 4242202219, 248857678, 1335019813, 3198639330, 2893004979, 1339696826, 2637090008, 3563975357, 306306717, 194644989, 733353242, 2390448603, 357850533, 2122531420, 2345144049, 713701203, 3129763978, 2331514420, 2608852753, 1827405880, 2219655708, 2459356924, 585598707, 331728496, 4042422090, 340288647, 436378941, 1078098862, 3208329608, 2101386542, 678141859, 3374346642, 971138880, 996362815, 1705155305, 1092741755, 769444208, 1898642724, 1506621322, 2685813418, 3795962634, 3511029314, 2581597838, 62055161, 2490718549, 3214720878, 1696218352, 1005317016, 3782109076, 2581562124, 809964499, 4294545, 3387299945, 361176884, 1141734694, 4015101081, 2458700202, 2678388373, 1852731777, 3121283791, 3170705695, 497042519, 1455083791, 2237370998, 2142822759, 2693775720, 797275053, 133629465, 3671445495, 3388202799, 1146227610, 3947747105, 3641513941, 270535468, 3791407186, 515940741, 56970788, 2210755210, 1438228809, 1750197738, 2336868729, 1327497163, 2387216446, 100995191, 3418358923, 4286537216, 2884280870, 3297176600, 4173727410, 3070195995, 3565626227, 2268796918, 445226037, 2977161951, 2325678354, 720267076, 546405432, 3194910906, 910295329, 124827773, 34429022, 183387617, 4106035277, 3048250426, 657745594, 2500754206, 3765029270, 3198676877, 284961126, 4001528722, 3474049964, 2314563357, 4211563686, 3133670011, 1320603194, 3475146410, 3507120390, 3609458759, 2730433361, 3405197176, 2483824961, 3506048895, 380379893, 168850476, 1110944133, 2608654765, 2429854709, 1811798725, 4045428670, 399929092, 3664213601, 2370488935, 3198319277, 1222336219, 3067637660, 3797261857, 2053847979, 3223947243, 3732467863, 270583522, 1532651208, 225615491, 3009405913, 2818972334, 1429134809, 3408890500, 1530920555, 336520400, 3378538659, 3859350695, 1948588211, 1757616083, 1298175017, 3828870719, 3773044837, 1337232484, 2831460199, 384148906, 3606282765, 979221181, 3093296481, 3432161125, 4243364281, 3061311884, 4185600199, 1266065451, 1855869639, 920724525, 3784679062, 2984708312, 3968894580, 3363341440, 195667112, 1987852349, 2409652570, 3517768267, 451530194, 1579031293, 3848413996, 3650208530, 1566067306, 2691244250, 547244285, 4197376825, 2055246545, 508204946, 3163340383, 448016398, 2907022691, 2245424451, 99522876, 2702797782, 3286077427, 1631336505, 3901229896, 3471016184, 2923429035, 3790860129, 3359090788, 1509216555, 3666826102, 969250881, 2829907620, 1023664809, 975435547, 1246177329, 2374333500, 3825684115, 3586939919, 2828603704, 3504375896, 3622354847, 1179092674, 1791899920, 2970984768, 1709418064, 449541901, 503151117, 2411355715, 2436726980, 2910418205, 164846884, 24013739, 3954532286, 652650332, 2709711688, 1010613013, 1799154057, 3383730412, 2755893288, 3391161375, 3344179208, 3676244276, 1672425882, 100103371, 3953795726, 79532541, 2481627971, 1952223634, 3765729623, 78839777, 3325464456, 76343239, 785023109, 916926402, 1059808697, 3847654315, 3323341267, 3850042199, 285320088, 762773026, 4059353462, 4123206325, 3260624809, 3236807169, 1537856021, 2072446983, 1846970430, 2723000531, 996879651, 2144626411, 2534741411, 94617720, 2797904496, 2726055110, 2412548183, 3406143560, 2442289383, 2556515911, 2189419740, 1424354003, 2266340764, 2913803310, 3709767005, 3363076695, 2251613132, 4158689666, 4242207470, 401301249, 1135006411, 1279579900, 3554392787, 1983673604, 2895986351, 4132988358, 1019317427, 274689881, 90768156, 4247599878, 123022805, 2905993994, 1635078423, 3234780036, 4224106075, 319862806, 1375491715, 1691332585, 3905510664, 4275901020, 928441875, 1730130552, 655403510, 3657739770, 532180893, 1621541043, 1788648034, 935471140, 1508424994, 924788561, 1757363275, 1995073675, 413809654, 4097218029, 3283697651, 1112964623, 3966332654, 906585198, 3264949734, 1728070556, 3158010783, 3905041550, 1132501159, 3130265726, 1648158767, 3616802279, 1886784955, 903492974, 3660435788, 3878046843, 2406349198, 242987408, 340800300, 3733002228, 3358650622, 3055079996, 401667498, 26777317, 1419254010, 4268493151, 325851056, 3067617253, 1246072860, 4172763331, 862340772, 3605271160, 2195029660, 1396352481, 1020083104, 2852033114, 1594669643, 3145644321, 3507408199, 1929178910, 1020115939, 4018963188, 652972589, 4131214043, 1264231622, 503934157, 3846384921, 2131714473, 3712115820, 2117673009, 2505469146, 4128887131, 1868001692, 3119919859, 4140769474, 928465933, 3739159206, 4167845138, 1192859554, 1950205620, 2881256808, 1392429465, 3000683733, 4149983665, 3265825044, 1750722433, 3100110426, 2666358399, 2087521521, 1205277311, 2996059218, 3404868324, 3443546276, 1892576213, 2344773700, 3509099169, 1453556781, 3469084571, 731721174, 700424472, 2178186369, 2528176409, 3516135660, 2190355253, 178), None)
Loaded weights: -0.2600150114962978, -0.5638898470990661, -0.38734406341450867, 0.0, -5.0
events: 
  ----
(3, (979972906, 3892442720, 3029792105, 705349862, 1623883411, 1700596649, 1696117759, 2200204748, 507457577, 4063206905, 3247567231, 3495171447, 4139042556, 138224571, 1321722363, 3576702405, 1116550182, 3972712344, 529291904, 4116929422, 1019888450, 455434870, 2317142918, 4099771534, 757801704, 452071700, 1900109783, 391694562, 1683646029, 3242643459, 2937147221, 1146821665, 1892397224, 4260134068, 2157939368, 4143587132, 927604555, 1567326444, 2571107779, 3744105637, 2247124976, 4213344658, 3553988367, 3296887413, 604728275, 2967320924, 469483739, 986952475, 1161571443, 1998885966, 1219027265, 3692901345, 1920682591, 2744624998, 1320257165, 2641598712, 3600896659, 2727514286, 3617553147, 1044391674, 3494831192, 3489206592, 2436731037, 4160992339, 3785534517, 2068117704, 1189912987, 4124887102, 716556909, 4092769728, 2592701911, 1614302416, 1043115254, 4244150218, 2137091094, 2432407559, 2105780631, 1175008149, 2906962680, 1278416332, 1799375169, 1258146885, 2528904036, 2126646141, 247702181, 1769825527, 30514397, 785907016, 1556035105, 3544551219, 3178059395, 3542326403, 2458609182, 1849052340, 1242288635, 3732483060, 3322235872, 4132117297, 3786682661, 1212124095, 1412722978, 2836641311, 408187400, 245016845, 2396896287, 4135643535, 940086453, 1733406505, 667409003, 3329750950, 1756303121, 707174676, 2099625945, 4008615094, 3053422815, 2162005944, 1830802872, 2586831117, 1736347996, 1625183727, 837153389, 568768028, 2443078328, 545051476, 2062139701, 1525370647, 2729696535, 3579292398, 2009274673, 2302995922, 4037960049, 2553735428, 3812305488, 4142762412, 2772981117, 1749990899, 2201223188, 2402816570, 2207292571, 2628733402, 2063196832, 1127827551, 2026631014, 281689531, 3629280250, 903370972, 2679830192, 3650588950, 285227500, 2518152218, 431875629, 4002220931, 3882145996, 829299994, 2261096862, 4212694324, 4010395166, 3904226923, 3126114429, 1551042157, 3814076593, 595179988, 2133448475, 259743131, 1246194520, 1495220229, 893625610, 2760566791, 190296039, 3482630187, 2162868281, 2314012959, 2866298829, 4175346319, 1644362081, 3449257181, 2713940056, 2311691583, 2769343521, 1129514787, 4039639574, 1830877940, 541120756, 96281463, 2916979752, 3917849676, 3605100853, 2077865979, 1090230649, 3938588860, 13001533, 1605030515, 3690098884, 2128582928, 1661685206, 1395024675, 2760347078, 1667805979, 2485432527, 75088332, 2081175514, 1788952849, 3735036777, 1805255683, 3953292768, 2138205403, 2794139367, 2172841543, 1375723589, 1963662426, 2502498978, 4150794009, 342372351, 3570758144, 50060057, 1600546340, 2683879467, 1157928933, 1685075618, 1183403833, 513763923, 3690672500, 3607247854, 143858084, 532457750, 397434825, 4113709828, 3630440608, 76904621, 3023582984, 1036250654, 3511318746, 2946539811, 717450218, 3805538362, 2898825129, 3127240154, 3379253704, 2173021789, 3000452195, 4090630831, 1246968634, 1921955369, 20007608, 261702561, 2667613587, 1866807053, 410036486, 956531824, 4004548838, 73938509, 1662117881, 2939007094, 1154881040, 3139751038, 2386475433, 1150122403, 2591626499, 752065159, 4060436111, 2728434182, 551331526, 1234281659, 4271830876, 4100635956, 1454672871, 3687597640, 4293720771, 1765303552, 2518328767, 3056679106, 3180767743, 1528676081, 1109904604, 3481467140, 2765145605, 2071763583, 3443205976, 200502256, 637059178, 2775521309, 4049645472, 4006001394, 3984176094, 89590974, 2469688588, 863515648, 2503646214, 2956319758, 4181929275, 3708526764, 2751636939, 414112037, 3041656369, 4113840997, 1962022969, 3067470411, 2229061144, 1623592812, 2133364877, 1136130051, 4145979273, 2975519875, 1982401794, 694385469, 4085777582, 386864094, 4129003424, 3804072503, 3145396924, 1867164977, 1179725148, 3979314891, 693717551, 2824498349, 739849712, 2260842655, 1293693409, 1906137020, 2607684438, 2376980206, 1343827768, 3978996414, 2895782947, 3963877385, 3503119636, 2914626327, 196912487, 2308612224, 1577393299, 3138953744, 1249361557, 880308221, 991332562, 1353119264, 1780025006, 874901833, 167786165, 2555089853, 2949147705, 35291434, 3149099230, 3983451443, 986120083, 3320570410, 2165294160, 884056565, 1374090220, 2309342713, 883473624, 4063585208, 3056274931, 4075055547, 490278526, 920714236, 427520973, 1997258983, 1161887706, 1450661804, 4206995993, 2402150079, 1107130072, 3443956983, 3116878814, 1787701617, 393155361, 843741137, 3550580962, 303741045, 2387390549, 1156971990, 561012185, 2098642267, 988937075, 4265985692, 2507254846, 2614320235, 4232496521, 2323752151, 2668514988, 107312590, 3316634401, 2449835711, 821915726, 959391095, 179797400, 3053560805, 127359195, 1409569742, 879095816, 3109008603, 2073504676, 3112175908, 1214423853, 343303802, 2802073145, 159011884, 3602802516, 488539720, 4125059257, 2031519240, 560193539, 1194376605, 2911751436, 1054059, 796348731, 481606959, 370344290, 2549623439, 3187270582, 964428669, 1518939680, 3616524929, 2451156830, 1977898170, 201064926, 2893445307, 8816635, 3317116545, 3415748057, 2880993977, 3612403878, 30710318, 856665348, 490032023, 1596514896, 36441351, 2104708595, 4143328077, 965262422, 4084291444, 148503908, 2811300855, 3981520165, 4204011446, 352919892, 1512742328, 1652508994, 3218158575, 1396630966, 3676377419, 3151526013, 467792885, 1260519884, 1092980157, 1393718402, 3725823053, 1905493815, 633540494, 3822105318, 1713497745, 245807243, 1104207920, 168768731, 1120380559, 4174857238, 422833289, 2688452243, 3757403273, 3989734512, 2883341714, 2220699614, 944944149, 2765664437, 2372271883, 3333426572, 353432345, 1151054520, 240031645, 3055918764, 1279848089, 1294627133, 639263436, 1040804286, 3119521086, 1612574155, 2951767018, 577524052, 608153572, 2277668088, 2034267882, 272346575, 3453748238, 166040685, 2306069493, 3621670056, 952445743, 668216637, 995048136, 473330957, 1935930361, 717576823, 216568633, 2756447371, 562675525, 4149029249, 3448543414, 3027450633, 4181305287, 2186808444, 1537465637, 3186273884, 2979381630, 2510474432, 3057060686, 2630248811, 3190663169, 3968607881, 3506144144, 424913998, 3218343692, 302740141, 3235683609, 2223598350, 3713595442, 743177214, 1142030255, 2716210554, 3412683740, 4219648029, 3470641352, 3498799652, 1351195974, 3270266883, 1328038603, 3558485884, 401807418, 3291584008, 3788701475, 2618839616, 343862863, 3544386266, 3824756523, 459124229, 776857856, 1272551249, 4275206104, 2808779846, 230075899, 1098134867, 4110997854, 3633018794, 324744849, 2420882185, 3866944355, 3296000981, 2501156660, 2463205380, 2672376509, 492401452, 4095230141, 927300680, 3154957285, 1444167499, 963369061, 1066379187, 1574428874, 2694465992, 3093924832, 559603399, 2053752010, 658865767, 1917397493, 3695501456, 1912688566, 1105939805, 2173173104, 2662017360, 566957034, 1247400353, 1621744357, 3853415408, 1711712159, 2586431972, 2233362026, 771485142, 1228574658, 4275255479, 253198773, 1684144876, 2263936804, 1043020149, 2605706235, 1132993873, 2440959912, 33357651, 560140611, 1415792574, 3784524796, 1203502489, 2187712118, 3594931285, 1399209795, 694410307, 3901233304, 1042102591, 919033460, 3152955727, 1661590549, 3707326100, 2950826095, 3952865627, 4151056833, 2794620007, 2895227800, 4022323014, 3127055021, 1445188981, 842561024, 1839319421, 2342560335, 1822447564, 3316537581, 1565752915, 368495811, 4186947711, 1482086501, 378368252, 3409883575, 1818400365, 1310611824, 783066437, 2123174282, 340708793, 470), None)
Loaded weights: -0.32712517438238936, -0.5958708621744073, -0.38734406341450867, 0.0, -2.498232560327498
events: 
  ----
(3, (3616992228, 2834813498, 1091382685, 1775256216, 2765481207, 2952442501, 3731661999, 113128486, 3339399112, 2580498471, 2812084832, 4059626242, 730857245, 1371023230, 911730982, 896607172, 637884180, 224010302, 2203226063, 814280424, 2350003492, 490269398, 3946272970, 3835108459, 2081732729, 4226030455, 2812800313, 3035310240, 3985748696, 2896089957, 2100226265, 4183725690, 4000912605, 265118273, 1895238549, 314042610, 1927826183, 326753964, 2873982979, 200008261, 4010410554, 2374832025, 3931194683, 961545306, 2013949797, 1369684762, 4231826909, 1484360832, 736240958, 2813374848, 3063392021, 3870767357, 3424639127, 1985769739, 214271356, 1691077605, 4214737184, 3038503340, 2135890416, 2946314272, 167893042, 2847161780, 4113268870, 3117518864, 316121981, 383524054, 2923179834, 2655687249, 2445696588, 2006922700, 100222166, 3933468379, 2876870370, 3284868457, 2527247131, 3514607364, 2499242849, 3436151586, 1620544211, 358998519, 467397480, 1962154601, 438933361, 571847978, 89838195, 3721888787, 2866677949, 501269555, 1211030903, 3478538085, 4161438104, 675892291, 2048003666, 3739490528, 796265197, 2574304299, 3895507709, 3654208245, 2950364913, 4250556233, 3358670004, 223120913, 3015518857, 2610315199, 1479697547, 1244245611, 3398937592, 3099857527, 377934299, 1415034351, 2875597718, 2490168161, 3814171082, 2374151458, 986704386, 528659643, 1124103429, 1100099266, 1682045982, 1371200621, 2568978468, 3030672835, 1315259920, 1668580865, 1866050491, 1523067749, 1559696117, 2975343994, 1273984822, 3072959058, 2327453556, 1274036972, 3496791075, 2289508089, 1431388961, 2330627117, 1967033464, 3015633784, 1503088122, 584095019, 1097930710, 4151004166, 339923354, 192877810, 1285946471, 3304864362, 1052011635, 1279352431, 3084560889, 3029792242, 3305659732, 1082824914, 18507680, 1733201242, 885516988, 3373854042, 600939103, 3503284601, 458404004, 2555042923, 2211696871, 1394202610, 2423950087, 3746476970, 871447604, 497656189, 1045452216, 2189391491, 2582632137, 2015023444, 2682749300, 175167006, 2635655096, 1952611965, 1269803406, 3564686266, 2930631883, 4086668397, 2691378607, 4168480607, 404715923, 2082750403, 2754138583, 1142326787, 2949269, 3829722781, 1704656323, 794530864, 921047462, 2581375213, 410655415, 4216691452, 4264322981, 2455249720, 500525270, 3281159109, 4023155424, 1291506974, 3493111215, 3360574163, 1037764446, 1504111383, 2954662355, 1220685349, 4132414286, 901977110, 2646548703, 2047127165, 507353639, 519100083, 486960140, 3431095524, 498558496, 2054625211, 50778880, 826213877, 2976032872, 2101854825, 1191050111, 4164853475, 386434527, 2717442557, 2147121421, 4217211948, 734760715, 2016331655, 1479277794, 1209688303, 707051178, 4249170269, 2192605053, 994466640, 572003822, 1775492414, 131266634, 1661409106, 551730385, 4058613218, 479322963, 2188103275, 1686355034, 1149677956, 221248842, 2494681621, 3472738661, 1978679746, 1071402094, 823343523, 2725429437, 2064990295, 1771631683, 2050744018, 632107112, 3998082210, 2389606462, 215646879, 1051348907, 1554317142, 4203667962, 2138968263, 371211078, 3245122216, 734923530, 3630195321, 993828927, 1685785830, 1698511083, 1905441841, 1414130149, 2963874161, 2513059151, 2128441525, 3140481066, 3061022082, 3248396767, 1207858898, 1316602500, 85503995, 2317682117, 3488828998, 1234644740, 2398829958, 1604523655, 2765915879, 1119841930, 3678802747, 3973151004, 2261172397, 3178953865, 725382260, 2645985508, 2254588860, 432852519, 3322894500, 3659485346, 3392377395, 1231526756, 3069580905, 484942223, 3798201985, 3809492760, 1297548695, 2381164317, 3436798608, 3367446316, 59021595, 39274896, 557127931, 3753927001, 1019595871, 1480163408, 2114402620, 187604681, 2195533834, 3371679597, 2176169228, 1231544559, 3358635050, 4254031867, 701940888, 165443442, 3928571542, 3836960898, 1934675936, 1933291998, 1010102208, 823979457, 2315849351, 1662020713, 3844388434, 1694851571, 2654132277, 3781694508, 1686405517, 1595945229, 749585715, 2354735460, 2101444031, 1858482844, 1074290783, 1709531026, 3507314874, 1054924904, 1156424579, 1639824289, 2902651101, 4173410609, 145976657, 12243083, 2256929301, 4286746452, 2536336294, 2982362926, 3411715876, 3389802477, 2522602187, 253324273, 1673101601, 1892682009, 2344129876, 2965744636, 981873514, 1618332805, 4100234176, 2124659137, 2722562471, 1333877858, 666480433, 1525833843, 615427512, 326459219, 545776581, 3195171553, 185782827, 879840607, 2456203526, 357390165, 3564606666, 713582686, 3289079705, 4112976158, 3888087406, 341895472, 2141621998, 3589476163, 3117528414, 2281351671, 2020386517, 3914107276, 2899981771, 3764040293, 3928502622, 728802118, 533749570, 1946056588, 4210833113, 1204423449, 292677127, 477922758, 3094572666, 2764478680, 1355839167, 991400193, 3807503730, 1758081616, 1864743682, 3400722481, 1281191606, 915987733, 2321894059, 2269142690, 2022558669, 1095081906, 1728342326, 1411179821, 1426811119, 3598463367, 135397864, 490195641, 3481809015, 4111346877, 1014361140, 1157379953, 4213527049, 2095709756, 3055884524, 3448706244, 3246602449, 831784184, 2100379162, 328671684, 2017742599, 3918633432, 3583492315, 869451424, 1663102448, 3009757953, 2590180071, 3157956485, 3539971720, 2498372120, 3730318745, 3516771038, 3863627317, 2693575735, 3917066642, 1685526425, 20578482, 2371701880, 3266694294, 557297209, 2227161860, 662051911, 1735614049, 3253254652, 2805323081, 3608262616, 1515994338, 2613448498, 1614471079, 1517927262, 2024194048, 3594684361, 2179583071, 858915084, 1873126155, 645699094, 269268920, 1142265662, 390136442, 4202249967, 2349096537, 3307715248, 1278679434, 1405010287, 2300264560, 3747808051, 3444520466, 2228401629, 3754475278, 121985589, 4261694605, 248867810, 2836017934, 4086590482, 4170841661, 775654148, 887019112, 3778425204, 3113680430, 2576010789, 136809766, 3538743517, 136418805, 2603348708, 2454727436, 1641709883, 2606287148, 3189326454, 2570254238, 3221524649, 3367686820, 3199331810, 2152723605, 2283469767, 1565260879, 935208341, 1542824541, 3571716240, 1226341121, 2109497831, 1063318897, 711491144, 3060211023, 2863896301, 579752887, 3906171554, 2974839035, 2402129825, 693244844, 2958453260, 2576315083, 1985542656, 2508781730, 1616995029, 3015095148, 1875134907, 4131866934, 803866468, 2080684917, 766518069, 527951445, 3874942739, 3652780229, 2888025329, 1941748942, 3712773364, 818234492, 2139265651, 1482973311, 1095074163, 3671115010, 2949221981, 3674283824, 1343002723, 1183546707, 528536973, 2425299179, 4096666849, 994459769, 1862604655, 569377107, 1228121890, 2056894724, 1047941162, 4212725949, 163997547, 525600509, 2471796925, 4095411464, 1213345739, 1283084577, 2769751988, 1355729125, 2651543579, 508566312, 2424921977, 2156617211, 2996298732, 3648391773, 563893960, 4077760589, 97160229, 1415124789, 2250253020, 839666089, 3466155647, 1160561897, 931131176, 3522182687, 2683619675, 2051792081, 2310847393, 2352863067, 950639766, 296120776, 714530088, 78227051, 1120878178, 3586276268, 2309363398, 648385862, 4080892657, 619078992, 1124595969, 337319597, 3211059203, 2549552565, 2316536542, 947853697, 2732989231, 2948812343, 3258267661, 1947248900, 3567915764, 2472329295, 3409188214, 1774785601, 1231817800, 361492088, 3409404261, 4263902899, 152755068, 2706721680, 1940485225, 3625358850, 1257373012, 4137094649, 168894666, 2163622243, 1475422374, 3226092063, 1469888934, 738295531, 174), None)
Loaded weights: -0.24652404700042324, -0.3638476642871554, -0.38734406341450867, 0.0, -2.4990885162799423
events: 
  ----
(3, (4113923655, 1973694071, 2096896160, 363352386, 3453146726, 3985228767, 3391700207, 706084119, 2038112213, 4080604375, 947159170, 3121984482, 84424262, 3911608111, 800576785, 4224921179, 2032901489, 1622523117, 2360705165, 3987418656, 3052073345, 2468728327, 503700081, 433470868, 2397607326, 1419945209, 3833440652, 2274804784, 2395064721, 1977676024, 3400324592, 1612111653, 2496583549, 1092231251, 1387763656, 3535028912, 2790231063, 2408457705, 965006940, 2043735164, 4157470871, 2761989898, 2741196640, 3504498816, 3028168800, 1933792243, 3464638537, 964184870, 2451346856, 3556630980, 2263355070, 3583508646, 1306132062, 3921033065, 1669010486, 3382823876, 1694070924, 2958585520, 648239340, 2334475368, 118841775, 2429289663, 308697374, 291512810, 3502937019, 702672108, 3330714434, 4039179224, 376877698, 1352417933, 3078620366, 2665977075, 3798073588, 2784167997, 1085824320, 3984928508, 1210578, 3304510242, 2734488250, 1708968107, 2401884580, 3426057840, 3828341107, 1333127102, 3583370376, 3413695025, 2389040366, 1563606065, 1853444881, 2114265891, 1939989377, 2008065565, 3272601492, 639260940, 2039783297, 1971952149, 2162799719, 2244415146, 1518823665, 3418964384, 556204251, 2720623269, 54853401, 4172407564, 171453069, 1491632483, 419158794, 1655895394, 618785546, 1386383269, 3252251860, 2070610895, 1047604438, 1519496105, 488465959, 583098934, 2129254972, 742179324, 3361717473, 988805068, 3625969873, 1742616595, 3618649672, 1138692044, 1353692970, 285795587, 751246536, 2921108812, 1395257441, 3830407162, 661086250, 158075721, 1716910213, 3872955262, 1865589680, 1315193276, 321109549, 2755432406, 3723204103, 2823429273, 1498682755, 1485976676, 1050977797, 1795649239, 1123593394, 2981396914, 1065318358, 3682175679, 645285648, 37653164, 2662473876, 2302581624, 2495744778, 3200591922, 404443561, 173182002, 2857892891, 268502558, 4025761948, 2477586896, 3168137115, 3566331687, 2417961510, 2308292267, 4252164670, 3596423730, 713347623, 495338987, 2509374060, 2484111274, 3677489888, 267991809, 3741793427, 1686556590, 3353742124, 1153646283, 1061183284, 821269233, 3647369534, 699084529, 3847024791, 378047881, 3377084309, 314779126, 3468110039, 1734494859, 3089342488, 3178241893, 1270079333, 233940195, 840046949, 822241590, 795333520, 615135700, 935406002, 2892596030, 2521677655, 878907694, 3575419443, 3843980283, 1706833851, 2290975046, 2865829975, 4199358258, 3307542446, 2728837163, 606645703, 1423029730, 4030880565, 164953782, 4259157764, 1317888223, 908276367, 1977826994, 951298162, 4258945113, 365597457, 302758067, 2891811459, 2041487614, 92679172, 1069500057, 805623732, 2331888144, 1547399777, 3176477300, 4092567523, 3753121398, 1994031605, 3618010730, 2747765938, 634552268, 1411052031, 1639727960, 3826501140, 2340145614, 2080877363, 2168753906, 1596204101, 972802043, 3650601849, 2908424248, 78291286, 2742498362, 2079254864, 652225585, 3284383062, 3549776379, 2404789226, 3473139448, 3541700158, 3280057051, 2214891554, 4050192369, 2121742294, 2167695948, 2285291334, 1730333914, 240507943, 1246646342, 539319340, 3918150432, 256793926, 204782338, 2846950268, 2281973385, 290282653, 4099057415, 894637984, 264377518, 2165724067, 1321497077, 14728473, 1089751078, 1954569137, 4126033622, 3663816081, 1074626285, 2728840994, 483290502, 93596834, 2788965707, 3698554058, 2368660074, 1738955271, 1194892342, 3249582784, 935171551, 2860412308, 1209507151, 3302724786, 2989140484, 2481313785, 2570568099, 1568324288, 3604984873, 940004531, 627810601, 714492299, 3916634132, 4127413177, 603185937, 3408296529, 1161925629, 47271778, 3021385084, 1849573268, 1341690368, 724100827, 1454523970, 717039688, 1788407908, 3314163834, 2208082604, 1337316192, 3083993279, 2203313648, 2601477417, 587068661, 608333787, 1726987438, 1608404116, 4284325350, 181428087, 3197479356, 3709899486, 2947484000, 2970521066, 3782559913, 882898711, 1929544226, 692287926, 2456619588, 3759607442, 820182031, 1902932998, 432855711, 1789836259, 652227100, 3718867406, 2192497280, 2159047171, 1337110533, 4068541006, 1472134659, 3621660536, 3257610622, 2661822723, 76007816, 1669788476, 4257939073, 2804825943, 1113879932, 783066940, 3809515225, 628508313, 3305323613, 1599641250, 4098126461, 3586752942, 1971257143, 2483509791, 1718370814, 1993500472, 2525796720, 3987338744, 1463945380, 4098949633, 3531020059, 1155033617, 2088343333, 154433566, 1172343227, 2887807322, 1802885010, 3876148749, 1088468019, 3105891967, 3978433480, 966210199, 2316528921, 3916462540, 1922458242, 563836805, 2484668820, 3669042209, 2577826917, 740287422, 982564386, 918153293, 3844707864, 1720756012, 4195415031, 1627117800, 1064172271, 1369584729, 3071400108, 2384442592, 3053581833, 4250451207, 4214206719, 4168385096, 413991696, 1769515328, 1676945414, 1319376034, 1775242551, 4216967388, 979722890, 2808434636, 2929587357, 52588285, 4253370236, 1352714427, 2337514898, 869780235, 1935201445, 1176044865, 4005565369, 3464525835, 3962239169, 795605883, 3447244320, 1089913240, 909258802, 1978385865, 4279411121, 974841152, 1182736978, 2468031450, 1850834892, 1894046603, 3497509257, 2334033162, 2915912730, 1539608848, 579639606, 3447990634, 1590288080, 3599937451, 1446075800, 3252511169, 2786319688, 2914010116, 1788256370, 479449690, 2762992977, 3386434818, 3912745067, 3753196642, 2935205860, 2144993763, 3042054476, 540758870, 1648670993, 4291951316, 2969559718, 3575359964, 2857889463, 1186464841, 1698042301, 3440977685, 1186040700, 987815886, 4224179979, 3709681081, 843900740, 635592462, 1929830867, 2934347184, 3515472027, 880349534, 1731309916, 1510362916, 923293316, 925978521, 737077158, 4164184802, 2457307590, 2242237573, 2660448847, 762841845, 3347716773, 1659254858, 520910707, 1143001093, 3938592518, 3528754726, 3700729184, 3724262559, 756269672, 808441907, 2062210852, 2398128603, 4014750058, 3926361175, 1401567564, 1883276953, 3707858250, 825608511, 2049067096, 4166888525, 723759426, 1864914029, 3058104958, 3071196709, 3723658427, 3903131091, 2691795043, 928864195, 2035749640, 1692301880, 1517821418, 1376053169, 930828063, 1814680923, 2605282738, 1878795178, 3884969668, 1457186391, 1628010910, 4021698623, 1255261163, 3695858086, 667506128, 2994631706, 2583034208, 1124176662, 1989566302, 1243145659, 3993580906, 956237277, 523421553, 463233831, 873083127, 2717621941, 3158264115, 1374186110, 3727662976, 1859876161, 4226135158, 1887239954, 2657998782, 1501692065, 3875303778, 939275911, 1893597336, 1009633653, 3748707587, 3075624070, 196013578, 2759478928, 3979813221, 111959700, 2560463533, 3796154711, 1556295790, 1851347059, 1973317051, 2625983561, 2125547156, 1985543361, 952235248, 3907641475, 4098134949, 2594332204, 3886230148, 1212275805, 1524688337, 2297694030, 1336688043, 2536980518, 2190201716, 703320171, 1618511186, 3790078961, 318793472, 2865690221, 2153944698, 1863706386, 1722487756, 202769405, 825135411, 2816451231, 2263718981, 2565445289, 1256715807, 3195707541, 3353690105, 418729530, 4113866778, 3679593656, 3068821571, 2686027190, 3946729198, 2173275687, 2093671691, 2446581097, 142912745, 541995883, 2812939633, 2753758385, 2930806197, 3711918266, 3646262973, 951444111, 480822979, 3194081088, 320367009, 3845180248, 4022945178, 4038892296, 2565693507, 1279201596, 3295090480, 2960666894, 1078509237, 1192683986, 1525993685, 2538483458, 65976342, 3483173840, 2164883275, 1417926480, 318), None)
Loaded weights: -0.28807410447431, -0.44358751570704796, -0.38734406341450867, -0.47260382577301546, -2.9491740282055874
events: 
  ----
(3, (1988346886, 1259895799, 939573378, 1468869086, 2118995761, 1591228697, 1557514805, 2598541538, 1128798251, 2632902133, 1371927386, 2216782348, 443429761, 1770414860, 2743177040, 252647854, 2419847409, 3659049222, 2132034149, 1957473544, 2590763022, 515344976, 1962438971, 2997783708, 774592136, 3392460518, 2567864413, 1053003838, 2416774256, 821327726, 2258296967, 3283341938, 2727104442, 1852380458, 3498339373, 836536871, 1796413005, 2025913265, 1209784135, 4029367193, 363670564, 1285602617, 604762019, 2308581775, 1219558668, 135369543, 1273922415, 123127325, 3823422529, 4033061331, 4181423800, 696918769, 1732364932, 2200870361, 3738038817, 3116447618, 1878693102, 3581523662, 3819771172, 53985852, 2328158821, 1684751522, 1492266194, 4250679418, 1794060812, 3457083549, 3564136976, 1215441985, 3601214461, 1383727028, 4177942622, 500946869, 1119870819, 3113536569, 1490863459, 3161437878, 2516982969, 2948907156, 17130159, 3867215124, 725026143, 648222231, 3653416682, 2302092236, 385967616, 3578825978, 555112474, 2379254355, 3036458367, 4037756132, 2807321278, 1886374341, 4255866017, 3404920319, 4284404238, 1096619672, 2204876172, 1560436100, 257740653, 1669546341, 517839615, 2290892195, 2430680837, 3829449688, 3152702990, 2803486635, 1310706606, 887245065, 3127704621, 54346870, 3446644915, 289712820, 3688271108, 2172565925, 1818841403, 1475821441, 263198041, 350432969, 2408866190, 2549485155, 2932936153, 734159888, 1169701476, 2039933460, 4026518761, 3397015203, 420266653, 812616954, 4253246452, 296460102, 3530020503, 2706250583, 3271735224, 2902474639, 212340520, 3512677660, 1024600671, 4258107962, 2916427922, 2952684188, 2399896696, 694213371, 1367914561, 1389160055, 503062202, 1599629895, 2230569744, 4078106224, 303486689, 3065895758, 2861471219, 2446062890, 2689235432, 3091203778, 1763792508, 1567393283, 263933866, 123015362, 2028728240, 1916007151, 3443784974, 3984413192, 1506457758, 1779697444, 2302683818, 1714369170, 1652190737, 2837823344, 2865124157, 2823124425, 402586921, 2949963581, 2461227317, 3687995341, 2433393991, 3570750483, 1685216126, 3464628526, 2785770490, 1376130193, 2084806108, 69914733, 2559538314, 2597842282, 586802677, 1799275337, 991592915, 2193572653, 2055875509, 540958821, 2906545600, 2517255405, 3167740967, 718095533, 1036070899, 1887976523, 3265122757, 777449346, 3844462260, 3634854609, 485894353, 1475615239, 3549693706, 594865468, 4173512460, 643740290, 659320576, 413561100, 646678449, 2505903376, 505440489, 1744812946, 3580817080, 2145376426, 3607532611, 2469474752, 1981329284, 1028972589, 815983110, 350898576, 2385998740, 1941974760, 131182626, 387374594, 271047711, 3596387239, 1209538532, 211658239, 3543259593, 1982799631, 2776166236, 1073924853, 3771328508, 2774722161, 2601924548, 3700469973, 2384154208, 3947704155, 3337800755, 1282224698, 1465502806, 3473840613, 1668981553, 2418434535, 4070736127, 2067364308, 1664804566, 513685310, 218140695, 1812825347, 1945954048, 6056627, 1260622044, 153290003, 3630576008, 4177065560, 3676253173, 2716971048, 756512046, 136266860, 4127798076, 2715442361, 2044274771, 3622116944, 3357621467, 1096463543, 4277040370, 1260516748, 3968031237, 1291083713, 1738380224, 3220757613, 4157049607, 2610121165, 4093688301, 1992024186, 1688868887, 1184636000, 1901705997, 3625006981, 1956153105, 3536863740, 3426330574, 679009833, 3702671925, 1103995025, 894052645, 2213595041, 3691986588, 2247282323, 246515174, 1657818868, 1975101857, 3307358860, 2166529294, 251119605, 869974929, 3944991074, 1396732322, 812451366, 3184550384, 2212081901, 2185807211, 3726899865, 438145983, 2001707122, 3021238478, 3347673478, 713248729, 4247078039, 230138861, 2580237548, 4235914528, 893153211, 2905075344, 3999196426, 1179036658, 1327336784, 1189076706, 45436713, 2568873094, 1094795289, 3227439501, 1464635952, 1913100982, 3845746064, 3321943417, 957335772, 2168404552, 1984784726, 2475221317, 2873258125, 2931629642, 708896840, 4234783543, 3437549713, 3873956867, 1451105207, 997365840, 1316935849, 3131162373, 2781099371, 319949457, 2871660470, 1632082726, 2214400402, 2045791254, 2925153521, 1781064960, 3216338397, 2203488580, 815116595, 2865848044, 2366682287, 155475992, 3861192799, 709057830, 1529292590, 1318241200, 2876353842, 3469706104, 1316871484, 2207117301, 3710392146, 966622760, 3119101572, 4173043303, 2923070439, 166086275, 2185226231, 672854379, 1858811349, 2503877746, 1782721404, 2939525664, 3869548565, 567307643, 911697881, 2941437001, 275927946, 4181451027, 3965197942, 271345694, 2139490317, 983655045, 3809636006, 1734982202, 1649353180, 1678590385, 1386797425, 3153400232, 1658051657, 2627696969, 2660336707, 2666481382, 1731318699, 2860106845, 1307111570, 2038441997, 1490173803, 67486122, 3298326923, 3917236052, 1487378245, 179079416, 1242526903, 2533116905, 1784683768, 3492494043, 4127815927, 1753462716, 3296288197, 4125916949, 499762991, 1706936328, 1255098592, 3852288353, 2071363704, 3188988644, 1490188677, 531008207, 1822337346, 3700824189, 1671791269, 3393558304, 847536409, 3449775499, 2639526711, 2591258421, 3293441241, 3286130518, 1040511781, 1030607507, 697991213, 1073168891, 167375754, 198751495, 4165273598, 3103366980, 1219297342, 4060304650, 4015526206, 4103765582, 1032964577, 644933679, 1795646223, 3272438142, 3387061446, 12985002, 1283875567, 2808404558, 3602924051, 2510565163, 380576647, 2681622982, 295024637, 3991743324, 989769572, 1843228842, 890664130, 144102592, 2266117013, 1421393312, 3445792223, 1250289652, 229227071, 394789872, 3937906921, 3792323987, 2040808833, 3447200760, 1022670012, 4116123338, 3727173539, 3958960451, 316466111, 3543361219, 1937759877, 1130629804, 140045713, 3204768125, 4183602454, 2692026613, 4049951861, 2514117251, 2498858550, 2716148873, 3169628789, 4088948687, 2838276050, 3130586164, 1636054871, 1681230920, 4005276080, 3723980507, 1095092915, 1490901821, 2227014208, 1775761327, 297663850, 1711152721, 3863759539, 686046463, 1999591252, 79843166, 2130217905, 1636055322, 1367051371, 2837871265, 3822068915, 3688730304, 1808754053, 1166376705, 2190190453, 308556593, 326166517, 1048025384, 930126084, 2313663052, 2096368820, 15695587, 1038700623, 218281041, 3055876998, 3972767095, 2388992626, 1916261573, 642105310, 2602832105, 570223967, 134833087, 3428278100, 660782487, 2179307906, 2285708455, 878503719, 3519784141, 3982286903, 3416955007, 2988562793, 2282328107, 3568201060, 466792023, 837127717, 2936253998, 823702074, 1336057382, 445257663, 1605122865, 610900059, 3820191477, 1422687558, 1391925619, 1112216169, 1191475324, 286403101, 167649085, 2645777863, 106706193, 2103269480, 2049566482, 1145156494, 717364971, 142590985, 673858379, 4215272225, 2838003050, 448057803, 3218557887, 366174225, 454775143, 2046341626, 2710215440, 3693143551, 2043813216, 3899172156, 225769649, 3211178030, 1459463320, 321048095, 706052651, 3395823990, 1969985689, 4015154022, 1523487368, 604462547, 2749754846, 1733331291, 639460401, 1488861997, 2601914927, 3245156361, 1669370628, 3604602559, 332248228, 1843431887, 966621370, 3624920239, 2441800017, 2796575673, 4045168317, 2939552726, 548836762, 868346495, 1594469337, 4093958224, 3306059328, 3392406208, 2136870228, 241147932, 2805431292, 3505665034, 2515251436, 773690563, 4253267437, 476385946, 3772685339, 971695156, 948031656, 603016939, 1380328077, 2410415990, 2078705, 3510117982, 421), None)
Loaded weights: -0.11567389994437534, 0.0663101152077128, -0.38734406341450867, -0.47260382577301546, -2.931803012859106
events: 
  ----
(3, (2455966687, 1497739405, 150387938, 1381156367, 3273011127, 915917649, 3797870066, 1422343335, 3211984819, 3450003597, 795019334, 1086288602, 1390246361, 2889715017, 2056007863, 316361598, 210862365, 2452123669, 1296641371, 3897540252, 1695570708, 588697364, 438710849, 366572056, 879000625, 3575389622, 2788736468, 4014102130, 15027132, 1728271283, 164767868, 1736416827, 326650106, 1389301822, 291859115, 5786982, 2463904570, 4087719839, 1957873787, 1330936850, 2674095271, 4278758124, 2319265867, 1636570289, 2243841022, 2205426493, 827922227, 2020774707, 2493886287, 1371063192, 3619487638, 1687195805, 2537737029, 154109646, 3090867835, 559847053, 3914899549, 1832164502, 833498615, 2322880455, 1029145517, 4048845196, 2837867599, 3387772502, 948773404, 4080658513, 1127073213, 542431417, 4105356173, 1333415990, 875387817, 4171255847, 323449412, 3664738392, 1208288233, 3165724327, 428994925, 673824060, 3290294151, 2319791758, 1907142010, 1369030257, 598361293, 136847086, 3061414604, 3920399658, 2491098018, 3751540060, 1026694136, 2702568412, 1482939006, 2561272835, 2054266200, 3888654034, 1322873813, 494770610, 344946117, 3658558373, 3734846791, 1474489265, 3894336124, 1383758147, 1275567255, 743496150, 513167730, 3549976475, 399085080, 856078288, 782515606, 934006006, 4059095725, 3022062091, 1149800048, 1382342185, 2406351288, 814800232, 3532970816, 57222392, 2806219329, 2129769462, 3119232845, 2843428710, 1322671442, 1327883189, 2290547362, 1802378762, 1414899454, 3613274318, 1746685158, 4055090524, 89959144, 207984849, 3480790971, 626356529, 2069577713, 3643524883, 3703781942, 2928507740, 1449684090, 1133591543, 2473964246, 3318668308, 714942289, 1649490406, 2913912725, 1455294639, 2894728799, 4225329921, 3841966606, 12537187, 3982075201, 1327084746, 1906245516, 1151198557, 735020745, 1810484022, 1286663282, 525956971, 3740853290, 2108319972, 3208546914, 2103297364, 1295586435, 3450309719, 1468752546, 2192761617, 142742573, 2467151865, 4112759906, 1057952915, 2394855101, 481920540, 103736059, 2915856293, 1820279427, 1602380611, 1252270158, 774383749, 774579068, 894482341, 438871478, 2826536880, 1134377712, 826882610, 3881982977, 713962389, 3938669449, 1252295481, 861976008, 3826712281, 18097285, 926365459, 435042544, 4074664876, 426446284, 463571648, 922927076, 994051735, 289306967, 1476757820, 912033597, 347328907, 4287015663, 401197758, 3855828224, 3256842869, 1269613532, 2763270649, 4171431473, 4071106523, 1665743246, 879479738, 1086769581, 1516292987, 2223627054, 2952640787, 1918581386, 2541030176, 2960985610, 3802860556, 715595408, 1824983344, 1021464867, 2703537337, 1178656464, 1180440650, 2291030681, 868855041, 485465134, 1125409511, 3218443862, 727878654, 3180781698, 3189804533, 444444120, 1217077467, 3571930312, 3262122007, 2975505568, 3511048334, 4236534981, 3109736809, 3655886094, 1896396099, 3936842523, 300215733, 3934498841, 958495954, 143681502, 3189076568, 2219016088, 3830758210, 4119841937, 235523732, 2398888640, 4066849274, 3665987013, 359939034, 755223756, 2912014193, 1692852251, 2463538000, 2510269498, 3945301921, 146227782, 1783808587, 1524688432, 4240097989, 3826361668, 1020813032, 2581956958, 1125772164, 2454666718, 2292022074, 1299277549, 3999877064, 2947298701, 2872607648, 3291871503, 3599629967, 1858976277, 2651476492, 3999991870, 4170047972, 1965580922, 2787826691, 131696422, 215178767, 3021126468, 1735441168, 3513423203, 2992386949, 2802346133, 3011241804, 2379659192, 766541138, 3565013020, 1347955345, 2979801202, 843876693, 3753343065, 2803936111, 4136545372, 703115341, 1342476750, 3384051593, 2355077556, 517460125, 756749095, 3801688420, 1700380439, 2002122206, 2309688665, 1861417280, 8912240, 1983444732, 690995969, 365710163, 465630708, 124661957, 331502353, 3341527026, 1654180366, 3708360931, 2248185307, 954404155, 997804909, 2061363935, 373970621, 2782215113, 2037160063, 1887728498, 2079715404, 3398672811, 835302069, 2782071039, 417128065, 3056620431, 752155338, 4149805116, 1134960504, 1141868846, 1853559310, 4261453375, 69673909, 4138359906, 892868760, 2858043945, 1316424079, 4243235750, 1360909540, 3085933467, 3023077422, 3861038364, 1999629742, 3807115357, 2183463420, 1272536375, 2463619222, 3141997551, 1963096491, 1344196930, 1883038141, 1571856017, 436291669, 515927445, 2331038699, 2483199534, 1723963448, 603025510, 565939691, 4013602614, 775579465, 1478554892, 1853806298, 2796512077, 1653934614, 620228152, 3182661342, 2286766511, 45244194, 2811062801, 2085200333, 1952737551, 3721721259, 1025599773, 1054909531, 374636470, 3124110956, 1349841278, 4227806478, 3432694322, 3906681683, 166502247, 2154101997, 3912323713, 2595098128, 3522763907, 238441992, 426228472, 4208080605, 2667316971, 3625120449, 2347234503, 2406288780, 2073199569, 2650544034, 337887710, 2962446238, 3680165953, 3321455268, 1316773602, 525409715, 1376369557, 3516068840, 3717399512, 3618333094, 1900415863, 1644813254, 1727925908, 428722572, 3966446721, 2787630324, 3380753179, 208539521, 2676581744, 1004107815, 3604360807, 1453922251, 410503273, 3900064913, 1605868251, 965014105, 436066921, 2604206136, 1427163891, 751537327, 4227940861, 1737047318, 1725460213, 3693397402, 1528438123, 986417511, 611127461, 2752253034, 2658845918, 1989997642, 3060715877, 3552438210, 1172641071, 3440581166, 2744624445, 4069175111, 1012645491, 3202952663, 681810947, 2654650921, 3063418580, 985634672, 3399719872, 1341190436, 3946251447, 2945782856, 3048063958, 2109612221, 3207952338, 2296472199, 122658452, 3014916324, 542085365, 3975612551, 4254529943, 1594593090, 3540301896, 1411164583, 1968965649, 3091211541, 1593066914, 494081809, 1573515973, 2269366059, 846882697, 165307352, 36125799, 3695318433, 4026596595, 3395133419, 1326920603, 930659737, 1461202324, 2910486249, 2324200117, 2478202943, 4142428327, 788699946, 2070442286, 1230591440, 1637269744, 825125027, 2601097751, 826026230, 1652147823, 2674692386, 1697092468, 607527769, 3398614957, 3645414377, 3588329020, 3466477411, 2155517158, 812909454, 1242650882, 3396583004, 1008547576, 4109221747, 3511229225, 1856690659, 631824237, 2724840625, 832871721, 2706519039, 4278823627, 667055172, 3138409570, 4294039277, 1182369874, 3718747491, 1863019865, 3743510417, 2945282716, 1887256313, 1066129317, 3966232274, 2716561329, 749403156, 2546153100, 2269082413, 2092431119, 2324977624, 1530094161, 4177164417, 2527338397, 2968977195, 3061125408, 1425112870, 1637474173, 4220367238, 4177598553, 639198795, 1724393378, 3554884352, 1871079850, 3688025644, 3184717622, 1115721676, 1347452181, 1154408156, 4135978859, 775556142, 4073752762, 14430243, 3912827447, 2479203682, 1573748954, 368402670, 2995779206, 3116087732, 3055199862, 923580465, 1016075975, 1441132222, 3613902590, 2084975487, 3490298092, 3503796979, 729361882, 3352251254, 3885759153, 2107480414, 3690745533, 4188173157, 3428182315, 179986427, 713612405, 2982901809, 1029035594, 3455912966, 285440995, 1532264444, 39885607, 31062987, 1203067960, 3799233747, 2065483023, 4036860111, 2989723628, 662974701, 2016712684, 4195822497, 2673693127, 2215810500, 2553692503, 341251989, 1860672275, 210790240, 1633753965, 2603151848, 4071181148, 245119834, 2455703304, 442867052, 4171406253, 1385063002, 1371695981, 1953538298, 446478684, 2634745156, 1302259287, 2214727141, 1147313125, 3760533782, 2719910499, 4106182385, 1251424032, 260), None)
Loaded weights: 1.3160972301077578, 0.0663101152077128, -0.38734406341450867, -0.47260382577301546, -2.9627249641915947
events: 
  ----
(3, (2455966687, 1497739405, 150387938, 1381156367, 3273011127, 915917649, 3797870066, 1422343335, 3211984819, 3450003597, 795019334, 1086288602, 1390246361, 2889715017, 2056007863, 316361598, 210862365, 2452123669, 1296641371, 3897540252, 1695570708, 588697364, 438710849, 366572056, 879000625, 3575389622, 2788736468, 4014102130, 15027132, 1728271283, 164767868, 1736416827, 326650106, 1389301822, 291859115, 5786982, 2463904570, 4087719839, 1957873787, 1330936850, 2674095271, 4278758124, 2319265867, 1636570289, 2243841022, 2205426493, 827922227, 2020774707, 2493886287, 1371063192, 3619487638, 1687195805, 2537737029, 154109646, 3090867835, 559847053, 3914899549, 1832164502, 833498615, 2322880455, 1029145517, 4048845196, 2837867599, 3387772502, 948773404, 4080658513, 1127073213, 542431417, 4105356173, 1333415990, 875387817, 4171255847, 323449412, 3664738392, 1208288233, 3165724327, 428994925, 673824060, 3290294151, 2319791758, 1907142010, 1369030257, 598361293, 136847086, 3061414604, 3920399658, 2491098018, 3751540060, 1026694136, 2702568412, 1482939006, 2561272835, 2054266200, 3888654034, 1322873813, 494770610, 344946117, 3658558373, 3734846791, 1474489265, 3894336124, 1383758147, 1275567255, 743496150, 513167730, 3549976475, 399085080, 856078288, 782515606, 934006006, 4059095725, 3022062091, 1149800048, 1382342185, 2406351288, 814800232, 3532970816, 57222392, 2806219329, 2129769462, 3119232845, 2843428710, 1322671442, 1327883189, 2290547362, 1802378762, 1414899454, 3613274318, 1746685158, 4055090524, 89959144, 207984849, 3480790971, 626356529, 2069577713, 3643524883, 3703781942, 2928507740, 1449684090, 1133591543, 2473964246, 3318668308, 714942289, 1649490406, 2913912725, 1455294639, 2894728799, 4225329921, 3841966606, 12537187, 3982075201, 1327084746, 1906245516, 1151198557, 735020745, 1810484022, 1286663282, 525956971, 3740853290, 2108319972, 3208546914, 2103297364, 1295586435, 3450309719, 1468752546, 2192761617, 142742573, 2467151865, 4112759906, 1057952915, 2394855101, 481920540, 103736059, 2915856293, 1820279427, 1602380611, 1252270158, 774383749, 774579068, 894482341, 438871478, 2826536880, 1134377712, 826882610, 3881982977, 713962389, 3938669449, 1252295481, 861976008, 3826712281, 18097285, 926365459, 435042544, 4074664876, 426446284, 463571648, 922927076, 994051735, 289306967, 1476757820, 912033597, 347328907, 4287015663, 401197758, 3855828224, 3256842869, 1269613532, 2763270649, 4171431473, 4071106523, 1665743246, 879479738, 1086769581, 1516292987, 2223627054, 2952640787, 1918581386, 2541030176, 2960985610, 3802860556, 715595408, 1824983344, 1021464867, 2703537337, 1178656464, 1180440650, 2291030681, 868855041, 485465134, 1125409511, 3218443862, 727878654, 3180781698, 3189804533, 444444120, 1217077467, 3571930312, 3262122007, 2975505568, 3511048334, 4236534981, 3109736809, 3655886094, 1896396099, 3936842523, 300215733, 3934498841, 958495954, 143681502, 3189076568, 2219016088, 3830758210, 4119841937, 235523732, 2398888640, 4066849274, 3665987013, 359939034, 755223756, 2912014193, 1692852251, 2463538000, 2510269498, 3945301921, 146227782, 1783808587, 1524688432, 4240097989, 3826361668, 1020813032, 2581956958, 1125772164, 2454666718, 2292022074, 1299277549, 3999877064, 2947298701, 2872607648, 3291871503, 3599629967, 1858976277, 2651476492, 3999991870, 4170047972, 1965580922, 2787826691, 131696422, 215178767, 3021126468, 1735441168, 3513423203, 2992386949, 2802346133, 3011241804, 2379659192, 766541138, 3565013020, 1347955345, 2979801202, 843876693, 3753343065, 2803936111, 4136545372, 703115341, 1342476750, 3384051593, 2355077556, 517460125, 756749095, 3801688420, 1700380439, 2002122206, 2309688665, 1861417280, 8912240, 1983444732, 690995969, 365710163, 465630708, 124661957, 331502353, 3341527026, 1654180366, 3708360931, 2248185307, 954404155, 997804909, 2061363935, 373970621, 2782215113, 2037160063, 1887728498, 2079715404, 3398672811, 835302069, 2782071039, 417128065, 3056620431, 752155338, 4149805116, 1134960504, 1141868846, 1853559310, 4261453375, 69673909, 4138359906, 892868760, 2858043945, 1316424079, 4243235750, 1360909540, 3085933467, 3023077422, 3861038364, 1999629742, 3807115357, 2183463420, 1272536375, 2463619222, 3141997551, 1963096491, 1344196930, 1883038141, 1571856017, 436291669, 515927445, 2331038699, 2483199534, 1723963448, 603025510, 565939691, 4013602614, 775579465, 1478554892, 1853806298, 2796512077, 1653934614, 620228152, 3182661342, 2286766511, 45244194, 2811062801, 2085200333, 1952737551, 3721721259, 1025599773, 1054909531, 374636470, 3124110956, 1349841278, 4227806478, 3432694322, 3906681683, 166502247, 2154101997, 3912323713, 2595098128, 3522763907, 238441992, 426228472, 4208080605, 2667316971, 3625120449, 2347234503, 2406288780, 2073199569, 2650544034, 337887710, 2962446238, 3680165953, 3321455268, 1316773602, 525409715, 1376369557, 3516068840, 3717399512, 3618333094, 1900415863, 1644813254, 1727925908, 428722572, 3966446721, 2787630324, 3380753179, 208539521, 2676581744, 1004107815, 3604360807, 1453922251, 410503273, 3900064913, 1605868251, 965014105, 436066921, 2604206136, 1427163891, 751537327, 4227940861, 1737047318, 1725460213, 3693397402, 1528438123, 986417511, 611127461, 2752253034, 2658845918, 1989997642, 3060715877, 3552438210, 1172641071, 3440581166, 2744624445, 4069175111, 1012645491, 3202952663, 681810947, 2654650921, 3063418580, 985634672, 3399719872, 1341190436, 3946251447, 2945782856, 3048063958, 2109612221, 3207952338, 2296472199, 122658452, 3014916324, 542085365, 3975612551, 4254529943, 1594593090, 3540301896, 1411164583, 1968965649, 3091211541, 1593066914, 494081809, 1573515973, 2269366059, 846882697, 165307352, 36125799, 3695318433, 4026596595, 3395133419, 1326920603, 930659737, 1461202324, 2910486249, 2324200117, 2478202943, 4142428327, 788699946, 2070442286, 1230591440, 1637269744, 825125027, 2601097751, 826026230, 1652147823, 2674692386, 1697092468, 607527769, 3398614957, 3645414377, 3588329020, 3466477411, 2155517158, 812909454, 1242650882, 3396583004, 1008547576, 4109221747, 3511229225, 1856690659, 631824237, 2724840625, 832871721, 2706519039, 4278823627, 667055172, 3138409570, 4294039277, 1182369874, 3718747491, 1863019865, 3743510417, 2945282716, 1887256313, 1066129317, 3966232274, 2716561329, 749403156, 2546153100, 2269082413, 2092431119, 2324977624, 1530094161, 4177164417, 2527338397, 2968977195, 3061125408, 1425112870, 1637474173, 4220367238, 4177598553, 639198795, 1724393378, 3554884352, 1871079850, 3688025644, 3184717622, 1115721676, 1347452181, 1154408156, 4135978859, 775556142, 4073752762, 14430243, 3912827447, 2479203682, 1573748954, 368402670, 2995779206, 3116087732, 3055199862, 923580465, 1016075975, 1441132222, 3613902590, 2084975487, 3490298092, 3503796979, 729361882, 3352251254, 3885759153, 2107480414, 3690745533, 4188173157, 3428182315, 179986427, 713612405, 2982901809, 1029035594, 3455912966, 285440995, 1532264444, 39885607, 31062987, 1203067960, 3799233747, 2065483023, 4036860111, 2989723628, 662974701, 2016712684, 4195822497, 2673693127, 2215810500, 2553692503, 341251989, 1860672275, 210790240, 1633753965, 2603151848, 4071181148, 245119834, 2455703304, 442867052, 4171406253, 1385063002, 1371695981, 1953538298, 446478684, 2634745156, 1302259287, 2214727141, 1147313125, 3760533782, 2719910499, 4106182385, 1251424032, 529), None)
Loaded weights: 1.6160634090568307, 0.08470961457720261, -0.38734406341450867, -0.47260382577301546, -5.472603825773016
events: 
  ----
(3, (609448986, 172820601, 2839963936, 1112642009, 1556042652, 3913121848, 2022496843, 165462666, 2219524936, 3394081665, 880572595, 16079789, 1414305338, 565692960, 1192360797, 2148625890, 3256169280, 775869850, 3920944278, 2770553900, 1624075517, 4128404025, 1813165976, 2595702603, 3336905306, 4114317854, 3189970978, 1276947039, 889224310, 1060138009, 2086752677, 1595225014, 823148662, 2043429147, 1604041832, 820702148, 4180130169, 2020138202, 1924855034, 3128067619, 2206536843, 3147765228, 2400638066, 3741048933, 2208873514, 4218401313, 2170350051, 928410386, 4138116370, 1564642177, 1563306484, 1091842751, 24303176, 1208408524, 1781554852, 1596870582, 1254223928, 1060539379, 3029403455, 1503245088, 2385654290, 4146336136, 2924821739, 330719274, 1268990016, 1460356681, 1016012629, 3740266916, 3632816073, 201293708, 2719417944, 4195369414, 225979609, 301808044, 2059847195, 2328610603, 3339740886, 4011518651, 813601622, 3231085480, 4012911173, 2511242664, 1507720626, 2625600077, 1185685788, 1139274249, 1844102857, 2195396701, 3767142685, 2792125140, 3662378309, 1245737781, 1694252797, 1394505692, 2218178156, 16345602, 1122522538, 3645158742, 2308027433, 2102802670, 2443398286, 2384795191, 2367813372, 1047986255, 3535625597, 3565704750, 2091174044, 862207378, 3511114198, 2025347680, 385466342, 2899998811, 809519917, 935527250, 307836854, 3812217852, 2108269700, 2118438540, 2922496722, 3948393114, 1897233630, 3305302552, 2403261484, 2769374894, 2327750094, 233350971, 2428455941, 2348806302, 2124442364, 2668216343, 4029747694, 1637190803, 1680833243, 3570930142, 2316731635, 2181462985, 4138586655, 1201588777, 788732840, 2391124550, 508598533, 1188197551, 1780219554, 1998957460, 1693690645, 1069238491, 1385239679, 646880801, 3100559635, 1412027385, 2660090428, 517347725, 3717096915, 1594640571, 1517456433, 4253726741, 729211996, 1845296601, 780487015, 1532074989, 2284381633, 2444113584, 1292631630, 1796833650, 1902691168, 1317805995, 3443781625, 1868873439, 1946209296, 669794869, 4165363064, 2903734675, 3011416522, 3134390048, 1638811520, 1494491992, 1578441841, 3351389005, 2832844503, 3403356589, 4087822697, 475202598, 3277378468, 1394339258, 1720382, 2798864096, 3604098358, 2826642133, 2522225145, 343912091, 2475708597, 1470325636, 990880497, 1298955565, 1248172376, 4193446689, 4290016923, 1628050619, 2654030706, 2778907564, 3949318134, 1557974537, 3567891608, 3069916996, 1613843634, 1904309883, 3853860656, 3922307239, 2168305759, 3935071535, 3902582401, 3086479187, 644340330, 404844795, 911538171, 732167967, 1517874941, 743319551, 1808351066, 3361245708, 2080203471, 58430891, 3455611238, 2198167166, 2167440966, 1777386338, 2323337599, 707049997, 2999945685, 3064770059, 400610342, 1114907613, 790984221, 900861095, 3029459512, 2922965292, 847062869, 1825650403, 1750497258, 3003520135, 3826389579, 736479706, 1637713820, 1850620434, 4291040159, 1174254661, 4189319749, 1686462226, 3910716181, 775096404, 3902610154, 623539405, 2990499156, 3109882178, 892285602, 3242823243, 1972007412, 1793112003, 3503645905, 3664478372, 1889995955, 357853813, 3698727115, 3179026522, 3561557280, 1607108578, 489117598, 4052600361, 3857922712, 2212761821, 3212252583, 2324636357, 3206614972, 2129455690, 6473974, 947392267, 148818513, 2788976044, 3009051943, 4011637661, 1191440586, 486922939, 594067268, 810926341, 3039515949, 4152214700, 3338185976, 2486923184, 2224835584, 535348869, 3549481271, 2167391445, 246855151, 2053391497, 2285358861, 4072061895, 4208712219, 3134788193, 977188275, 3148554282, 3680885956, 25268277, 1194799058, 4010946097, 1388845472, 1985037196, 385166137, 1622479625, 2766278938, 2994311910, 2815787170, 3681621871, 882806441, 1839806577, 3116852003, 1830115394, 897771426, 3618312127, 3506428808, 4095059882, 1888199717, 4118467435, 3077920428, 2564861848, 473793300, 220569920, 3643833694, 59692815, 96942860, 1755253276, 104151542, 4014450011, 1758017060, 3175653657, 3095726386, 69305929, 4205364088, 1083425411, 2541156421, 1368605841, 365217733, 627359409, 1160850492, 2796717441, 1158799549, 4105031326, 1735534417, 2401650886, 4218928075, 3887085150, 669922236, 3500598745, 2130298293, 3945315026, 595770479, 1068689922, 1676533331, 4183489957, 2772350395, 2275866321, 4241979775, 721437938, 903251038, 1655031530, 3522579516, 3010708098, 3297043793, 1831884057, 1462422684, 3821963400, 1085861903, 2867210350, 329986653, 1705934610, 2899418968, 3380890648, 1179788517, 2152990035, 3287813509, 2631354946, 3586280812, 3177114632, 1588608077, 2626956886, 2858744200, 2835196821, 1350280246, 2503210743, 4187246095, 1895064777, 223666283, 2618158614, 2473779399, 1417224528, 2197071680, 962054936, 3591929003, 3210563196, 2711659759, 387922555, 1822706826, 2494533183, 2247059940, 430152375, 587453050, 2787626246, 2160785730, 3958280870, 3908486361, 2711905014, 874889931, 2528804408, 383724533, 4263204034, 3333595961, 4253264170, 4124318719, 2727656790, 1692165326, 935937591, 3796982706, 427194146, 70992499, 546029956, 1859036675, 1523926974, 398550080, 423228620, 3387923170, 2040145423, 1076382454, 3858466113, 3833015184, 3895049004, 441023745, 240176855, 1300528398, 2606247946, 496199926, 141932711, 3970223761, 2990113687, 2694694802, 1216276680, 1668498832, 277300607, 1248285281, 304320814, 4169248739, 3950115953, 1271282751, 1635606842, 2933238916, 201815883, 3883779283, 618289182, 3990923617, 1254039454, 1730539069, 1222446735, 2569092643, 3814418460, 4109240519, 3584722900, 1934331146, 3039721078, 4037139405, 4258000441, 3804934527, 3471749888, 2307782150, 2420233278, 1820321889, 179639881, 3341020101, 1815112000, 1095314053, 2133598653, 2462465392, 680932894, 2036894297, 834798414, 1498587303, 3265514491, 2347268453, 754129915, 619227574, 4061389472, 1054375103, 1405327200, 1630574047, 77237728, 3182825326, 1252399627, 3426352830, 3244265584, 3006230693, 1055428905, 503537425, 3888061383, 3604527522, 265584743, 1256965809, 2211277602, 444435109, 1190559756, 2246868099, 3108265892, 1563988168, 2069020291, 358444420, 2417134083, 2842910672, 1703330718, 1704415995, 1791070254, 2486442476, 1538038704, 1089813150, 2266438863, 2632458547, 3688297775, 4013855222, 472613298, 3655718472, 2380648413, 1428563545, 1845353427, 1447504251, 2785083505, 1776252220, 1694231241, 3215737995, 1084249395, 1800702031, 2121603155, 1428871614, 2728373070, 803215000, 2448097846, 3220408160, 2025106537, 909103314, 1610242097, 2121224414, 3979936587, 295541593, 3129976799, 3323904186, 2659502892, 4012088141, 836035586, 1405933275, 3094362808, 2997770586, 664818786, 3402938742, 1361592289, 3593462022, 2981076714, 282890461, 4050115459, 1791444516, 4031935247, 1507080640, 3416990879, 178132906, 3611962114, 2720269581, 1875106659, 2365679358, 2721728989, 3702067944, 2517716727, 3667582507, 3633323632, 225803225, 1495334675, 1682993752, 2602585304, 336264856, 4292289357, 3019781351, 3791704724, 2817529472, 2210411448, 1445985279, 3514648193, 3006839230, 2889009508, 1098868982, 2043094666, 1475678426, 1707252201, 875139823, 2648728629, 3755262846, 3837515008, 2084581458, 1369602239, 2965237606, 2146608205, 1744777550, 1075451733, 703346746, 3463214449, 3850629100, 2458669249, 3027331980, 327348987, 969790303, 3273902245, 420753148, 1782838347, 2558372441, 4145138861, 2402527037, 2522699334, 1731466043, 2741008460, 2625557694, 1638119655, 1545359496, 3291596454, 54), None)
Loaded weights: 1.732899068618809, -0.9491587131631443, -0.38734406341450867, -0.47260382577301546, -5.472603825773016
events: 
  ----
(3, (2357250286, 4036920458, 881905999, 1670924642, 1540695057, 4202263577, 218970525, 3543782546, 633956494, 1413907271, 4077049274, 2752724934, 1338616133, 1048991018, 2241270060, 2233446315, 1809587793, 1710526558, 3832047018, 906673527, 762952165, 591622609, 4261056619, 2079401435, 1585846428, 133844173, 601593060, 1084977106, 2176627553, 1048882459, 1283159312, 3598478697, 2853004379, 1472307842, 3919608784, 2567380902, 1281332271, 1855243060, 2001654372, 2157427311, 3564699246, 185697746, 3198110356, 1886949173, 186785161, 4188564504, 2993367468, 1819012765, 97247336, 992294507, 2463867176, 2271832808, 3001826420, 3625836602, 2212504836, 2896136673, 27241771, 104597715, 4090875530, 4194728525, 3777400342, 2274891793, 424149720, 3800370045, 1558609512, 476477745, 1848457845, 1765953883, 42730758, 2514361170, 590988439, 141702499, 2809244184, 1976425117, 2441119525, 2342487108, 1432305068, 2423596916, 3676704581, 1675476254, 2425547816, 4281698467, 1526357658, 3449376435, 3831032090, 972719385, 774596553, 1074346525, 2853855052, 2928049968, 3107522334, 592938052, 2810878623, 2800721175, 2476554149, 3286242483, 2454125048, 1732293823, 2768910136, 2264646384, 2479032698, 1317451118, 2163733143, 3894135729, 985453157, 3182210463, 703917628, 3731262611, 1742650814, 103106485, 4176048527, 1517722787, 183128587, 2006093088, 1206132448, 4033271707, 2952302411, 2995072919, 3580907916, 1033917743, 3926321495, 3805997217, 856358013, 413990930, 458244403, 2716525207, 2394490006, 4276586319, 1013095863, 1219368799, 2397245460, 3480736093, 2670595070, 4038017775, 1211421285, 3395974076, 505750613, 1675988090, 3249763041, 3038247931, 1139975139, 2013674531, 701120434, 2373120275, 187531127, 943400946, 1115964929, 1357346003, 4235662493, 3788114194, 2571380021, 189000969, 324083715, 2836360855, 1309018378, 1615564893, 1619128464, 397885012, 509033975, 336942610, 823278489, 2082119311, 2559770843, 3912537619, 948934832, 490551402, 2673030703, 1278225105, 1573499333, 2399327799, 2504991429, 1288178123, 4029588729, 4161434502, 1236138362, 381838791, 2853342193, 138108352, 2244676785, 2571034941, 577816233, 4254315624, 1161929776, 941973998, 4050460012, 2107516597, 1133251721, 1435504471, 2217592339, 3653999620, 1107631221, 212641117, 3918111828, 644970881, 3331255574, 853916785, 3361584351, 1566095972, 2949711327, 4272017862, 3951319196, 3965064754, 3577379003, 3844132598, 1783375890, 970286207, 3191034887, 3221842980, 1025554333, 1807840603, 2963928224, 85784272, 2300246380, 3229608189, 2467070018, 3283593865, 1271777286, 3353455246, 4044894397, 2360516255, 3280269936, 1149487844, 4026850821, 1075340688, 1963719832, 3601415267, 465259118, 2354747581, 2161838278, 2317219678, 477401444, 645606886, 3986452854, 1469058716, 3711417820, 2066437952, 394455598, 2402723900, 4036954182, 3651233144, 3126852880, 1493986369, 2692826231, 2243739444, 1131311830, 714855030, 4151468719, 3103827097, 1567033599, 2918158786, 2202720659, 296567604, 3417356593, 3004867951, 3136972301, 3624328348, 470563368, 1901748530, 1658187994, 3968019716, 368637716, 2128249058, 169979535, 4159730682, 1155678248, 956205119, 3791403920, 4033032857, 158089016, 2685506750, 826490422, 1437716366, 4051792891, 3505581286, 3384445032, 1058507463, 142262169, 545817040, 2361109289, 1750404551, 1620836743, 3802119244, 2073561461, 3495563623, 70974996, 1843386811, 2505602446, 797874882, 2450369635, 2612669080, 3307845079, 2274682454, 3194610779, 3415224873, 2867344562, 267947952, 1489317638, 1978252001, 225478840, 3494161412, 3846122986, 3466833982, 1711982842, 1990435681, 2890111456, 1003808530, 1069663556, 1794644476, 439735949, 480714773, 3595206205, 1030128150, 1391900513, 923659899, 3888087350, 265073403, 1351676985, 14289175, 370097401, 2545823232, 3308294032, 3803170645, 3131353145, 485504331, 1653253111, 3034081007, 3550246667, 3888088821, 1590580932, 1852596691, 4291227375, 902593864, 2396139968, 10001381, 1566977265, 2384461541, 2612183702, 1051466537, 85817773, 3030978776, 3277793461, 574200486, 2099543595, 247439687, 3650231339, 441862960, 3784570690, 3768999047, 2675320002, 3442930328, 2799147915, 592892489, 1842592409, 3206452165, 1123947563, 1508300757, 2351757156, 3604066664, 2205963779, 659799223, 1560503423, 2733301359, 671917860, 1096087042, 3628920757, 2120175687, 3738128228, 3906271611, 594161023, 4223614017, 2335704211, 2144827256, 1423161547, 4132298892, 1122680703, 1037611358, 535185426, 109567518, 1920790171, 3426270624, 1395523404, 3160715292, 1875968725, 3753858337, 3105744675, 165592866, 3249146022, 2704061296, 1528958900, 1738150915, 1515524623, 3506004507, 891789695, 1075131192, 3670984070, 3947284014, 2129542200, 832408923, 1494338674, 472766375, 3696825871, 3677558192, 4132060932, 3037964839, 1854798826, 1271053378, 2785558857, 407125275, 1581703696, 187102599, 3966328432, 804459850, 3416678724, 755469277, 1735761590, 2690097114, 3513100681, 2922256915, 777427694, 2461444512, 3951614095, 1065528579, 2832037660, 1637745608, 1744837814, 2917991641, 2188266299, 2364612746, 1889111418, 26834531, 1673546507, 4268307745, 2220257695, 354648628, 968459244, 530981942, 1235626827, 2982048278, 600745887, 2449223737, 383001665, 2947932164, 2314132031, 847718289, 2820361111, 1388213005, 2837430195, 2260858865, 524255793, 1363919298, 2387931862, 2873468726, 1943023979, 2026160109, 4282323698, 2321566218, 3218089770, 4093446933, 3895811666, 3667728263, 2203969349, 467012752, 1315585026, 3893426826, 1167011410, 2739231802, 3674003895, 4144364402, 4075409871, 3835343948, 2813632069, 3926623209, 982073049, 3195923021, 2395817981, 3242700644, 395466023, 14492682, 3282346397, 1834213755, 2858939973, 1314520499, 507897149, 2406731872, 3946290037, 2829312844, 2770338575, 4154470625, 2971893519, 16612879, 1904130135, 1475751583, 4238657433, 1908944374, 3878001764, 3127811179, 771484626, 1830943115, 3293078686, 3254076001, 3732428289, 367769169, 2534822255, 266761136, 1627900620, 2210996572, 498407892, 3275677633, 1960399488, 2429510309, 2176834681, 816393090, 1530869310, 3501311860, 1685250478, 3975599681, 4031212299, 698101065, 2252178914, 1598152377, 3583113953, 1769280535, 2599143068, 1121810147, 3746942789, 3646874586, 1363509967, 3285519091, 163973024, 1765453718, 4247519022, 3369540339, 3763348362, 3363460743, 1827496462, 631492160, 3469758529, 921918143, 1283831989, 1324181883, 3779340836, 2281683298, 1947438311, 2402902419, 2776516592, 835860459, 2907072066, 3691904223, 3359050842, 90358509, 531784164, 3179454628, 3148531403, 1343103711, 1269179745, 2646031332, 1205573287, 1269941864, 3327577622, 1984052866, 3264337958, 999537756, 2624746302, 3208356630, 945527314, 3160652370, 1030001993, 35469246, 602384124, 2520100043, 4015655713, 1635840799, 1685999302, 3089817283, 4102373295, 2164579123, 722461386, 2805601801, 1034803456, 1196872359, 1419800110, 4215074565, 90720182, 3172805706, 575356469, 467315048, 3271873304, 2885368012, 1508125383, 664641942, 4032491270, 3467675695, 828337661, 692141482, 3464652867, 1147188195, 479363494, 192870694, 1872562015, 1892201156, 3214573765, 2621847555, 2396292467, 3997276993, 4024776617, 2300655507, 3338750068, 280991906, 3250812740, 1757476854, 457690415, 1016466080, 2789025984, 1372775446, 677478594, 1890358531, 505457173, 1072308638, 1483290702, 1996667231, 1614681267, 3398728668, 223284034, 2024691791, 316), None)
Loaded weights: 1.9663649490287045, -0.9491587131631443, -0.38734406341450867, -0.47260382577301546, -2.9295944423614433
events: me was killed by stupid, 
  ----
(3, (1238552350, 2589004810, 769782550, 1757099224, 2131173219, 700715797, 2626633838, 1013534637, 4176039230, 2676566932, 1246601976, 2695530093, 342220562, 4003649254, 4101272128, 658562739, 536724466, 1430367331, 1650094526, 1590805924, 646386212, 2309186052, 1984334738, 3301692609, 2776054714, 3105930606, 1103868961, 4057396697, 1806164619, 2756964787, 1053271777, 3164049288, 1786357538, 1460696803, 3001727730, 2071006039, 577364910, 35580638, 2263173598, 597316732, 4097224959, 1015087829, 1892206460, 2320341594, 2472662536, 3504033513, 3719979008, 2868820899, 3592706279, 2691854119, 3312796293, 1179229195, 1027944927, 3483689044, 1677906713, 2853656353, 3805416283, 3335910839, 1852557299, 3477299233, 691648450, 2760990526, 1926701798, 3979270257, 2364375255, 3765703143, 1169777400, 1154034897, 2846511507, 308841251, 1781813532, 3780183235, 125102557, 914124040, 2948874699, 1344708623, 3058137591, 2052518016, 2963894763, 534455091, 3863957636, 2933493456, 3533174525, 3628827336, 2343309280, 2421745158, 914357681, 4265260243, 4292926676, 4189880448, 2785800899, 1005486751, 3397517403, 2713228122, 2936968217, 3045571429, 2606810998, 4120938488, 4178803987, 1679454063, 174236476, 1564159242, 753932134, 439259116, 2452967489, 3287033457, 3118302502, 317232147, 433271385, 3100185036, 923607375, 3903114074, 2869306421, 2723009289, 2442326160, 2513158468, 284942432, 248170856, 724454409, 1548529535, 3254380998, 1185958659, 1394040496, 1093757607, 3767063939, 3719775447, 2762343835, 409743681, 1677809834, 1446251205, 1030115970, 1179714143, 2288369214, 3745475, 3991020333, 910819711, 4186476730, 3577506721, 3860890466, 908177775, 2482566257, 1482729324, 3512508717, 1037706560, 2615290523, 3428392760, 1044540197, 38632801, 1094136674, 2028782599, 10795652, 1486302340, 2297283961, 2024891745, 347068501, 2347384451, 1540734453, 3716483909, 2545783021, 3327802292, 3971234288, 1394081444, 2614150484, 2664830078, 890052713, 181623030, 1076561569, 2411196975, 585785750, 4006327540, 4252074884, 2197308511, 3929052424, 2341271452, 4092162339, 3900685281, 4231491619, 1869089064, 1418926962, 3812569409, 2582891581, 1594690328, 1531208272, 1813438616, 486231168, 3181834541, 249404222, 3109383651, 2000643946, 990834173, 883284669, 1830877421, 3987582345, 3541932429, 248178376, 2356741965, 1206739096, 1080187507, 993024768, 1766895080, 2102784575, 2617805789, 39376319, 3401356492, 430193379, 147169199, 2386898259, 679337144, 633945569, 3746935332, 1379001290, 3310226418, 2448929623, 1388416270, 3292884795, 3285961923, 1914843473, 3387238467, 2952620691, 2145571629, 1571538156, 4184074131, 386829207, 1522264831, 2026394930, 1083354741, 3884688590, 163531645, 3747606437, 1675344804, 2072420907, 1237919704, 1108087899, 2987695744, 1107092493, 4079499305, 2551349130, 839001819, 3430560977, 1229595034, 455888921, 2101108900, 1704886569, 2118843033, 1074546008, 3236687926, 2606311223, 3510380164, 2673126117, 2934658948, 2350740827, 430430205, 2040880902, 2243835896, 2648021911, 631373727, 2633941290, 263020172, 2329286922, 545643688, 1753036434, 787668330, 1082733226, 1075364794, 2271813150, 3055244310, 3265494511, 2961223523, 747227274, 677992551, 2694151581, 849993514, 3097639066, 3110544436, 1820184095, 1259452404, 2956341199, 1512056782, 2875959863, 2483257795, 4276829810, 2160486268, 456322893, 2697950289, 1764927925, 1690828084, 2558799168, 3107442988, 3914091122, 2303412434, 2934221658, 1255260709, 481605676, 281901217, 53832457, 2244527632, 2979325580, 1821119808, 3379778241, 1978367784, 1361949975, 3703645622, 4068458848, 2691085575, 666665737, 2940834633, 715599821, 1918700317, 964865541, 1622833468, 2264449987, 1004528783, 316056036, 94387498, 550788465, 1319114263, 1624847572, 872733792, 808555935, 2820294547, 1239924783, 1800696026, 1660358943, 858596946, 1992557648, 165017161, 2395806922, 1694861406, 4077235516, 2317078734, 1086894408, 2505853089, 447273820, 241574785, 2364529598, 1409962770, 2123869319, 2894802246, 4075832118, 1403060400, 4082179674, 906526554, 194814264, 2772065962, 1138879728, 468170664, 3038196195, 2386754471, 539701839, 2574525354, 2308092764, 1332328464, 1529921002, 1557249873, 2912414324, 1645683480, 1029493361, 3855665500, 2364566747, 1072479454, 2286221611, 3118756031, 383810174, 1285969855, 857437021, 3376882896, 3678633229, 1531269649, 4239886739, 231216059, 1110548220, 679691809, 4152356734, 3326051397, 480323022, 1321473899, 2075077384, 2693954838, 2123067988, 3782949599, 1719876975, 4199541216, 1027417292, 2656304827, 2573882580, 3077084350, 2529976844, 2166701610, 4191306874, 804453516, 799151532, 4137041929, 718913898, 1833722978, 4195651896, 1570602890, 1863172742, 3522782653, 367402835, 1561636560, 3860168004, 2295099041, 738123309, 2339474902, 1250514697, 3734997769, 907386643, 3067133237, 3281436932, 1836109160, 1005546045, 958954530, 1915585564, 1030181989, 2843648526, 2256864113, 4111552555, 1670289354, 1685826621, 23163153, 366247891, 447503686, 4239787689, 1944940227, 3483134144, 3809463874, 791166381, 85537922, 97288243, 2863677669, 1820376707, 3263673075, 1112825525, 2459561125, 665767587, 2551355547, 3347745583, 2598240474, 1421386545, 1133842856, 1159429388, 431665915, 59830228, 4280755269, 968007962, 578422165, 2777323530, 2336011563, 3519416178, 270856956, 253311332, 2552823128, 3858252124, 3625201079, 1284468344, 2159541296, 2200801009, 261885186, 3180272836, 2594854694, 4294940872, 1724512780, 3340780908, 4208322723, 597723334, 940370133, 852024355, 4216326177, 259078786, 2941026004, 2454162354, 2218814187, 1188935119, 1161245718, 2980049206, 1301622953, 2928002433, 885495114, 4127627167, 4120777979, 2073721342, 201316822, 572004271, 1886239823, 1543286570, 1095673938, 3260904455, 2850306506, 4152677042, 3778993758, 4075512874, 540265741, 3472835309, 4046566365, 1958695305, 2054438243, 2280723581, 2192658386, 3411791557, 1318495045, 1788497859, 4278081143, 216174124, 2159397545, 1539618656, 3853592285, 747921148, 2223478578, 296314609, 3269833134, 4170965392, 1152201386, 1285496462, 3938278807, 373557971, 140988200, 1150152361, 2918869419, 3162086822, 2943677827, 4252975733, 239110215, 2108607934, 121025009, 2319533, 953754489, 3439938190, 365868743, 3898372733, 3437903607, 1560643745, 1469354700, 1383860437, 1557241546, 1619848253, 2279749370, 2731238588, 968011590, 2241978605, 578073846, 1180688795, 3285527517, 3493074433, 845551404, 4125456202, 647145150, 1595148579, 771507714, 2968363379, 1831739885, 770471424, 2988038122, 4175058937, 840351397, 1809716652, 165729968, 2948805626, 1675875907, 4001191904, 1004549967, 1404042671, 2195120673, 194478745, 582640014, 2998595695, 894089549, 1387240303, 3802320164, 2753173984, 3845723255, 1290967034, 1910426515, 2667210774, 1448943339, 1472734945, 1974256426, 333551729, 3611582428, 4123681180, 1902152445, 4165433356, 4012100015, 2090448189, 4117888436, 3896352232, 2909930839, 1779507384, 2109627543, 2854920308, 785190397, 3002508151, 4072437116, 3722951173, 1695218163, 2692594495, 4076783936, 142044968, 3975654796, 283582275, 1908023235, 286533787, 3267614632, 2699848212, 2505375747, 2097829376, 487315054, 2837771918, 1180862157, 2385482267, 2845209220, 2149121003, 2322907316, 3749832373, 2197594733, 544982132, 1875550639, 805825603, 60197259, 1411361913, 2211347436, 1208375692, 3165852825, 4173521778, 1273275657, 519), None)
Loaded weights: 1.8467803622250858, -5.454939920390852, -0.38734406341450867, -0.47260382577301546, -5.472603825773016
events: 
  ----
(3, (2801995055, 3836475483, 3648542534, 2111312739, 491523267, 3899650778, 1552983146, 1449461106, 519524694, 425670392, 2810242866, 354931196, 976606208, 3136905456, 2694403395, 1621566173, 777982835, 3155050954, 3090071523, 4187350040, 2351557911, 2082791091, 2306231482, 1844294345, 4007139826, 3653279653, 1378920779, 2755979417, 1332685257, 2912974605, 2059893080, 987463323, 3196793423, 301364995, 3347403645, 3353057194, 556221883, 390959771, 2864216885, 30830117, 1996422512, 1942951643, 227928278, 1953872676, 1940299608, 3063991183, 3772268700, 2670047243, 3568431915, 2008513967, 4014504744, 3447332880, 4174250544, 270612077, 2575830280, 3569911029, 1536831957, 2316679413, 1240467943, 3825774245, 1885027263, 3350153127, 3968934990, 3417364090, 4167000158, 2265669367, 1397566320, 999168463, 4283707206, 10188037, 2726322956, 1620734599, 1842313470, 1053036273, 1531500065, 1898154555, 1618563472, 3173702987, 1570272005, 1790940561, 3565650414, 653542254, 658326314, 3593370810, 4288343776, 939867077, 1674065621, 153841155, 3392292257, 3900226626, 3606838495, 1107253800, 3993676384, 3445098243, 220528988, 845882851, 613305459, 2608043498, 3362951565, 1691483956, 2297926965, 2808921397, 2859354022, 1924136141, 3320857647, 606384548, 1588672176, 539533297, 716008863, 6997876, 106259735, 1462831486, 4085188023, 708987957, 2738386673, 119992609, 931935563, 4020182035, 671896993, 1693914478, 4005440408, 2946503027, 2460979191, 2631707686, 2708185889, 1679568218, 4189194542, 3220809732, 491971618, 672257304, 2470945351, 873895138, 828704481, 637205940, 2620811195, 489718639, 726091574, 36880607, 1667941708, 2546121585, 961496414, 1831281900, 1754788231, 485241403, 4205544362, 3746911421, 2688117933, 2278818495, 4151074789, 539062659, 1045175269, 1222345963, 114904765, 2378070641, 2619057161, 3557459206, 230660383, 3827044504, 2280399216, 87505095, 2450011067, 2958242105, 980576105, 3707697510, 196867019, 4264585108, 4037682110, 701759623, 3360647214, 438927220, 731494369, 3789903509, 2563671432, 3628716513, 1256685397, 390412439, 2506260534, 42140017, 1214807019, 2838570538, 309892782, 1994053457, 480767512, 770023251, 2381144325, 1450717679, 1774005164, 3603913300, 4048502379, 1659888047, 4002757208, 496203420, 2036802430, 2649691354, 1218212031, 604368335, 3045043665, 1363158950, 916146911, 3893174510, 1993549467, 526521801, 2659510405, 1028840622, 550938339, 2233178134, 326199681, 3902465152, 944537908, 2181983409, 2386745052, 3569460031, 2748246270, 2029289557, 6891623, 2422274152, 2185117879, 1398692358, 2187976355, 2178260998, 183715659, 2531211905, 3560062287, 1375752177, 2785747174, 2394709343, 411127820, 315313207, 3428192531, 1916599142, 3475194093, 3769623216, 587653383, 1719781392, 1223981520, 1742892441, 2694791685, 2840176288, 1293358643, 3752723811, 4131318157, 2841154983, 4042536597, 3082537246, 1245873695, 3697797598, 1474277935, 2107560398, 3521916220, 840206961, 3959763417, 2882760250, 569387833, 1830163117, 2316206768, 3455284481, 3430919546, 2378676638, 2672758025, 2140960966, 2501413085, 1666116322, 3601361842, 3504016860, 3292457481, 4237317017, 513746345, 2088558610, 862130802, 3363648721, 4020983456, 2419503808, 2336204439, 464952817, 2545962494, 2943164827, 3814426907, 2843286433, 1408451798, 4247817404, 1084829849, 2527750312, 2635210167, 680243819, 3487203047, 3256377331, 3731422723, 262138100, 2256137870, 3351814960, 2466177753, 1541469816, 583433508, 4240689440, 1588486686, 2896283514, 3312490119, 2119698229, 3649562559, 1812696996, 3849981088, 2840993651, 564638751, 1057263367, 2367512818, 3990759136, 2040023102, 965883970, 3605417040, 3481412580, 4114382630, 3307103078, 3295144629, 1232816798, 962027321, 364401889, 2622579953, 3792088237, 3705812749, 3840354918, 862357886, 3228815608, 3512850418, 3586990903, 1157199762, 2416659767, 683648864, 2323547070, 1053228121, 4046524341, 1738697558, 3229219892, 3608067191, 815203102, 2142584740, 2957212758, 3194180156, 638299473, 2957221314, 3262375678, 277197418, 1551995050, 1407191444, 1593272977, 2357553725, 3605176951, 3191985234, 1902788891, 2463714786, 1410080823, 322931823, 285349150, 1662610293, 4294317152, 3577463509, 3781637350, 1270118595, 3898097994, 2342094530, 2515099450, 979074487, 231838284, 1451162309, 1577208640, 220234315, 4083067068, 2831249656, 2180100057, 2205310661, 4272848022, 3741335172, 3991766866, 3413682227, 2796051991, 1329050336, 2435243436, 1944580194, 289790495, 4024966450, 390825819, 3686514411, 2953805934, 3789042713, 574954359, 4193315441, 1708739205, 3244688262, 4070448720, 2548362378, 1198063642, 1212325040, 1121582565, 4047190872, 1268153908, 183722966, 3010726637, 1639603754, 2090471343, 1218872443, 1298389969, 3053847589, 3362896193, 4134444180, 4219633704, 1098542023, 3927558927, 3033071049, 2540778571, 4026478575, 2852106298, 2611516833, 1357417283, 2578271140, 1929421409, 2519585463, 1326963355, 3089617340, 3172202396, 2498169973, 1526729125, 940198335, 1819076405, 2724602090, 1873595664, 2909913675, 3147484663, 3611931641, 3796740787, 2893295511, 227028917, 4099440310, 985499415, 388338464, 1220741133, 3191166100, 57994093, 2932548874, 88560171, 2979612690, 3079300963, 2575708833, 1869800214, 1820326849, 848554012, 1984162011, 1607115035, 1151544885, 2682308171, 4053080190, 3999145914, 1186705662, 2680541658, 670071750, 1783529801, 3836811407, 2604397953, 1061138315, 1667988003, 545847022, 1265890043, 3465431195, 2674122986, 1070468573, 2217978365, 513855994, 3120564909, 2178465826, 3105137328, 713973009, 3401276089, 3063884056, 1450471773, 663146918, 499234655, 375650608, 2850048733, 387759949, 2741410864, 2236563365, 4093255381, 4217061521, 1268971481, 510691576, 277876787, 2787402245, 1672167621, 1642436783, 3267938509, 2155814466, 3870283160, 3939304603, 3101885501, 4053384420, 3139597590, 639880144, 4126132212, 2364436739, 710409766, 2749560148, 675634503, 3935888312, 3362311283, 772714938, 1214720218, 1023196986, 1077963798, 1052499688, 3467443370, 2412564166, 2529999195, 2830675509, 2918727838, 3248666518, 4119431841, 2685746381, 4071999375, 116300770, 3322865733, 1706694680, 2553456759, 1271868823, 2927071361, 2936028091, 51692086, 3863242269, 4285011921, 187753326, 726292588, 1410385780, 948646782, 662503674, 221588025, 936900137, 3176214717, 1835634788, 1420668984, 954134306, 531249273, 103615616, 1798761807, 1673087964, 2945757874, 1984229077, 2703242915, 1553227982, 1828265566, 156816865, 839426505, 571465469, 1060710893, 1449781357, 2114755187, 70700412, 3770907202, 1864830159, 2368974808, 1663750990, 4000353854, 3760073151, 2778886597, 1471356029, 2306556160, 2053713599, 2359651409, 3250371718, 3043637867, 289744568, 4211970121, 679886101, 2958533473, 1977513429, 1347725817, 2614396221, 979193792, 2506879114, 1953301418, 242115100, 878185624, 4213333007, 681246921, 1885387129, 691544106, 2349337369, 3721922754, 78097411, 3328628609, 1059733480, 2997347184, 3821671442, 295344793, 62588893, 3110098890, 2041959626, 3632160116, 633642915, 513468592, 850765614, 2280673018, 3403994759, 2785573888, 3537233503, 1874927671, 1294648251, 766177754, 1939081094, 24769245, 1980806114, 959389990, 226522048, 4241231146, 1601760643, 1560349865, 431431078, 1204909396, 4287946770, 379818215, 3407302081, 199606691, 3909497139, 3488514057, 2869488649, 3678115229, 3400358824, 2872272994, 20), None)
Loaded weights: 2.306518224412601, -4.882419948553263, -0.38734406341450867, -0.47260382577301546, -2.920220693584448
events: 
  ----
(3, (1853541477, 2581816346, 1295761173, 1054145764, 2727526368, 1497562918, 2612761754, 3141282835, 1502151953, 3201105148, 972213534, 1262471018, 2914115470, 1787641850, 2574263349, 2202124448, 3742574472, 427594882, 1265757961, 3441464461, 2246056454, 1278231179, 901198428, 3418391503, 2818932567, 193979785, 682852626, 2911217203, 151988966, 127283193, 2712480356, 754879131, 3202426288, 1253054494, 1039542253, 2132855189, 1718275705, 2448623701, 3048275311, 3587701934, 3731916397, 2881817973, 3172442978, 413476735, 724832582, 788833325, 3853871368, 1955800254, 997232283, 2243122104, 1776228653, 2758101355, 2698209324, 861671053, 2124075584, 2856391393, 693690935, 287903733, 670390345, 1600602285, 2188550239, 3972122382, 1458213962, 398673892, 2353790216, 335900170, 4076002926, 662902169, 2107206406, 2340237362, 2104451799, 791989138, 926261120, 1448515648, 2984482918, 427839312, 3136761512, 4443078, 4127187560, 203982889, 3658016324, 1496910036, 2902278752, 565562062, 2140973821, 2647425921, 2403339633, 821334227, 4004073054, 3615491432, 2886252024, 3430149990, 3871568036, 736686041, 67703864, 2873887302, 2275658689, 3900158949, 4059974926, 2571752750, 1958231310, 1027436082, 2533594900, 1381316235, 549845160, 3890403308, 1551347520, 4146213891, 1683997365, 3955694228, 329167021, 2704292672, 4259630727, 3168209622, 2637702025, 976885283, 872818666, 3308110636, 939414963, 782817386, 2254270172, 498831920, 1834839132, 170572599, 2894801593, 3841440750, 4289717092, 3622524950, 1410741243, 1747400747, 1835851556, 563903221, 800611496, 2552704924, 3300251990, 3683353110, 49011225, 1582493308, 1376558900, 4223980719, 324233318, 2858811417, 36562376, 4192572888, 3098987500, 1376707208, 2086642688, 3169222130, 2614996448, 616248127, 4167064187, 759766112, 2624974631, 3873777978, 1098516190, 1765609938, 1088133581, 750152457, 2721046723, 2761540044, 2959963183, 3352978552, 2599578792, 358224161, 448891183, 3704854844, 3754392830, 3300697895, 2698137531, 3517988461, 3271233126, 30147826, 1448694665, 3568986412, 4165160765, 748187617, 2379498351, 3378187739, 3235689432, 947281366, 160360888, 3720913847, 3598061741, 527844106, 1088453694, 1076117452, 774740805, 468902315, 2255640098, 1672012551, 3834179235, 3357028705, 75853834, 2163819913, 3149583435, 1038828030, 2816314023, 1469681351, 1595851576, 2410530494, 865222510, 3984886582, 565272698, 385746547, 2041732433, 1536473921, 2635290648, 24378482, 118046416, 4120020715, 2516122466, 1896101813, 3364433988, 3752023463, 3461478200, 1134370902, 630241934, 970724466, 4150062683, 83344888, 1889735533, 3914420429, 2944229924, 1336459959, 1745949501, 335487432, 3007388628, 3657200012, 524684370, 3160110258, 2548601002, 3722342979, 2342554463, 1850682401, 2681845637, 211339832, 4011747332, 2218585383, 1099447089, 252754934, 991103070, 2857723729, 2518260674, 392667672, 3125189024, 3006297844, 1596356137, 4150153397, 2717287814, 61793647, 3171464449, 1453749732, 3729276928, 1813643977, 3701539229, 207474562, 3268731323, 2826507688, 2757569009, 3074444283, 4207729580, 2798045077, 151659350, 3187126129, 3052486487, 320673586, 1716743300, 1977097742, 3757666565, 4073498613, 1544986184, 691862528, 981508699, 775301924, 2767909085, 2488092689, 3132191278, 227541805, 1910854409, 936148281, 4065165103, 3712614558, 89105640, 4092049813, 1829972051, 1978630683, 1732495505, 2664787125, 1143059971, 3590786103, 1230030695, 945998652, 57349236, 4280961524, 3387808304, 2364293528, 108463323, 1133129009, 2010129707, 2915404153, 3650995610, 3081599232, 4098996888, 264968837, 2475785253, 1661474855, 2353009185, 2422976680, 1102490128, 1762867781, 3700793092, 3404075511, 534570169, 1395238027, 3783008899, 3829055126, 1091913303, 1866548620, 2837647318, 3261780343, 568699088, 3250219114, 1246369825, 4056104576, 2402366645, 4215771524, 2172006371, 2055441912, 2466040657, 1539466269, 1721164328, 3472640021, 1677781071, 1408885782, 3208572375, 2121652264, 1701051485, 2041144843, 1455083275, 4172443314, 3171264507, 2760715960, 1859109502, 2335150952, 1063496631, 2722126587, 1689073561, 3266748922, 3764655443, 1530141504, 423443912, 3495291776, 4195640709, 3775408582, 3785237461, 2769094703, 80895142, 1834772317, 23154587, 1846643175, 4180865695, 1698089949, 2658206421, 3060262144, 2870862633, 3959114135, 3121775451, 607339322, 1403636149, 313717762, 4271334565, 483350153, 1522710853, 1597907636, 3571083441, 66463703, 2871805640, 4264064368, 3544589066, 4093403418, 702887717, 3428217960, 1650258634, 1954448748, 4169489422, 589702471, 634494154, 2834521733, 162125189, 282316619, 1786203815, 2384223687, 1314303650, 690541060, 387265610, 228115700, 2471071878, 1479376095, 964169381, 302492369, 1459802949, 1581686485, 4090313076, 1430627282, 68274369, 3574775154, 385392633, 1289868973, 3877302871, 1908122316, 1752776328, 415813790, 1173523164, 242377795, 4114451934, 2090871335, 1908356608, 1080610499, 2776889422, 2792440238, 147901064, 2807768569, 2011946671, 2828036213, 3526063065, 617239716, 1206013649, 3017204082, 4263906783, 3808812426, 1370633009, 2719976530, 314001691, 3839405811, 2138983423, 703095332, 2331271040, 3452695349, 1926338195, 4019878869, 3691408184, 2888186386, 1962400500, 3317124997, 3102117408, 3161005227, 3287568169, 3321365020, 3012579785, 911871607, 1209593520, 3041960894, 1581899479, 87877028, 22156179, 2844633655, 3593223614, 387631877, 3964423267, 3905925930, 2315765142, 1099942364, 2837176688, 2683926808, 938553393, 536755595, 3029653687, 3670530042, 1413214924, 1300070521, 2250503532, 1095339016, 2168253812, 882780287, 855454523, 2507195649, 2157953584, 1956391027, 2941476781, 264919026, 3455067031, 3635751629, 1402851960, 1486192216, 2429391667, 1605924245, 4063336746, 2232935830, 2977574652, 341552697, 1379570545, 2203165614, 1292094822, 3767630602, 1823182110, 2569962155, 1530577220, 667300450, 50664734, 4045841061, 4191599299, 1881415837, 1540736636, 4005478315, 3288394040, 1348114568, 1863195870, 1737955834, 1435228844, 1932310573, 2510676112, 1159518695, 692316949, 1123262085, 2470856573, 3886212335, 1720556804, 2809543148, 1637941933, 4084825324, 3358154908, 1353098709, 1372882863, 3422846367, 664605449, 987142271, 1604936316, 1517372348, 3719823150, 3319936442, 2772558269, 2684848540, 2771774187, 2079534674, 3072543418, 3648149519, 254917782, 1498055221, 1421993711, 3342756037, 411502642, 3758897247, 3135342170, 413398188, 623719863, 3983123356, 4294546107, 1236116573, 1488153163, 3049865957, 3553216017, 58000477, 2583203665, 91299735, 2928432515, 2183205943, 3217599370, 2024149992, 315005676, 21100412, 2315055073, 2494598433, 4076696749, 2146686236, 1578423097, 150035323, 3389584858, 6397594, 368926300, 1952342805, 4047163238, 638538258, 1167659037, 3889649416, 2439286124, 447052924, 3124490367, 635983111, 3799220060, 3575854373, 2029047515, 1599898012, 457173260, 2166184408, 1353511842, 482407087, 1298791960, 4056639291, 874997517, 1751988632, 3638673487, 600447760, 3568664465, 3365682943, 2924988309, 2675844246, 2852164037, 2562595014, 2292108326, 1019456234, 787366311, 2577901610, 3742535837, 2085409711, 3067024600, 4012845064, 1973387989, 1186089840, 3898594905, 3460978860, 2687090558, 4099031778, 3482405606, 56065578, 2360144103, 3229092019, 863945719, 3389524025, 2054100109, 3167509767, 1560613875, 666889475, 380810448, 2105296491, 259), None)
Loaded weights: 2.9855610577895733, -3.315602985576043, -0.38734406341450867, -0.47260382577301546, -2.94969855650746
