Starting iterations: 50
(3, (1324331878, 2332204371, 2503930185, 2317805801, 2531895892, 3100002934, 2784071879, 1723829058, 1515315972, 776035972, 2084588952, 1593857188, 3687819043, 3111925168, 3258897261, 2782897272, 3998555814, 2133672886, 3045781603, 1487026057, 2852191656, 1045511222, 2057421983, 3358424713, 2784478956, 868125506, 2485965376, 850661446, 2061547175, 1024445603, 2743679275, 2755781203, 43082539, 3842617435, 1159094903, 2284611584, 79008839, 1104886737, 1347340694, 118516373, 432296821, 415491257, 3648676035, 4147256728, 3611501408, 2827574697, 1395869791, 1515239003, 2865527251, 3925587873, 3060718015, 1489648087, 2820402488, 2852080260, 105671899, 2763314673, 2243915319, 2562149894, 2814388420, 97078069, 981632281, 3606165364, 3439282166, 2123091811, 1893156155, 3497330383, 1088519580, 3907672934, 2048762536, 3549097365, 2674676041, 1148009214, 915069982, 2311276576, 26614968, 2723642390, 2050705554, 3769900249, 1599026693, 2075349424, 2965131782, 3779823651, 2860823707, 2134707386, 4002095897, 3378107773, 280998544, 166978398, 396190057, 853735119, 3180575925, 1527466355, 1316257708, 2864287003, 4113389351, 597375800, 3790340368, 789934284, 2951904990, 2636994946, 2830862924, 1144916582, 2768552852, 2061904466, 3601863377, 455060408, 1985356034, 842653997, 2598644858, 3161623160, 1731207047, 2369100895, 753333990, 558059842, 2020659865, 1388189719, 3239522403, 641534389, 4047082174, 1286296725, 2423030874, 3186406354, 1275217319, 1332296004, 1809728115, 2764258998, 3316390954, 806468156, 4170658224, 2781703170, 1047884756, 836729361, 1451241113, 2561118258, 1094276721, 3990596600, 3980185174, 1357906255, 2751647964, 2482900315, 12850112, 1499663772, 1389980158, 2359056519, 736347424, 1260004706, 1737525069, 1365580384, 929854474, 2829712399, 1638160113, 1314581602, 2986192192, 898517317, 1976436567, 2988532558, 2863387373, 560413302, 1673560688, 802117914, 1804002000, 4015140062, 1938789798, 2520815989, 89992896, 2011778668, 836851983, 796307389, 705582391, 2622387998, 1609839667, 4088858246, 2202694672, 3954864014, 2802050122, 1516648673, 3325566085, 3749023454, 3981900872, 2157083659, 1129556959, 2032257114, 2539139905, 3744124443, 2969235739, 2579977393, 2688288114, 1229285589, 1861503425, 1257818830, 3126473725, 1420687183, 1750962976, 559103386, 1643067743, 3917764959, 341575330, 91741677, 2660724185, 1148778140, 2453048381, 4239006629, 2741255844, 2810167027, 2624948640, 3715078831, 1064576027, 720669495, 1726366289, 557981688, 2693119245, 1253794534, 698098556, 3703794922, 3569771278, 3580550326, 1920789725, 3220810489, 1989339541, 3054651010, 685463161, 4096138362, 258497702, 1688817714, 1481097320, 3374010410, 2964602534, 3339188233, 698254260, 3776394598, 2495499715, 4013850241, 17443928, 1453146219, 4220106298, 2833758090, 79812056, 1166521376, 1167879568, 1613362133, 80970093, 3388763825, 2237287587, 526265848, 3939793810, 3790384194, 1698978251, 3273615474, 1014725815, 1839372484, 2705786442, 2069712505, 2395901703, 1826079632, 2069639991, 2617296506, 891931800, 1766484541, 2175026567, 953514883, 2728164334, 469060842, 3608270143, 167527743, 62618699, 2789048951, 1965988473, 3050351187, 2535534840, 983397893, 2183687637, 1224568110, 3176737067, 772863923, 691391551, 1523240327, 1397778730, 2030226550, 296520577, 2121370808, 4096120476, 1598497592, 446875230, 4156783367, 3633272902, 178315134, 2317499653, 1652313223, 3690585406, 5552885, 639641663, 2488620288, 978985801, 1803882623, 3425002987, 995534923, 2773296362, 976992612, 2044437579, 3799472215, 388635309, 2941260186, 1461943135, 3846233915, 2067055075, 823494661, 3928263166, 2079677090, 1989851379, 3189343118, 617717946, 4169985167, 328611199, 2659402119, 2856863139, 3809105934, 535034868, 3371223205, 790012398, 698108175, 2583537069, 1197340684, 4005619747, 750648460, 3919872307, 2274158800, 1964831008, 210683308, 1068537027, 1760020353, 3339516848, 1730411282, 2559661368, 2256017619, 3240814833, 2145936742, 2925650138, 3628483439, 1634346108, 2703260849, 2888513134, 155014473, 651295046, 4165655514, 1485678471, 1718628073, 996141965, 1141426824, 396629138, 2734047213, 2574089051, 4171347258, 1730336673, 491953531, 1772904399, 1107513527, 4182054207, 2980023495, 2300077856, 3429063687, 4158359759, 4028485435, 3077878579, 3383671617, 1608321138, 2791611598, 1758895215, 777155773, 2626595105, 1354820071, 1021789688, 2459529173, 607029082, 653162579, 1356329084, 1302792510, 3941898655, 3894021506, 4217955498, 3449685236, 3458473440, 3558138170, 2154791187, 885575980, 2553700375, 206513241, 3750474292, 3692684845, 2553300725, 3719551946, 1187299732, 2762409272, 1475048306, 2950623457, 209541811, 4128720174, 1361624334, 928489185, 3079975308, 2079636225, 1607223829, 3129447409, 3321469035, 1133415654, 979711071, 1447856894, 1056327928, 3124135421, 1408056056, 3883960141, 4022330630, 1631788550, 2434728103, 120323915, 3983311122, 795076041, 3078621698, 1875843160, 1093927345, 2451848817, 3428366435, 2282195243, 2455038063, 1672260926, 1649093172, 3364513791, 1036947808, 1450840682, 2637258067, 1097763223, 4011463778, 1835513943, 1212265203, 2032128661, 3485969138, 2423182028, 249302885, 3731590246, 3427015814, 1800561184, 3922515866, 626468701, 1049419447, 4136111514, 3903693296, 3329613530, 237304192, 3084906717, 57390515, 2247543904, 1384478703, 1546501388, 2525721241, 243422393, 1173833492, 1446350791, 1440152805, 4284954534, 3894379926, 1255746818, 75584123, 273442208, 4194429873, 3067540773, 1298634441, 2701055524, 1664610565, 2992019857, 2952726682, 4038241507, 3966598287, 3672594389, 948245494, 3117029919, 143423868, 2537762147, 2241348866, 2624127810, 2843330589, 1846495224, 3235412328, 977627360, 578229976, 654142583, 3361575590, 1927359631, 1569364925, 1331159607, 4058667795, 254637116, 4246898643, 3930160889, 3733432825, 2629366893, 3287860251, 3238978757, 1143502390, 17628968, 1970553354, 2503097387, 1932837449, 3667468785, 2719141821, 2851827625, 305951509, 3872605848, 1322985887, 2124749789, 2482160623, 2393057908, 1147055490, 1830883955, 3035788741, 2238037219, 2588971217, 3826971478, 176968428, 135235271, 2300963006, 2348029153, 1558882805, 2391962993, 3414590350, 3499562300, 415067053, 3913286957, 2658295240, 3431800701, 258499523, 1069234864, 1223451226, 3084291766, 2783781129, 553110439, 1261450500, 3666833183, 3225776686, 3771449997, 807668650, 2407991424, 2959414330, 4086093994, 3867153276, 3381700663, 696765015, 1747357541, 3900708079, 3621823307, 1206720297, 3542123670, 1911838535, 1970982485, 1417359489, 2157261769, 1477047594, 3009035157, 3909144431, 3457721411, 1663515044, 179763053, 4210703430, 4292469014, 1836723464, 4012132269, 650494956, 2960042563, 426723244, 1432170703, 2261577515, 1580013204, 1453541278, 2630623932, 3382057, 726318000, 3937326626, 829284231, 4003169704, 4056210759, 3211439278, 301079715, 2029502617, 3697416899, 2628836712, 3132509115, 2747277278, 1987960340, 720268762, 2854950898, 324665056, 2793757560, 2075641518, 971481052, 3251067723, 182473864, 2125731720, 1383222353, 844063256, 3693266903, 3728704072, 697476784, 309743111, 1836101868, 1252418261, 1154579443, 759866447, 322974990, 128703093, 3191560752, 3071261059, 728953488, 1319405963, 3490658532, 1934238524, 81781565, 3576472998, 113628070, 2692180029, 1759724767, 4122508196, 4071539321, 231112506, 2332499884, 4068836902, 912221373, 1), None)
Loaded weights: 18.214972588145486, -77.02624312946192, -0.16564436444686387, -0.7513896995691507, -2.7419002138219994
events: 
  ----
(3, (3436813403, 1146226328, 1093526630, 909028648, 2353929098, 2708137589, 1269875704, 1908312455, 2347144327, 1584816458, 2806270267, 1682607544, 2343048193, 3476097403, 1406602710, 2725865878, 1094208309, 1945636540, 4189980476, 1685413845, 4172248722, 1089598400, 3610099352, 3256371682, 1294853005, 575064096, 2053269093, 4267934270, 1584768033, 1086646031, 3527257823, 1566829531, 3086628321, 3134638481, 2660051603, 2739248177, 1314229451, 2212791633, 54337289, 3257340275, 3057928010, 2734589204, 3447019304, 3596878634, 1870626044, 3509761954, 1552116446, 2871773590, 1856199734, 1990235303, 3718210779, 2556170157, 221218880, 3543411736, 3982133368, 3994926587, 2636637271, 1533994430, 1060571236, 3309904573, 2316196113, 919896626, 1951738640, 1508050466, 1874058997, 1604329854, 1389241697, 4249803475, 4272836519, 4024548347, 3579959004, 2557771629, 2121643064, 3980124616, 3002642156, 185264297, 2626958996, 1232222476, 1531311161, 4154131129, 2442984931, 1746614721, 739835447, 83111198, 1886504651, 1650262419, 2511254848, 3100417901, 484938254, 2338705731, 1398881095, 1647809194, 3197554310, 1146872272, 1502206365, 3916923321, 3891932192, 577912053, 388942849, 2201963596, 1873703879, 4070916760, 1589157275, 3389377191, 3018911667, 3661960879, 1881698774, 4031249925, 1077901211, 1979828129, 576653509, 3244576048, 3764688638, 978781129, 282288998, 46907419, 2930251720, 4003166438, 1253548819, 3868267244, 3116219031, 3251917060, 1624657501, 2570012395, 2356365639, 884138730, 4234611805, 14825480, 1397548660, 2603618877, 966142670, 3457355608, 1064460578, 3008632759, 2652879505, 3653254192, 4154268630, 3091113527, 3071707556, 792524826, 4012050462, 306261138, 3237327415, 1003947989, 2546256075, 1173011028, 990960941, 2653636443, 3400476755, 988008360, 3951821001, 2828010942, 3403298643, 2278031706, 1767617295, 2146615374, 2182516180, 682131206, 3548504497, 1785985555, 998065923, 2192107670, 454067535, 4250857276, 1257253496, 3860660157, 445207089, 1221758448, 1415331993, 654818821, 935524554, 450905564, 2791624724, 1863338746, 1829580323, 2635008706, 2296767500, 1407566219, 1496053232, 2551791087, 3286964207, 3091056588, 1582499671, 3881919427, 1647798881, 2780013971, 3816990048, 488168735, 3098485847, 3004743597, 381656743, 3189951023, 2635015776, 4006062823, 3836168470, 2998711233, 413980465, 912667878, 2819597238, 2945593677, 3324817424, 1727400917, 1378873679, 252735167, 702518273, 1956394212, 4199937675, 3073619940, 899711015, 145540709, 487254554, 15826379, 1693914117, 2113592102, 3406172229, 2765108879, 2377395071, 4014895264, 3137865690, 2002711029, 1934814551, 957203083, 4038404957, 968132964, 1472378807, 851393062, 1131816424, 281630005, 2113726291, 1907902371, 1933496430, 3259712705, 2560058364, 3652304672, 2611836236, 1397301430, 2481768892, 395544261, 1340827855, 14156441, 2967327904, 420483742, 3390415794, 2740959241, 2859979835, 502124585, 968030859, 2880766591, 3905980965, 3071773701, 3716502066, 3759373889, 1568261981, 3742541412, 3470263542, 1018416720, 3202574017, 2180205898, 684555194, 1000956095, 3730358112, 897127739, 3059756463, 498402739, 2380233443, 4164661446, 404228532, 3086185022, 2409621322, 3140359044, 3147724150, 1476892908, 2266458390, 2303608868, 1558724283, 2292356214, 1548236098, 2338342891, 3689732974, 84289568, 2238558298, 3766762212, 2228894605, 2955181207, 2346608178, 3829490256, 2559944846, 268852173, 3738528930, 1799474020, 2554467658, 549641457, 6274959, 694165673, 1615311183, 2817073132, 573920203, 820383491, 1262542374, 1040567122, 1070837204, 149560740, 1145754585, 383883343, 2335761417, 4060784248, 1577866859, 215117137, 2674038433, 3768186980, 3572157746, 210307748, 217639457, 1830947181, 2045973757, 1191629047, 1834193880, 883641774, 1851947287, 4010737864, 2769945441, 233690533, 3919006769, 2245490710, 3577381600, 1387411464, 3400607800, 2035856730, 193608983, 4179447716, 3504305127, 1073067279, 4185532187, 2422874144, 1595439665, 447933626, 3658994756, 1440874232, 3695740065, 1370583641, 2294934392, 2981455430, 3406803215, 536482730, 3474460904, 3222151097, 1689001701, 151924722, 196070350, 4261476419, 759920892, 3530287844, 2639875190, 1611913276, 3225648954, 3618053954, 4129761306, 309021467, 1249445567, 2016297631, 1132496715, 454375691, 3009059375, 3710036561, 2587636183, 1375975479, 444728490, 432528942, 150855672, 4077063026, 2356088717, 2643118528, 3433728483, 2309093907, 2491644830, 3950881831, 3115225600, 2893197701, 2457348051, 657714757, 3811068094, 3275616050, 3769562603, 1113333141, 711976000, 698939130, 1022547031, 3106645250, 537691706, 2209222263, 1617450280, 2761239974, 1548979366, 3716047958, 2644635725, 2524905178, 569641389, 2675038632, 2742860449, 1539080867, 856883902, 1763793950, 4055256248, 1484347633, 988573387, 4132753366, 4158325554, 2019410986, 2773544406, 1393475110, 3096834751, 3074006212, 187093781, 697445256, 4066310395, 2554582733, 242979875, 3625687707, 970130407, 3091894110, 1053479115, 4191922864, 2085166739, 2208280255, 1219415038, 674686494, 1167254730, 1445787483, 3474333088, 1117596033, 3886131926, 899096949, 1542249221, 975990068, 2180665612, 2379526790, 1753871993, 3049890607, 3113822069, 872282830, 2015248709, 1192530693, 2956067509, 3952169058, 3723950026, 527257917, 1603117645, 142866592, 2579736260, 3845335080, 920857533, 3960047983, 2548014622, 3022048580, 2996770981, 190737005, 1030418832, 1399525168, 1409958775, 3022203101, 2926045711, 173105679, 2007728298, 2933753762, 2212435246, 2393778913, 1895205848, 3734514847, 1572606925, 200588480, 1277628667, 3618019608, 359400486, 3105988730, 1573685910, 1100606886, 537471053, 3708634753, 2826806583, 3246926570, 2283240099, 2437152336, 1196006887, 4097572049, 1517746517, 3603474626, 1164904019, 1426393983, 4278750530, 1554143761, 1834519728, 3689688344, 1031436800, 1825000083, 31247017, 3587502458, 1802914562, 2001684443, 1562673328, 2610767099, 66081571, 1509968882, 4020940359, 1336550544, 994304956, 1345227623, 3547913424, 4031948712, 3248441736, 2584744006, 976591483, 3045086505, 1573689006, 2025892557, 2230235733, 2232071508, 1514109027, 4036629651, 1271501484, 1004689878, 4050720648, 1739759186, 1026150912, 243353194, 2407902261, 3776496037, 4007598746, 4289361852, 478939818, 1788440911, 3911897990, 3239296807, 4206814200, 4254600257, 1320486219, 2514612163, 2645316015, 3630960842, 420349508, 340438094, 268968562, 1744595661, 1613848083, 1132374910, 3220190128, 2596549761, 2441861118, 1588120237, 148800371, 3436146742, 2959831588, 1887170126, 1316448109, 2256174542, 585014862, 2012228737, 1065089261, 1075133821, 4162283840, 4081098375, 813197798, 1699458866, 2442984336, 2745600610, 3854300236, 3368150904, 1361973362, 2304413627, 1573232079, 2948075551, 355588951, 3420536643, 1092000226, 2555498320, 1244939508, 547525762, 95745496, 1724350190, 2834133998, 2509761291, 335051673, 2704619492, 268097016, 459751829, 1754278324, 3840140116, 1799399118, 1048671594, 2528720531, 3921569730, 176893974, 3639460090, 3780369525, 3337740855, 2169106795, 947304659, 231404627, 47210865, 3300717047, 801425162, 185502048, 1964586295, 2878949177, 2334857458, 3710940262, 4130847634, 3537971944, 3100523571, 1914118042, 1622047230, 3935639147, 4252040305, 293184376, 2041914600, 3352603008, 2258513292, 2985950734, 1836576379, 1144563399, 3694932406, 2797556124, 3307741652, 2856683933, 2660267871, 369), None)
Loaded weights: 19.496923125735204, -68.85424793850603, -0.16564436444686387, -0.7513896995691507, -2.601562779892358
events: 
  ----
(3, (1605435788, 845649011, 1442969833, 2471618548, 141317768, 6297336, 2818267329, 3766070078, 3813327957, 221805187, 1996672429, 306500758, 572467371, 1469433196, 134464028, 2742359336, 1549466027, 140427214, 2375914716, 2045443216, 2520361303, 4080958090, 2901859030, 4205712497, 968584137, 2709810817, 3364543243, 2402524573, 1436500503, 3696981931, 1285503406, 2574214105, 1624581903, 3891461114, 3644435448, 2356229206, 2666206598, 26822426, 1824601464, 1346590801, 2320918509, 801596916, 1811185926, 742242440, 1126576670, 2554730831, 3931310663, 3481972406, 117273788, 2294936569, 3183544295, 1788278633, 2803119261, 1286176208, 396240193, 2109996571, 2058384259, 682297923, 2288696245, 330031213, 2923307162, 1928654339, 3755701948, 3312582659, 992771341, 4266369637, 3397936934, 575810311, 3768480387, 2550942985, 1688222510, 3690902342, 1118154982, 3640281094, 1835571467, 334378694, 250720592, 4123474888, 3749227567, 1768615719, 1670889227, 1469488444, 3508867614, 2304411537, 1463034449, 2969828745, 2103784759, 3434563696, 998027805, 785554160, 4263084752, 1407793027, 743257031, 1692953708, 3996243542, 2936616974, 3497370231, 1926452701, 142005352, 511823196, 1362147683, 1344190940, 1918883113, 2653345588, 1289272768, 892749617, 3328439348, 1711469600, 1536748327, 1515275886, 3990915148, 3145875056, 770624905, 1023778446, 2748298231, 2678976952, 1252323256, 800777067, 21420173, 1981251943, 1330967168, 2237502, 3499904998, 1957525549, 2758248760, 2636306293, 3037618123, 1705045350, 4280922311, 3145565089, 622513187, 3769768181, 2055910861, 3225596340, 3043442369, 1605469629, 466159645, 3083532056, 4218286840, 1640471179, 1031765882, 3021334380, 1376145495, 3694122289, 2962968864, 255955523, 2300955913, 1824621296, 4012281542, 988112521, 2959096724, 4106380081, 1703571518, 3661850436, 1513642128, 2706924041, 3283944898, 1895826047, 690698489, 712563044, 4032167309, 2289685495, 165238023, 3406276864, 3476185498, 3090179706, 4055250652, 4011123067, 47610700, 370725651, 4008910690, 4095165771, 2722586751, 801598636, 174791382, 762604291, 976504742, 2154674072, 3836971070, 3907343306, 4154035386, 2534833561, 2511157118, 3063425008, 3854264688, 428271948, 3218772855, 3668623949, 4144524690, 3439455613, 2236363, 2218945830, 1262454763, 1022563615, 4254161387, 985776561, 1663783314, 2434772499, 1082885100, 3167577707, 3567642186, 1145894219, 1192567222, 3377150977, 604696737, 2669892798, 2098372084, 2765658018, 3252303109, 2806248228, 1625397983, 1841166260, 549321213, 1755487059, 1344046088, 1427181165, 846943921, 3905433582, 480231094, 4157102539, 2760245156, 1820419159, 662918278, 1217834036, 1152041281, 3767878636, 1915638588, 4182421780, 2302468722, 4211870978, 4139327023, 1664205696, 1625810681, 2336435461, 3748147751, 1431217110, 3939847078, 2478065698, 2312957871, 2934615143, 3943641273, 2541677877, 895762969, 559784625, 2404104224, 1698698103, 2725904720, 1510480551, 3307605104, 3213178503, 2928135060, 2055275361, 869296457, 473094795, 2578881852, 1650689691, 4210563777, 556195978, 3368560569, 583952224, 1994014376, 3080123791, 2547380194, 2716432964, 150069500, 1584565928, 2886935112, 3521944892, 2422563902, 2295639921, 3214684773, 55103210, 1554649311, 35765577, 953677963, 2072532395, 1936568419, 1662636685, 1472845879, 971821075, 1998841745, 1117179661, 3751725637, 3207258143, 3072381975, 1585210205, 3368103822, 257789913, 929831491, 347477612, 1235460797, 312281901, 881952362, 2917265560, 3075319732, 2225623658, 2135981762, 3106418064, 2556754406, 992838537, 1283995449, 3940100898, 2628517686, 1771415448, 1802958242, 794768104, 667430431, 2470595151, 2322754902, 1254425252, 2735483646, 2984030318, 3204874101, 3867957881, 116296457, 2111740587, 3168023527, 1029321741, 1254790559, 3671252214, 623943323, 2680343516, 3984925611, 81953521, 2213772183, 479352468, 1463442722, 3892438153, 11544073, 3490058827, 2889771323, 1201641330, 776840140, 344970714, 1720403889, 2563007962, 3687335865, 532686023, 3281444121, 3827149860, 2207713087, 2261028067, 32143949, 3607689610, 1976885547, 2405745851, 696804213, 710280510, 3926257016, 2138812538, 3319251359, 778137737, 2309600356, 1568758796, 1423603880, 4270746799, 3180216768, 2617312846, 3682014920, 2683171541, 515264819, 3106532436, 734918587, 1857682400, 1628136201, 1101156500, 852620350, 3911611611, 732807040, 2347811795, 1906183435, 959832212, 1280393696, 1748917734, 3842101386, 3665871108, 2429248035, 930358224, 3389862460, 620145540, 2329547043, 2674551316, 1708457916, 4201710673, 1376052316, 3747572627, 3921355052, 4190331250, 1522288596, 2458899626, 918912167, 3510571126, 2814547797, 2929230768, 25651983, 2794338686, 630922265, 851901756, 130376333, 2785882418, 3617198925, 65964331, 805354156, 716191348, 2430471893, 273209742, 1854524166, 2794133753, 1703820320, 2972329540, 3601661864, 967464121, 1266180343, 2049729542, 1730564496, 2695487515, 1668909256, 3832901297, 732406104, 3951815479, 1552545059, 1269760011, 3589459116, 253597568, 3733982376, 4221232261, 3588233733, 2718882649, 3746009468, 956160333, 3219128515, 2454094153, 1432580331, 3811228922, 2945381046, 1490004077, 4279608710, 3077155374, 3676173167, 3307324009, 2808308651, 1460868725, 2540394036, 977836246, 646613448, 1989380185, 1279887563, 4280463830, 1532642580, 2578810289, 920027725, 2949365052, 2262109217, 2319388568, 1267814250, 1038268251, 1307736644, 2666695223, 519965443, 3371519838, 3322318558, 1122418807, 1282450461, 3256099457, 1475345420, 2445563201, 3131765145, 3814369622, 1977633978, 34313719, 173184211, 3923001742, 1700963445, 589039452, 1136117165, 1072327968, 3541367039, 1763185758, 837277466, 1385351740, 479097287, 644388648, 3619060818, 628604453, 2466360480, 2258421598, 2538526372, 55715122, 142910032, 3531740827, 2336306029, 770992456, 3676899175, 3028811942, 984949638, 2298974593, 2689105417, 3317435126, 3543174517, 21255317, 3881968273, 4183426651, 3752260031, 2245211614, 96485920, 304241291, 4001954927, 1039824439, 2248067139, 833841057, 3586973144, 787158126, 1746510814, 80377834, 3487038986, 897474298, 3138052739, 550220478, 3124792044, 2222168912, 3242809429, 2527277052, 2977822137, 1060785652, 871715690, 1428951195, 1169494992, 3675050748, 265258302, 4247643859, 1918111004, 1223729036, 4272849347, 3168584741, 2272723741, 2867027542, 52475306, 3210610555, 950046073, 2967748673, 1723364963, 2158620024, 2304975765, 4028254793, 3527960888, 2355288494, 532125529, 2222120606, 908634750, 3532071079, 2155496817, 415883312, 880734207, 2405417114, 2479135794, 3421242331, 680664580, 3008324552, 720693739, 1749215120, 2841129349, 442111746, 402101064, 2246520337, 2962774227, 3495780267, 1451696314, 1681699995, 3337748378, 846156084, 846048990, 1881664374, 750724111, 453899739, 2285291629, 4050526034, 28703784, 1511430482, 779730440, 1185491262, 2475057364, 3316926027, 865635478, 3214884242, 376843458, 2067799602, 3051380439, 3224235296, 3848066866, 2090080595, 438232165, 2107278111, 987855674, 751291095, 3977125323, 3385438703, 1500248132, 4078204798, 3006694062, 3527025217, 3734505602, 1199503301, 316246997, 1328797738, 933017035, 3851729915, 1613295121, 4236594778, 3407525869, 2999451435, 3877885912, 2837719516, 2284181362, 2110895613, 2286650617, 1122154794, 1719902918, 1006831603, 1444834312, 3772130813, 2261261099, 1953428135, 1292401159, 1245945055, 467), None)
Loaded weights: 20.400653666753886, -64.64028278902697, -0.16564436444686387, -0.7513896995691507, -3.019793861308451
events: me was killed by aggressive, 
  ----
(3, (3367350928, 1649827026, 3509462615, 740099470, 1701065138, 79050013, 978902664, 2305682716, 3149875872, 3471656618, 1586620593, 3320565793, 2597634530, 2608676559, 3663226788, 3976826743, 1063883385, 3312520701, 1988783570, 3769919162, 3502602600, 924911521, 1046947602, 1185895052, 2587714628, 972467559, 3750609874, 651590547, 211733427, 3592594920, 3898867495, 3886841574, 813644194, 1287632910, 3013752342, 4130890769, 1521935219, 528804810, 2047377230, 51755613, 2654201287, 3566730791, 9813208, 4191105165, 4077065160, 2839738593, 3364486999, 1010786701, 1713557524, 2046160823, 3703720683, 1854049428, 130456954, 4004414192, 116380483, 2397136031, 563942629, 422160085, 3873080269, 911026780, 784595217, 1022052545, 2677608633, 3577877684, 2801208260, 3374275672, 1996318027, 375058939, 894469766, 1983929197, 2546866852, 1693401287, 641570802, 2693787542, 3931061283, 1472127640, 3793194989, 532878216, 2383660297, 877952528, 2536549458, 2734976911, 803967327, 1394587590, 939204247, 2357149385, 2717771034, 624585105, 1956069933, 3387227127, 2498927562, 1697828207, 1306625617, 1527171269, 1772924199, 1802474838, 1658858178, 3784721266, 416521096, 2301674786, 689169869, 299517281, 1765229460, 2185200050, 3500554250, 3190418530, 2112132594, 2139852100, 1824728884, 2438438651, 2061473037, 3930089673, 2433446604, 1801967192, 3089435405, 1643302408, 1174973761, 1522702227, 4102104796, 3698564722, 1814087376, 1741577406, 2326096935, 104309138, 445077012, 900842267, 2629152281, 2066347892, 470967170, 1006636661, 295784214, 996358494, 2772321073, 1442697752, 968407022, 2835118043, 2806881612, 1555427513, 652085522, 2050553159, 2363026856, 27492666, 432513649, 628700078, 506463276, 2748128396, 3363605064, 3609522982, 3328120718, 353194172, 1290045273, 405415616, 2165089138, 3722364879, 994613698, 3879718486, 1086300387, 2560740350, 2967110834, 2957286821, 1168643282, 3094897767, 3096632135, 2084567057, 2226610510, 1492031752, 3137217907, 2858007345, 2266414260, 1500864341, 3876754849, 1074174993, 2771279919, 3230976649, 1394982125, 2882222246, 3921299906, 3258616404, 1994566255, 1305695911, 2262388878, 1383904444, 3323486368, 719617428, 1612597137, 453395355, 3352819712, 3416275785, 1053181024, 1203911564, 1010211457, 1018090155, 2087672773, 1341967290, 503041376, 3717488500, 2497246439, 2760948887, 3539841733, 4026061843, 687749754, 1040656123, 3169392053, 670290156, 2056758429, 3680199082, 2212316373, 910790190, 1498793358, 2132713781, 727887955, 724265227, 1842442201, 971622371, 2031506663, 3114577778, 3595276824, 2653446482, 1621993818, 3418395754, 4033683131, 2992516636, 4168954784, 3354690709, 1560403525, 1323385487, 3054457697, 130432588, 3432807280, 959444464, 2909879574, 1253414322, 934671833, 3148558102, 398173490, 2497509385, 424905574, 2384712043, 529755017, 1844816465, 1987680058, 646710151, 314831776, 2960740320, 1002495066, 1036738409, 602003725, 647905387, 4260059116, 3411217142, 3018215314, 3749100538, 721200169, 2396240770, 3654404318, 853200917, 3518485465, 3428687860, 3551220336, 4124472533, 3693153537, 1431730047, 4172955796, 3686206042, 2557346023, 234006781, 128427423, 4293673664, 3270065726, 2325493047, 1120737588, 566833278, 872488395, 3531928260, 2885924750, 2520347909, 1207519812, 2431031399, 3596734717, 3938683472, 2418720779, 3619766019, 796335491, 3854882668, 3965049195, 1925027855, 1325031130, 710822451, 919699052, 3752506746, 2248940842, 1212950467, 2064669993, 1413588254, 3148079036, 1765350840, 378986523, 3444241142, 2295699189, 529191904, 1414073221, 3318903890, 3582244230, 2968164279, 3878409134, 1021099785, 3338140646, 859566789, 3989504965, 1442634916, 3411693677, 2236880271, 3503870408, 3840721458, 3610058484, 3127171272, 1573711838, 3522695086, 1307550501, 245457861, 544826074, 2219691083, 2864190370, 3876741308, 2600789523, 2157478547, 1738075737, 2511958038, 3629156653, 844853151, 248718199, 191729094, 2019518942, 2912486515, 2920049129, 53571850, 2919676597, 326454227, 4221944035, 3803708575, 1196025982, 1548232192, 395054007, 3015150109, 4125491966, 3602757852, 300890257, 3851285896, 2734198707, 2800827223, 3123327390, 3144369310, 2212543455, 4085316715, 1565964751, 2150238304, 1854495668, 3116985016, 733696027, 2988148262, 3814455468, 2847535280, 19272848, 2229148164, 2417516547, 530641273, 3722006247, 2225169258, 2123242789, 1020135088, 1913547914, 1708997930, 3153903720, 3638462030, 3754047598, 1119476014, 902164871, 419762990, 1072490787, 2642956104, 2712584689, 338876848, 2416918625, 428238526, 1497366403, 2281605404, 1891645041, 970296552, 979978867, 2004706958, 2343233194, 4207609516, 3462002102, 2959369859, 3852945565, 978513144, 589856723, 3353102200, 4039994888, 2883139266, 3859424547, 2095577999, 100855293, 2656601111, 2593740936, 1924245627, 2546042651, 2941358689, 3699359963, 1041709602, 3847775278, 2646299298, 3319548764, 2862332939, 3534405188, 2803820795, 1662760277, 1260619118, 1997921178, 2606830942, 1034899089, 3852778009, 2279926003, 3793068653, 1600700215, 2261650203, 382966858, 1298029713, 1633463604, 3877733307, 2456154677, 1016346963, 3858323551, 224169255, 333833022, 1790218727, 1649915565, 1211816110, 437233055, 4288101917, 340960137, 1529990961, 277238781, 2292887039, 46906264, 3869202042, 2106605536, 3734340639, 2141836094, 329369584, 2553225069, 3408264279, 2800091568, 3156771868, 3193286817, 1136844696, 2652743598, 3368426742, 1022529389, 3603406340, 183880351, 2464586970, 383445473, 579593103, 2791962200, 1113186129, 523615307, 2433463100, 1879303862, 4193494791, 4259224988, 1066493315, 514422021, 3470078998, 240090709, 4149247424, 2971194910, 211223448, 2233583373, 1323278649, 585049117, 1895640013, 3891445213, 1678995334, 1637825992, 3193402634, 3993273554, 94993401, 1249372237, 262280130, 3327181496, 4079674729, 2000980987, 499109001, 2944291078, 2573649098, 195452626, 3417693060, 1776105281, 3837403270, 3328682982, 4249264521, 1724098179, 736823734, 594118358, 3672583361, 2014024829, 4053094495, 4156612946, 2118660243, 1934852613, 1027982901, 376587464, 2351995985, 3228915737, 521458927, 3157517079, 2824622102, 1439388554, 2521684465, 4199447387, 1237040456, 1494404003, 4092948668, 762179302, 229791561, 1145548354, 3086294430, 2764328871, 436627580, 812388481, 1940938571, 2595567065, 2721918891, 138263360, 3220107286, 2724415557, 866025391, 4172441654, 1041098861, 697671702, 3506856771, 980401272, 2531318894, 2661644246, 1939713829, 2970686419, 496456186, 624413870, 395557920, 1157176529, 156634235, 4283965956, 1974283660, 2326187991, 3816696134, 3863772807, 158235479, 2496310744, 637688795, 165922472, 1627059387, 2679913982, 2298531985, 770083136, 4022886337, 2096785416, 77171122, 970081121, 2778354186, 2148252801, 2858970190, 2950361265, 1310805088, 1347527704, 3696852660, 2467021482, 265258182, 3357465502, 3666318702, 1562243398, 434840418, 881056011, 2863239403, 670524238, 1821791898, 366062911, 725608692, 3404485849, 2940137, 2659919418, 936601457, 4027150699, 2710541265, 3618705471, 3864406558, 2386849699, 1452516465, 2553251470, 3857896055, 1590638444, 1964427206, 698627527, 1794101409, 3800847519, 2528590809, 2238967618, 147997310, 3599887603, 1695312134, 3939267915, 2386212624, 3838561721, 1989003061, 3196594083, 2812826581, 3714358386, 616359228, 3159847304, 2527597778, 781968395, 2988539823, 2589862081, 124954267, 284), None)
Loaded weights: 22.089136362383194, -63.137820477337556, -0.16564436444686387, -0.7513896995691507, -3.2513896995691507
