Starting iterations: 50
(3, (951949961, 4185640868, 1005078859, 3899172744, 295624426, 2095224743, 1007695652, 2554745635, 3811710170, 45654729, 903244435, 1522535602, 4244885207, 548849411, 2678313783, 690940145, 2230965069, 3252594611, 1231966855, 2396989559, 3038989601, 1187802830, 139735307, 2306313599, 349115421, 612596927, 1388189857, 2496754463, 3719673658, 2646756755, 493420597, 119009684, 1952006286, 1005170906, 552636452, 2304381946, 3330684233, 4224078586, 438392030, 11038958, 4272921965, 4265148554, 4125463911, 1182288374, 908768969, 446923335, 1408216974, 1353718118, 1464712570, 3257280569, 360431886, 3173623413, 2095200128, 835850230, 3427229381, 2121736230, 825915559, 3308896366, 2778190722, 1983825584, 4049746682, 2638636603, 4191777774, 1577313706, 286113608, 1918865231, 1486314436, 1926391251, 1896259054, 2160339487, 4027743546, 1391974158, 3572279735, 2521543949, 1354664331, 2833167636, 2186270908, 4111858753, 4097359604, 625431008, 3250251039, 2876491519, 2021393843, 2059350529, 431598082, 1688814632, 4199033672, 204930443, 1968032590, 346682824, 1520188573, 1251389102, 3760070370, 2970138774, 3505609910, 1191148778, 3312771283, 2410043903, 345045836, 3639102602, 33988803, 1399718219, 1565460321, 1801650399, 1970228144, 2323382825, 746341925, 1437176424, 2924851341, 4284892980, 1626485118, 3049204153, 165837844, 960851223, 384428084, 456541619, 3469490946, 3780664883, 3572824561, 3598432914, 1673004713, 1026021490, 2834382904, 1992881487, 3564628810, 3660811566, 2563279075, 1757371652, 2609998381, 3158577140, 3995007917, 3785113698, 1429417644, 3058178730, 569850417, 4249187541, 1036363949, 1668134344, 2871635443, 1322112267, 302158410, 434045769, 3891188430, 3402850899, 1414805115, 1770215890, 430311887, 3583838379, 2955494451, 3340598101, 1661769435, 4100624801, 1809138594, 3697565041, 350080870, 1074714507, 2804754155, 59964678, 1421857617, 3855419225, 412932346, 1576663345, 2262260819, 890430956, 1592256588, 2326832599, 4113081288, 1089143532, 2479079803, 2284109799, 347568474, 3559360311, 575021715, 3747448975, 3753923779, 2356237947, 2620403713, 211716789, 2045814583, 2304360639, 2642300090, 2404138225, 1854100877, 914372627, 3617834222, 277059485, 3510758605, 210611450, 3594860040, 597755944, 2749232769, 980871489, 589551982, 136851171, 2655607938, 2373586168, 2681016259, 3965555162, 2809998620, 2311432584, 3955671977, 2285415465, 3984817359, 3182365893, 2733732503, 3132832414, 1587765813, 194704540, 1057757300, 386995551, 1812027828, 2493833630, 2999739031, 4248199852, 687512978, 4119370215, 1952522464, 2267798911, 1507139079, 2101988228, 2467313654, 152229049, 2532473031, 43006933, 371665339, 759118986, 1217618137, 1095406658, 31211491, 172579467, 2075883814, 849619378, 3397981677, 3688894141, 3303116825, 4158798695, 1744711807, 1556845169, 154521871, 2798074515, 276613295, 102333762, 495572637, 876003310, 1748450105, 2285654711, 2905389368, 4089348098, 3254346705, 2557354049, 717184118, 636949588, 2936336923, 1046060361, 2988120154, 220522844, 2205912322, 3498078192, 828653700, 3547311110, 2052143034, 3072239250, 1314151516, 70560634, 2844916451, 2572600372, 1608328409, 2032884653, 2479032468, 676072184, 3944541802, 3797092013, 1902388781, 3665475132, 1947774196, 1394369866, 1294212261, 2262819563, 1703709471, 3643911553, 1252275759, 2614190065, 4099478095, 2566894236, 1411350132, 2927843037, 1023598818, 1510127894, 1993185188, 48269420, 2947523741, 3048106912, 3384737707, 3707746834, 1401166177, 884559266, 1422032700, 3910518955, 521709173, 3385213983, 790800124, 2206268782, 1634672536, 2998278763, 2220558802, 1995510309, 386947785, 1113913140, 3133383752, 1531936999, 3584479352, 3014725984, 3518971282, 2717855081, 3734556248, 2865627198, 1368707067, 3060325584, 1125755726, 3058714535, 1223123377, 3241124265, 3878458166, 3217041383, 1584774807, 2944361815, 2935381643, 307124802, 2749385814, 3511368713, 3866966720, 4067679214, 1123465626, 2691955233, 2132912468, 2724349367, 1120659234, 896931421, 3903715481, 1396422416, 454111145, 1247905432, 1802871547, 261934054, 404403633, 640755836, 3230001737, 3784973159, 1290815964, 1085816812, 784911499, 2886032800, 2867972435, 1690167839, 3462708590, 3377279986, 1081682322, 3092464763, 3583846107, 1137120760, 3432975067, 3175593470, 571422593, 1578110726, 766347877, 4039687914, 2733200389, 1628444918, 1611471352, 3986520134, 109105246, 1962831036, 2530086433, 1060967590, 1137430815, 2017169058, 1013921795, 1582220501, 2412411500, 1483520768, 3893859930, 687863217, 3135670699, 797036862, 216157937, 986186297, 3255820802, 4250644261, 4024704307, 3486696742, 3839334106, 3742239414, 2566034834, 1666048256, 1780411052, 1930197645, 3965687031, 2399060734, 976158259, 2438708762, 1398898533, 882425912, 1143941705, 4221828224, 2949910163, 1310358208, 2220471090, 3165403889, 2712406882, 2162004134, 1734913695, 2722826401, 598410390, 1582550414, 718880625, 3357476910, 90444403, 3261261821, 3617451400, 2436633243, 3821808124, 736827700, 1813537254, 3475502319, 32109706, 1458522694, 3007754090, 1372868035, 2683749618, 89322626, 3978793334, 3023731308, 2741256113, 889195154, 2992667421, 1274144862, 1085401761, 2017402595, 792943370, 1447726913, 2796415855, 2636856795, 2330867227, 3192434160, 1695464588, 2109341517, 1068115483, 2784103446, 3108936357, 4038258603, 1114585388, 3171752364, 2172682958, 3273430699, 552886488, 1032622152, 71359854, 45649992, 1352485162, 725357187, 1366182785, 3542237533, 3759410888, 1295916992, 123864100, 2460918415, 3312363052, 1879312054, 180681135, 1026294537, 2154997228, 3981979947, 1255785630, 2566845785, 1366446981, 1157987692, 4013704885, 3731648484, 2502711390, 3471711453, 2567039500, 341864521, 3923699921, 95628178, 1720300285, 1886443573, 4021592206, 2252473729, 4281214924, 433194175, 2809007434, 2007533210, 3629403529, 3169943713, 860087157, 1768842762, 3875455192, 955325142, 2935873634, 2284218748, 1943733300, 480880095, 3712989237, 3765566573, 261076127, 3324860223, 434528682, 1742678299, 3983959876, 1735189402, 2561464401, 1689429388, 511402310, 2510108485, 4236641049, 2993508121, 2529422902, 3801391584, 3131309205, 778507210, 1055993, 1649306630, 2364123662, 3266359997, 3181063156, 4234462147, 1579155973, 4199526271, 1151664591, 3829935011, 1147280702, 2466543228, 2903410744, 3573853774, 2136388790, 1039109574, 1242118505, 3430504491, 306018982, 105627383, 2944411542, 4220441914, 1654948827, 2278680713, 969863223, 2800483807, 974279437, 1218615614, 2032677361, 1828238112, 3112022357, 2476301322, 3796761240, 570452302, 2621350077, 3366775125, 176538438, 2825282594, 1022010399, 294503772, 2907321227, 544707429, 2674652882, 1003763174, 734769742, 4203434657, 1809996476, 86130874, 1263479746, 1554949362, 3864356183, 4083578363, 1211168112, 3434340335, 1154422759, 3532372317, 2379820005, 979328970, 2632039823, 3775907400, 346772082, 3999015874, 2596172916, 1934336923, 50281534, 4275736029, 2515070442, 3944508142, 3770244362, 3474131969, 3709545020, 1837213282, 1045754983, 352648792, 1415161210, 1870227990, 1894065671, 2788001597, 1842438635, 3596489432, 1162759939, 1560818455, 1029836347, 3498784059, 677886517, 1955043267, 1442424816, 2340091273, 542095835, 157595799, 3781408802, 3591857450, 1462516784, 1714508494, 208638785, 134006760, 3605896251, 939296089, 1380608526, 4271711920, 846365411, 1123212640, 1903717080, 1762257260, 1), None)
Loaded weights: 53.996463237725685, -12.342494925515641, 0.0, 0.0, 5.0
events: me found the exit, 
  ----
(3, (951949961, 4185640868, 1005078859, 3899172744, 295624426, 2095224743, 1007695652, 2554745635, 3811710170, 45654729, 903244435, 1522535602, 4244885207, 548849411, 2678313783, 690940145, 2230965069, 3252594611, 1231966855, 2396989559, 3038989601, 1187802830, 139735307, 2306313599, 349115421, 612596927, 1388189857, 2496754463, 3719673658, 2646756755, 493420597, 119009684, 1952006286, 1005170906, 552636452, 2304381946, 3330684233, 4224078586, 438392030, 11038958, 4272921965, 4265148554, 4125463911, 1182288374, 908768969, 446923335, 1408216974, 1353718118, 1464712570, 3257280569, 360431886, 3173623413, 2095200128, 835850230, 3427229381, 2121736230, 825915559, 3308896366, 2778190722, 1983825584, 4049746682, 2638636603, 4191777774, 1577313706, 286113608, 1918865231, 1486314436, 1926391251, 1896259054, 2160339487, 4027743546, 1391974158, 3572279735, 2521543949, 1354664331, 2833167636, 2186270908, 4111858753, 4097359604, 625431008, 3250251039, 2876491519, 2021393843, 2059350529, 431598082, 1688814632, 4199033672, 204930443, 1968032590, 346682824, 1520188573, 1251389102, 3760070370, 2970138774, 3505609910, 1191148778, 3312771283, 2410043903, 345045836, 3639102602, 33988803, 1399718219, 1565460321, 1801650399, 1970228144, 2323382825, 746341925, 1437176424, 2924851341, 4284892980, 1626485118, 3049204153, 165837844, 960851223, 384428084, 456541619, 3469490946, 3780664883, 3572824561, 3598432914, 1673004713, 1026021490, 2834382904, 1992881487, 3564628810, 3660811566, 2563279075, 1757371652, 2609998381, 3158577140, 3995007917, 3785113698, 1429417644, 3058178730, 569850417, 4249187541, 1036363949, 1668134344, 2871635443, 1322112267, 302158410, 434045769, 3891188430, 3402850899, 1414805115, 1770215890, 430311887, 3583838379, 2955494451, 3340598101, 1661769435, 4100624801, 1809138594, 3697565041, 350080870, 1074714507, 2804754155, 59964678, 1421857617, 3855419225, 412932346, 1576663345, 2262260819, 890430956, 1592256588, 2326832599, 4113081288, 1089143532, 2479079803, 2284109799, 347568474, 3559360311, 575021715, 3747448975, 3753923779, 2356237947, 2620403713, 211716789, 2045814583, 2304360639, 2642300090, 2404138225, 1854100877, 914372627, 3617834222, 277059485, 3510758605, 210611450, 3594860040, 597755944, 2749232769, 980871489, 589551982, 136851171, 2655607938, 2373586168, 2681016259, 3965555162, 2809998620, 2311432584, 3955671977, 2285415465, 3984817359, 3182365893, 2733732503, 3132832414, 1587765813, 194704540, 1057757300, 386995551, 1812027828, 2493833630, 2999739031, 4248199852, 687512978, 4119370215, 1952522464, 2267798911, 1507139079, 2101988228, 2467313654, 152229049, 2532473031, 43006933, 371665339, 759118986, 1217618137, 1095406658, 31211491, 172579467, 2075883814, 849619378, 3397981677, 3688894141, 3303116825, 4158798695, 1744711807, 1556845169, 154521871, 2798074515, 276613295, 102333762, 495572637, 876003310, 1748450105, 2285654711, 2905389368, 4089348098, 3254346705, 2557354049, 717184118, 636949588, 2936336923, 1046060361, 2988120154, 220522844, 2205912322, 3498078192, 828653700, 3547311110, 2052143034, 3072239250, 1314151516, 70560634, 2844916451, 2572600372, 1608328409, 2032884653, 2479032468, 676072184, 3944541802, 3797092013, 1902388781, 3665475132, 1947774196, 1394369866, 1294212261, 2262819563, 1703709471, 3643911553, 1252275759, 2614190065, 4099478095, 2566894236, 1411350132, 2927843037, 1023598818, 1510127894, 1993185188, 48269420, 2947523741, 3048106912, 3384737707, 3707746834, 1401166177, 884559266, 1422032700, 3910518955, 521709173, 3385213983, 790800124, 2206268782, 1634672536, 2998278763, 2220558802, 1995510309, 386947785, 1113913140, 3133383752, 1531936999, 3584479352, 3014725984, 3518971282, 2717855081, 3734556248, 2865627198, 1368707067, 3060325584, 1125755726, 3058714535, 1223123377, 3241124265, 3878458166, 3217041383, 1584774807, 2944361815, 2935381643, 307124802, 2749385814, 3511368713, 3866966720, 4067679214, 1123465626, 2691955233, 2132912468, 2724349367, 1120659234, 896931421, 3903715481, 1396422416, 454111145, 1247905432, 1802871547, 261934054, 404403633, 640755836, 3230001737, 3784973159, 1290815964, 1085816812, 784911499, 2886032800, 2867972435, 1690167839, 3462708590, 3377279986, 1081682322, 3092464763, 3583846107, 1137120760, 3432975067, 3175593470, 571422593, 1578110726, 766347877, 4039687914, 2733200389, 1628444918, 1611471352, 3986520134, 109105246, 1962831036, 2530086433, 1060967590, 1137430815, 2017169058, 1013921795, 1582220501, 2412411500, 1483520768, 3893859930, 687863217, 3135670699, 797036862, 216157937, 986186297, 3255820802, 4250644261, 4024704307, 3486696742, 3839334106, 3742239414, 2566034834, 1666048256, 1780411052, 1930197645, 3965687031, 2399060734, 976158259, 2438708762, 1398898533, 882425912, 1143941705, 4221828224, 2949910163, 1310358208, 2220471090, 3165403889, 2712406882, 2162004134, 1734913695, 2722826401, 598410390, 1582550414, 718880625, 3357476910, 90444403, 3261261821, 3617451400, 2436633243, 3821808124, 736827700, 1813537254, 3475502319, 32109706, 1458522694, 3007754090, 1372868035, 2683749618, 89322626, 3978793334, 3023731308, 2741256113, 889195154, 2992667421, 1274144862, 1085401761, 2017402595, 792943370, 1447726913, 2796415855, 2636856795, 2330867227, 3192434160, 1695464588, 2109341517, 1068115483, 2784103446, 3108936357, 4038258603, 1114585388, 3171752364, 2172682958, 3273430699, 552886488, 1032622152, 71359854, 45649992, 1352485162, 725357187, 1366182785, 3542237533, 3759410888, 1295916992, 123864100, 2460918415, 3312363052, 1879312054, 180681135, 1026294537, 2154997228, 3981979947, 1255785630, 2566845785, 1366446981, 1157987692, 4013704885, 3731648484, 2502711390, 3471711453, 2567039500, 341864521, 3923699921, 95628178, 1720300285, 1886443573, 4021592206, 2252473729, 4281214924, 433194175, 2809007434, 2007533210, 3629403529, 3169943713, 860087157, 1768842762, 3875455192, 955325142, 2935873634, 2284218748, 1943733300, 480880095, 3712989237, 3765566573, 261076127, 3324860223, 434528682, 1742678299, 3983959876, 1735189402, 2561464401, 1689429388, 511402310, 2510108485, 4236641049, 2993508121, 2529422902, 3801391584, 3131309205, 778507210, 1055993, 1649306630, 2364123662, 3266359997, 3181063156, 4234462147, 1579155973, 4199526271, 1151664591, 3829935011, 1147280702, 2466543228, 2903410744, 3573853774, 2136388790, 1039109574, 1242118505, 3430504491, 306018982, 105627383, 2944411542, 4220441914, 1654948827, 2278680713, 969863223, 2800483807, 974279437, 1218615614, 2032677361, 1828238112, 3112022357, 2476301322, 3796761240, 570452302, 2621350077, 3366775125, 176538438, 2825282594, 1022010399, 294503772, 2907321227, 544707429, 2674652882, 1003763174, 734769742, 4203434657, 1809996476, 86130874, 1263479746, 1554949362, 3864356183, 4083578363, 1211168112, 3434340335, 1154422759, 3532372317, 2379820005, 979328970, 2632039823, 3775907400, 346772082, 3999015874, 2596172916, 1934336923, 50281534, 4275736029, 2515070442, 3944508142, 3770244362, 3474131969, 3709545020, 1837213282, 1045754983, 352648792, 1415161210, 1870227990, 1894065671, 2788001597, 1842438635, 3596489432, 1162759939, 1560818455, 1029836347, 3498784059, 677886517, 1955043267, 1442424816, 2340091273, 542095835, 157595799, 3781408802, 3591857450, 1462516784, 1714508494, 208638785, 134006760, 3605896251, 939296089, 1380608526, 4271711920, 846365411, 1123212640, 1903717080, 1762257260, 342), None)
Loaded weights: 50.398587778719175, -12.342494925515641, -0.5228910848586548, -0.8064601951342434, 4.193539804865757
events: 
  ----
(3, (951949961, 4185640868, 1005078859, 3899172744, 295624426, 2095224743, 1007695652, 2554745635, 3811710170, 45654729, 903244435, 1522535602, 4244885207, 548849411, 2678313783, 690940145, 2230965069, 3252594611, 1231966855, 2396989559, 3038989601, 1187802830, 139735307, 2306313599, 349115421, 612596927, 1388189857, 2496754463, 3719673658, 2646756755, 493420597, 119009684, 1952006286, 1005170906, 552636452, 2304381946, 3330684233, 4224078586, 438392030, 11038958, 4272921965, 4265148554, 4125463911, 1182288374, 908768969, 446923335, 1408216974, 1353718118, 1464712570, 3257280569, 360431886, 3173623413, 2095200128, 835850230, 3427229381, 2121736230, 825915559, 3308896366, 2778190722, 1983825584, 4049746682, 2638636603, 4191777774, 1577313706, 286113608, 1918865231, 1486314436, 1926391251, 1896259054, 2160339487, 4027743546, 1391974158, 3572279735, 2521543949, 1354664331, 2833167636, 2186270908, 4111858753, 4097359604, 625431008, 3250251039, 2876491519, 2021393843, 2059350529, 431598082, 1688814632, 4199033672, 204930443, 1968032590, 346682824, 1520188573, 1251389102, 3760070370, 2970138774, 3505609910, 1191148778, 3312771283, 2410043903, 345045836, 3639102602, 33988803, 1399718219, 1565460321, 1801650399, 1970228144, 2323382825, 746341925, 1437176424, 2924851341, 4284892980, 1626485118, 3049204153, 165837844, 960851223, 384428084, 456541619, 3469490946, 3780664883, 3572824561, 3598432914, 1673004713, 1026021490, 2834382904, 1992881487, 3564628810, 3660811566, 2563279075, 1757371652, 2609998381, 3158577140, 3995007917, 3785113698, 1429417644, 3058178730, 569850417, 4249187541, 1036363949, 1668134344, 2871635443, 1322112267, 302158410, 434045769, 3891188430, 3402850899, 1414805115, 1770215890, 430311887, 3583838379, 2955494451, 3340598101, 1661769435, 4100624801, 1809138594, 3697565041, 350080870, 1074714507, 2804754155, 59964678, 1421857617, 3855419225, 412932346, 1576663345, 2262260819, 890430956, 1592256588, 2326832599, 4113081288, 1089143532, 2479079803, 2284109799, 347568474, 3559360311, 575021715, 3747448975, 3753923779, 2356237947, 2620403713, 211716789, 2045814583, 2304360639, 2642300090, 2404138225, 1854100877, 914372627, 3617834222, 277059485, 3510758605, 210611450, 3594860040, 597755944, 2749232769, 980871489, 589551982, 136851171, 2655607938, 2373586168, 2681016259, 3965555162, 2809998620, 2311432584, 3955671977, 2285415465, 3984817359, 3182365893, 2733732503, 3132832414, 1587765813, 194704540, 1057757300, 386995551, 1812027828, 2493833630, 2999739031, 4248199852, 687512978, 4119370215, 1952522464, 2267798911, 1507139079, 2101988228, 2467313654, 152229049, 2532473031, 43006933, 371665339, 759118986, 1217618137, 1095406658, 31211491, 172579467, 2075883814, 849619378, 3397981677, 3688894141, 3303116825, 4158798695, 1744711807, 1556845169, 154521871, 2798074515, 276613295, 102333762, 495572637, 876003310, 1748450105, 2285654711, 2905389368, 4089348098, 3254346705, 2557354049, 717184118, 636949588, 2936336923, 1046060361, 2988120154, 220522844, 2205912322, 3498078192, 828653700, 3547311110, 2052143034, 3072239250, 1314151516, 70560634, 2844916451, 2572600372, 1608328409, 2032884653, 2479032468, 676072184, 3944541802, 3797092013, 1902388781, 3665475132, 1947774196, 1394369866, 1294212261, 2262819563, 1703709471, 3643911553, 1252275759, 2614190065, 4099478095, 2566894236, 1411350132, 2927843037, 1023598818, 1510127894, 1993185188, 48269420, 2947523741, 3048106912, 3384737707, 3707746834, 1401166177, 884559266, 1422032700, 3910518955, 521709173, 3385213983, 790800124, 2206268782, 1634672536, 2998278763, 2220558802, 1995510309, 386947785, 1113913140, 3133383752, 1531936999, 3584479352, 3014725984, 3518971282, 2717855081, 3734556248, 2865627198, 1368707067, 3060325584, 1125755726, 3058714535, 1223123377, 3241124265, 3878458166, 3217041383, 1584774807, 2944361815, 2935381643, 307124802, 2749385814, 3511368713, 3866966720, 4067679214, 1123465626, 2691955233, 2132912468, 2724349367, 1120659234, 896931421, 3903715481, 1396422416, 454111145, 1247905432, 1802871547, 261934054, 404403633, 640755836, 3230001737, 3784973159, 1290815964, 1085816812, 784911499, 2886032800, 2867972435, 1690167839, 3462708590, 3377279986, 1081682322, 3092464763, 3583846107, 1137120760, 3432975067, 3175593470, 571422593, 1578110726, 766347877, 4039687914, 2733200389, 1628444918, 1611471352, 3986520134, 109105246, 1962831036, 2530086433, 1060967590, 1137430815, 2017169058, 1013921795, 1582220501, 2412411500, 1483520768, 3893859930, 687863217, 3135670699, 797036862, 216157937, 986186297, 3255820802, 4250644261, 4024704307, 3486696742, 3839334106, 3742239414, 2566034834, 1666048256, 1780411052, 1930197645, 3965687031, 2399060734, 976158259, 2438708762, 1398898533, 882425912, 1143941705, 4221828224, 2949910163, 1310358208, 2220471090, 3165403889, 2712406882, 2162004134, 1734913695, 2722826401, 598410390, 1582550414, 718880625, 3357476910, 90444403, 3261261821, 3617451400, 2436633243, 3821808124, 736827700, 1813537254, 3475502319, 32109706, 1458522694, 3007754090, 1372868035, 2683749618, 89322626, 3978793334, 3023731308, 2741256113, 889195154, 2992667421, 1274144862, 1085401761, 2017402595, 792943370, 1447726913, 2796415855, 2636856795, 2330867227, 3192434160, 1695464588, 2109341517, 1068115483, 2784103446, 3108936357, 4038258603, 1114585388, 3171752364, 2172682958, 3273430699, 552886488, 1032622152, 71359854, 45649992, 1352485162, 725357187, 1366182785, 3542237533, 3759410888, 1295916992, 123864100, 2460918415, 3312363052, 1879312054, 180681135, 1026294537, 2154997228, 3981979947, 1255785630, 2566845785, 1366446981, 1157987692, 4013704885, 3731648484, 2502711390, 3471711453, 2567039500, 341864521, 3923699921, 95628178, 1720300285, 1886443573, 4021592206, 2252473729, 4281214924, 433194175, 2809007434, 2007533210, 3629403529, 3169943713, 860087157, 1768842762, 3875455192, 955325142, 2935873634, 2284218748, 1943733300, 480880095, 3712989237, 3765566573, 261076127, 3324860223, 434528682, 1742678299, 3983959876, 1735189402, 2561464401, 1689429388, 511402310, 2510108485, 4236641049, 2993508121, 2529422902, 3801391584, 3131309205, 778507210, 1055993, 1649306630, 2364123662, 3266359997, 3181063156, 4234462147, 1579155973, 4199526271, 1151664591, 3829935011, 1147280702, 2466543228, 2903410744, 3573853774, 2136388790, 1039109574, 1242118505, 3430504491, 306018982, 105627383, 2944411542, 4220441914, 1654948827, 2278680713, 969863223, 2800483807, 974279437, 1218615614, 2032677361, 1828238112, 3112022357, 2476301322, 3796761240, 570452302, 2621350077, 3366775125, 176538438, 2825282594, 1022010399, 294503772, 2907321227, 544707429, 2674652882, 1003763174, 734769742, 4203434657, 1809996476, 86130874, 1263479746, 1554949362, 3864356183, 4083578363, 1211168112, 3434340335, 1154422759, 3532372317, 2379820005, 979328970, 2632039823, 3775907400, 346772082, 3999015874, 2596172916, 1934336923, 50281534, 4275736029, 2515070442, 3944508142, 3770244362, 3474131969, 3709545020, 1837213282, 1045754983, 352648792, 1415161210, 1870227990, 1894065671, 2788001597, 1842438635, 3596489432, 1162759939, 1560818455, 1029836347, 3498784059, 677886517, 1955043267, 1442424816, 2340091273, 542095835, 157595799, 3781408802, 3591857450, 1462516784, 1714508494, 208638785, 134006760, 3605896251, 939296089, 1380608526, 4271711920, 846365411, 1123212640, 1903717080, 1762257260, 555), None)
Loaded weights: 48.5117881542078, -13.53964998109945, -0.5228910848586548, -0.8064601951342434, -5.806460195134243
events: me found the exit, 
  ----
(3, (2990744876, 4275202633, 2775576030, 464392208, 2481011508, 1512518107, 1854432718, 3729589502, 2521734011, 129644196, 2446081192, 103111894, 1234060280, 4054972379, 1876216838, 3101646319, 2813603464, 3613828845, 1450716362, 3338470460, 2701447322, 1254049234, 210724091, 815993645, 2694977460, 3696221545, 1548221887, 1865625367, 2164710480, 1694146479, 1382003977, 2782553269, 413543663, 4250917220, 2962715537, 1496290762, 1222845423, 4285583730, 1269157929, 3874395336, 119774886, 3434684774, 896969658, 615514324, 158485543, 2736382428, 2517672259, 1319658033, 3315751822, 1964492444, 577662963, 3342827877, 3898337360, 4249101969, 3258354111, 1379906, 3783292572, 1916766489, 1184101136, 1022476307, 3574797194, 745664733, 1144905814, 1508414501, 1929721381, 3428819754, 3982466550, 1071729363, 197396319, 3177683121, 427814193, 3115982251, 4009847120, 1898271222, 4181158817, 201205952, 2071772070, 728632575, 396809628, 1458144485, 316488772, 1880812120, 1790522626, 2514304781, 640995933, 3573218677, 3667977608, 1546606426, 2049188561, 1542589983, 2735297238, 3475056829, 1096177908, 3474432785, 349649135, 1676053823, 1646926977, 2030804691, 1159348303, 1056252006, 2286856876, 424858381, 614422988, 1231856108, 2157909012, 309931000, 3399824729, 2175654918, 3114169509, 1772058901, 3825732888, 2844219726, 3804685774, 2480417867, 4028708746, 958233799, 2084153475, 267702078, 3645936208, 2115460541, 4228337113, 2933611657, 3423328690, 707520860, 257403537, 1501912736, 3069123647, 693841469, 2722546745, 2955398924, 2323746638, 775722649, 4285277942, 2375102713, 883850441, 1793387697, 3836900522, 4090155664, 3280066460, 1124626508, 1503553872, 566891457, 4197105409, 1554156660, 3478092243, 4152309731, 873978883, 4174570225, 1550708906, 3533482175, 3953090865, 214077472, 3686935879, 4078130918, 714508048, 1758714162, 1674123213, 795474378, 1665325606, 1187753787, 529672293, 2794044137, 1258600362, 2184824749, 3156701521, 3858736950, 1537324176, 3139625516, 663862669, 565831185, 3057202174, 2204404308, 3926446186, 280887273, 743861785, 2669698479, 334768746, 3779064995, 1328540125, 3278245304, 3841061229, 1923655574, 1665624734, 1065005061, 1058363603, 722875085, 890074598, 702392122, 2936670665, 487499381, 791654033, 4045975997, 1376758703, 3527378045, 725393438, 3904553817, 1663710901, 132592628, 731627218, 2618226444, 2067358198, 2182639443, 293676133, 2369668759, 5615192, 3409645566, 3578154869, 937539087, 3859262899, 1677265706, 2166916422, 3760273487, 2013235649, 3038705387, 1977325830, 756853824, 4239133870, 4186811549, 962077226, 3747973056, 3934085082, 3225151154, 652053381, 2691278561, 1416446757, 3426314859, 1236050765, 732269058, 1660843987, 2561823053, 50070729, 799867165, 2933884506, 2515541277, 1018472850, 2092512155, 2966900547, 207512816, 2353951040, 2562234224, 4072491386, 4162361239, 2730754584, 178717643, 1248870249, 15626326, 3206693949, 1492177325, 2676024621, 1506855616, 576231687, 774430310, 443261714, 1162506642, 698440633, 2159745745, 213559383, 183342411, 2355999414, 1703851826, 3872426541, 3619511743, 1530249335, 3307433537, 3017519976, 3175346842, 1131645377, 247601900, 2560566298, 16309391, 3432067933, 3905482734, 2384771778, 3961321273, 1730564244, 2050548995, 4017129270, 3382745763, 1924130682, 335627160, 1772370358, 554872903, 1282070284, 2341456294, 4235629224, 403866465, 300981400, 4000700504, 755086571, 3403842247, 54501877, 2396191023, 2720038435, 496312729, 633203714, 564476097, 283495483, 3489337044, 72454011, 3096459822, 1894068033, 2306925677, 2343408938, 961625935, 3374200114, 2233878567, 2010906495, 264040032, 2226494196, 1080712510, 3422926781, 1324043412, 487447326, 3052176036, 155735877, 2347169267, 1086742647, 3263530865, 1291959217, 3157088499, 1988674330, 1732342132, 2769169939, 2484630293, 4156333223, 2338971605, 2010254663, 2579401863, 3909090774, 1470219436, 810896411, 3789834457, 2605213239, 3040207347, 160714242, 3640362804, 3928802020, 1230389643, 3222962886, 1984348869, 3068718855, 1553159720, 1054021940, 3913040516, 485251840, 1612371883, 2547179729, 2592041271, 2391229311, 1114050344, 1009338252, 3274178279, 3000179568, 2447196808, 1308473284, 3262796016, 889642478, 2034740476, 1340021861, 1076564804, 3543329286, 4238432214, 1173154610, 1802240327, 3417214437, 201182529, 864058423, 1771627948, 386183138, 3110786862, 1725807146, 1562431004, 2833366448, 2365228115, 3301909920, 3679640692, 1689483786, 3967441927, 1626656160, 4022986346, 1046748385, 2934797082, 1058222509, 4239425642, 2869250057, 1111829287, 2708392054, 4050163235, 3244349562, 963607751, 3988701942, 4032707480, 2488883126, 1856946630, 464285621, 2293679913, 1724286830, 1915157560, 2345227609, 447799047, 183607285, 2538163170, 2733745135, 3709246972, 2251475395, 1292054596, 70819871, 3022517468, 851865541, 2314964238, 3075966090, 1858132632, 71291914, 3110689409, 231875373, 1957736495, 2771871060, 1155618901, 549324847, 602521425, 2278164711, 489722093, 1445038577, 601804016, 747673303, 842590567, 1844207922, 1958871951, 3232830738, 655551710, 3609426849, 3371106655, 2444954295, 1434370596, 1377387040, 1599596604, 3337499780, 2525571267, 1376571184, 4255239337, 1652807897, 2846110420, 1916336824, 2385203944, 1582949348, 3213197816, 3449586123, 802333271, 560603576, 1206523667, 3203344951, 346882626, 884969953, 433492769, 895730214, 1625168228, 2582518121, 716349532, 2738600067, 526390085, 627674476, 1287565046, 438713467, 3009826129, 2617345384, 4009304662, 3770324011, 1859618162, 2139498188, 2734510318, 3842222977, 790420774, 2509879845, 1318313248, 2054319899, 823555752, 921107762, 1758377256, 3495387351, 1458263572, 2524117353, 2219220750, 3261239064, 2801189366, 2883406222, 3149390577, 3215394093, 2571606475, 39644991, 1216530130, 3203869964, 116991347, 2050195989, 2212153508, 980756969, 2883601526, 1551913444, 3689923436, 2900089680, 4157159640, 2067830025, 3498654801, 2466819050, 834661798, 1941864931, 1046271919, 3202770890, 1595869716, 1386529162, 3644066811, 4191591264, 4081787403, 2345969692, 4139462091, 776720139, 1717584880, 3148403255, 3345411936, 3655430346, 992002176, 749868954, 600389893, 3656765760, 1311267265, 683794410, 4064886438, 482303310, 2344558457, 581714275, 3919354805, 819135601, 2677633326, 4020510464, 141600036, 290138243, 951695007, 4284367348, 2233141998, 3569754928, 181258453, 3358320697, 3776095863, 285651304, 2234099891, 1224264001, 2298487528, 2558268524, 3541330749, 1362962660, 548947558, 3721714960, 2258264555, 3664374642, 3771067846, 1692420338, 2914851957, 1133704893, 4146638539, 3911363191, 350605101, 2080807070, 102872427, 2232524231, 4291369923, 3977992196, 3052122008, 1960305304, 2471459558, 1925448785, 2498829120, 159893670, 2029265336, 3746269315, 1824381949, 707921222, 1365468754, 524853453, 2874222996, 3013615043, 4169577033, 2800964457, 10653182, 584528354, 880362481, 3743570637, 86731408, 900015667, 2741912707, 35676425, 727809580, 497865334, 1301038857, 25145965, 430747274, 1579438247, 3061746750, 863282287, 2302523904, 1980745584, 1397631726, 997600519, 1131844194, 1780479542, 2844268495, 1328621369, 1242046040, 1937517681, 4148916435, 861380494, 262335932, 2545627903, 3230881297, 1901953600, 1045541129, 4069979607, 1931388600, 4221144756, 3298555889, 3473975488, 1416144408, 1339535222, 588274393, 3157406623, 2145850872, 289), None)
Loaded weights: 52.249318158274896, -11.057730944002293, -0.5228910848586548, -0.8064601951342434, 4.193539804865757
events: me found the exit, 
  ----
(3, (2990744876, 4275202633, 2775576030, 464392208, 2481011508, 1512518107, 1854432718, 3729589502, 2521734011, 129644196, 2446081192, 103111894, 1234060280, 4054972379, 1876216838, 3101646319, 2813603464, 3613828845, 1450716362, 3338470460, 2701447322, 1254049234, 210724091, 815993645, 2694977460, 3696221545, 1548221887, 1865625367, 2164710480, 1694146479, 1382003977, 2782553269, 413543663, 4250917220, 2962715537, 1496290762, 1222845423, 4285583730, 1269157929, 3874395336, 119774886, 3434684774, 896969658, 615514324, 158485543, 2736382428, 2517672259, 1319658033, 3315751822, 1964492444, 577662963, 3342827877, 3898337360, 4249101969, 3258354111, 1379906, 3783292572, 1916766489, 1184101136, 1022476307, 3574797194, 745664733, 1144905814, 1508414501, 1929721381, 3428819754, 3982466550, 1071729363, 197396319, 3177683121, 427814193, 3115982251, 4009847120, 1898271222, 4181158817, 201205952, 2071772070, 728632575, 396809628, 1458144485, 316488772, 1880812120, 1790522626, 2514304781, 640995933, 3573218677, 3667977608, 1546606426, 2049188561, 1542589983, 2735297238, 3475056829, 1096177908, 3474432785, 349649135, 1676053823, 1646926977, 2030804691, 1159348303, 1056252006, 2286856876, 424858381, 614422988, 1231856108, 2157909012, 309931000, 3399824729, 2175654918, 3114169509, 1772058901, 3825732888, 2844219726, 3804685774, 2480417867, 4028708746, 958233799, 2084153475, 267702078, 3645936208, 2115460541, 4228337113, 2933611657, 3423328690, 707520860, 257403537, 1501912736, 3069123647, 693841469, 2722546745, 2955398924, 2323746638, 775722649, 4285277942, 2375102713, 883850441, 1793387697, 3836900522, 4090155664, 3280066460, 1124626508, 1503553872, 566891457, 4197105409, 1554156660, 3478092243, 4152309731, 873978883, 4174570225, 1550708906, 3533482175, 3953090865, 214077472, 3686935879, 4078130918, 714508048, 1758714162, 1674123213, 795474378, 1665325606, 1187753787, 529672293, 2794044137, 1258600362, 2184824749, 3156701521, 3858736950, 1537324176, 3139625516, 663862669, 565831185, 3057202174, 2204404308, 3926446186, 280887273, 743861785, 2669698479, 334768746, 3779064995, 1328540125, 3278245304, 3841061229, 1923655574, 1665624734, 1065005061, 1058363603, 722875085, 890074598, 702392122, 2936670665, 487499381, 791654033, 4045975997, 1376758703, 3527378045, 725393438, 3904553817, 1663710901, 132592628, 731627218, 2618226444, 2067358198, 2182639443, 293676133, 2369668759, 5615192, 3409645566, 3578154869, 937539087, 3859262899, 1677265706, 2166916422, 3760273487, 2013235649, 3038705387, 1977325830, 756853824, 4239133870, 4186811549, 962077226, 3747973056, 3934085082, 3225151154, 652053381, 2691278561, 1416446757, 3426314859, 1236050765, 732269058, 1660843987, 2561823053, 50070729, 799867165, 2933884506, 2515541277, 1018472850, 2092512155, 2966900547, 207512816, 2353951040, 2562234224, 4072491386, 4162361239, 2730754584, 178717643, 1248870249, 15626326, 3206693949, 1492177325, 2676024621, 1506855616, 576231687, 774430310, 443261714, 1162506642, 698440633, 2159745745, 213559383, 183342411, 2355999414, 1703851826, 3872426541, 3619511743, 1530249335, 3307433537, 3017519976, 3175346842, 1131645377, 247601900, 2560566298, 16309391, 3432067933, 3905482734, 2384771778, 3961321273, 1730564244, 2050548995, 4017129270, 3382745763, 1924130682, 335627160, 1772370358, 554872903, 1282070284, 2341456294, 4235629224, 403866465, 300981400, 4000700504, 755086571, 3403842247, 54501877, 2396191023, 2720038435, 496312729, 633203714, 564476097, 283495483, 3489337044, 72454011, 3096459822, 1894068033, 2306925677, 2343408938, 961625935, 3374200114, 2233878567, 2010906495, 264040032, 2226494196, 1080712510, 3422926781, 1324043412, 487447326, 3052176036, 155735877, 2347169267, 1086742647, 3263530865, 1291959217, 3157088499, 1988674330, 1732342132, 2769169939, 2484630293, 4156333223, 2338971605, 2010254663, 2579401863, 3909090774, 1470219436, 810896411, 3789834457, 2605213239, 3040207347, 160714242, 3640362804, 3928802020, 1230389643, 3222962886, 1984348869, 3068718855, 1553159720, 1054021940, 3913040516, 485251840, 1612371883, 2547179729, 2592041271, 2391229311, 1114050344, 1009338252, 3274178279, 3000179568, 2447196808, 1308473284, 3262796016, 889642478, 2034740476, 1340021861, 1076564804, 3543329286, 4238432214, 1173154610, 1802240327, 3417214437, 201182529, 864058423, 1771627948, 386183138, 3110786862, 1725807146, 1562431004, 2833366448, 2365228115, 3301909920, 3679640692, 1689483786, 3967441927, 1626656160, 4022986346, 1046748385, 2934797082, 1058222509, 4239425642, 2869250057, 1111829287, 2708392054, 4050163235, 3244349562, 963607751, 3988701942, 4032707480, 2488883126, 1856946630, 464285621, 2293679913, 1724286830, 1915157560, 2345227609, 447799047, 183607285, 2538163170, 2733745135, 3709246972, 2251475395, 1292054596, 70819871, 3022517468, 851865541, 2314964238, 3075966090, 1858132632, 71291914, 3110689409, 231875373, 1957736495, 2771871060, 1155618901, 549324847, 602521425, 2278164711, 489722093, 1445038577, 601804016, 747673303, 842590567, 1844207922, 1958871951, 3232830738, 655551710, 3609426849, 3371106655, 2444954295, 1434370596, 1377387040, 1599596604, 3337499780, 2525571267, 1376571184, 4255239337, 1652807897, 2846110420, 1916336824, 2385203944, 1582949348, 3213197816, 3449586123, 802333271, 560603576, 1206523667, 3203344951, 346882626, 884969953, 433492769, 895730214, 1625168228, 2582518121, 716349532, 2738600067, 526390085, 627674476, 1287565046, 438713467, 3009826129, 2617345384, 4009304662, 3770324011, 1859618162, 2139498188, 2734510318, 3842222977, 790420774, 2509879845, 1318313248, 2054319899, 823555752, 921107762, 1758377256, 3495387351, 1458263572, 2524117353, 2219220750, 3261239064, 2801189366, 2883406222, 3149390577, 3215394093, 2571606475, 39644991, 1216530130, 3203869964, 116991347, 2050195989, 2212153508, 980756969, 2883601526, 1551913444, 3689923436, 2900089680, 4157159640, 2067830025, 3498654801, 2466819050, 834661798, 1941864931, 1046271919, 3202770890, 1595869716, 1386529162, 3644066811, 4191591264, 4081787403, 2345969692, 4139462091, 776720139, 1717584880, 3148403255, 3345411936, 3655430346, 992002176, 749868954, 600389893, 3656765760, 1311267265, 683794410, 4064886438, 482303310, 2344558457, 581714275, 3919354805, 819135601, 2677633326, 4020510464, 141600036, 290138243, 951695007, 4284367348, 2233141998, 3569754928, 181258453, 3358320697, 3776095863, 285651304, 2234099891, 1224264001, 2298487528, 2558268524, 3541330749, 1362962660, 548947558, 3721714960, 2258264555, 3664374642, 3771067846, 1692420338, 2914851957, 1133704893, 4146638539, 3911363191, 350605101, 2080807070, 102872427, 2232524231, 4291369923, 3977992196, 3052122008, 1960305304, 2471459558, 1925448785, 2498829120, 159893670, 2029265336, 3746269315, 1824381949, 707921222, 1365468754, 524853453, 2874222996, 3013615043, 4169577033, 2800964457, 10653182, 584528354, 880362481, 3743570637, 86731408, 900015667, 2741912707, 35676425, 727809580, 497865334, 1301038857, 25145965, 430747274, 1579438247, 3061746750, 863282287, 2302523904, 1980745584, 1397631726, 997600519, 1131844194, 1780479542, 2844268495, 1328621369, 1242046040, 1937517681, 4148916435, 861380494, 262335932, 2545627903, 3230881297, 1901953600, 1045541129, 4069979607, 1931388600, 4221144756, 3298555889, 3473975488, 1416144408, 1339535222, 588274393, 3157406623, 2145850872, 603), None)
Loaded weights: 56.68310566956939, -11.057730944002293, -0.5228910848586548, -0.8064601951342434, 4.193539804865757
events: me found the exit, 
  ----
(3, (2487712195, 3648955318, 1466423055, 50397807, 1666343888, 2511704328, 4063240067, 1411200161, 249441046, 215924299, 4147468983, 369184313, 673957436, 3233669769, 3953640624, 1474675534, 1272101160, 1726887240, 1473131057, 4122283289, 566164156, 3220245133, 2729477656, 2543518525, 3927953030, 2701838321, 2370825124, 739506431, 3645707887, 3721071465, 4280779018, 367702970, 431816812, 375419574, 2759379898, 750922655, 1791404701, 2932021995, 1814078040, 2239757271, 2966796400, 146250477, 4026125507, 4281486869, 3089678906, 2688031430, 1886901039, 2089340451, 3306054326, 1168312045, 2504380986, 1430771088, 2688595076, 1190977079, 1420264803, 75475631, 4190234482, 371866542, 3886959026, 3009908908, 3850561773, 2166704296, 2862410120, 2246289057, 1787920227, 1820979840, 1973311719, 15414808, 1765957329, 890098284, 3942792056, 134648420, 3664771093, 1083223694, 1793313094, 2821187574, 3257691008, 1906378197, 2204763141, 1065902864, 1355005956, 3842767446, 3305994573, 1549803672, 926110059, 2939354588, 3370216027, 264759353, 256267553, 2921573446, 1742716234, 1660404549, 4127303557, 1838416292, 2919420723, 3526245514, 643282706, 2180036881, 3030045765, 1487340722, 239999541, 3197401014, 3548342318, 2064588547, 2578819501, 793936281, 1902707621, 3061386094, 3550206970, 2363646278, 199009971, 600290157, 164670721, 2177237157, 919415991, 750832770, 4047587924, 48465443, 2153995761, 480494596, 151253499, 3219430419, 1848980526, 2987487757, 252417621, 1535831936, 2207088128, 2699693353, 2858080544, 1509923561, 1168762090, 488264216, 912044822, 4086074058, 870561705, 3724354901, 1905642604, 1888207693, 1497206457, 3549525340, 217494481, 1893452911, 1687981807, 1988420623, 61181273, 3523604406, 541616404, 651047188, 960939624, 1958417451, 2507481901, 3855912600, 1496444181, 2292162200, 3002305906, 1921372235, 4151382307, 1430332897, 399538999, 3579007568, 2103755616, 2359357858, 2364644388, 3139277033, 1960732400, 3904980879, 3797445333, 668677661, 1010822223, 1875606375, 3539812300, 130051172, 1168594027, 2258915189, 4000104368, 2528222646, 3307901299, 3568124279, 1892704398, 4097370276, 3523574367, 2181277836, 2117294740, 544296927, 2350982215, 944868113, 546803820, 1370484470, 3533998453, 3141157284, 49458306, 4063167489, 2608205005, 1211269753, 3772356218, 3923909096, 442447728, 1273597902, 3095001016, 1323832468, 288963958, 2814895517, 3436820858, 2069690923, 1726682525, 2578735443, 1802533911, 3845800255, 1005886413, 1944612562, 508779563, 3516984241, 2351244822, 3981901436, 3592224817, 1326154775, 3684685720, 2923095234, 1554802008, 2393317721, 2760246440, 91676125, 3713320375, 3169435195, 2617532211, 1106039526, 1781911801, 1009840885, 1278163919, 2400282036, 2380214846, 1950195965, 1178939225, 2892647242, 4081655219, 2411543656, 1257344051, 4044513815, 1516045697, 1366647425, 632887709, 3133523388, 2344546932, 4158789187, 1721306467, 3512180976, 12965136, 3077978357, 3541659629, 714373700, 2156882958, 3878297359, 2209349432, 9959079, 3041314120, 102298267, 1102410003, 4178663505, 1731061795, 3017668005, 3837160630, 1357552478, 2539334752, 858485545, 4033012646, 2492585575, 2183067297, 3164220029, 3519235189, 1354360242, 2337683938, 4282031963, 1329516933, 65338213, 3634105469, 4072022317, 3095133027, 3960611207, 1598518364, 2492639327, 3481089739, 1922232037, 28855932, 2281352742, 3274427073, 4015392766, 2220719232, 705331783, 1029486868, 1913358765, 461531881, 2726949037, 3142308499, 1732292326, 2301696679, 4164421651, 317740294, 807554074, 340692851, 991289194, 3713559655, 792003539, 1837615246, 3869471001, 2855964953, 1636780901, 945165344, 1385762174, 2235487433, 2047283788, 991266514, 968211684, 3049569422, 357429542, 2470191647, 4130198981, 376037153, 2555891789, 3857309667, 2370160136, 1580513566, 630027493, 19576287, 3296807326, 1565320740, 1450926649, 3446731310, 2050090206, 3578041824, 1381859068, 3539307440, 1293494889, 3972055487, 899884196, 2584004852, 2794306184, 1900147036, 735176656, 3253494480, 2343332445, 4019170225, 698654765, 408874432, 3208079316, 2884001065, 310549830, 3365191744, 3611877531, 3738639239, 1881249768, 176831905, 1449270253, 325340868, 3849561570, 2178360657, 4040800215, 1700547735, 4216248839, 1024449466, 533054997, 2380013857, 1360380464, 1900254505, 3444193857, 2893911346, 3656712317, 3881633674, 125101088, 1819191288, 401757178, 1477739265, 399856513, 225451328, 1110440900, 1265065774, 1260354413, 3683551991, 3842983421, 3526393261, 2668319674, 2682857237, 1953670523, 1289588862, 1006306808, 2909470893, 124198668, 888121758, 500477789, 1226833694, 3123641695, 3274870053, 1056099627, 2677417836, 1988554192, 3129533782, 1331474424, 1456997755, 1309746623, 3549475640, 3654757198, 2365647492, 639426200, 4164604744, 523978061, 2989283669, 3955523678, 3995800266, 309263714, 2264821259, 630757585, 1460740755, 2386480706, 3186464398, 4285935909, 4076799550, 3225369567, 1078091089, 2342852682, 2060675958, 26982497, 2678225616, 1388438109, 4161634192, 2501889220, 3422374818, 2391787297, 3984696716, 828487679, 4098790386, 2118169717, 2250492507, 3074301977, 4077584449, 1115479303, 3398546721, 411271567, 2711898732, 2002074547, 1987624250, 1684830885, 4186236694, 2936110445, 1209937251, 3031639658, 2985829438, 2741671266, 1078378669, 3023246452, 3213584011, 1529602163, 4139728666, 525543196, 3557764009, 1887711722, 207617607, 3654322084, 3662165402, 88759968, 2726631808, 1425140207, 2318736433, 1733473105, 252095007, 82923143, 2255418172, 3003711307, 639541304, 444205819, 2881187275, 1614255979, 2691463376, 4116537518, 3055439456, 2767475266, 2952594337, 3362394484, 519250128, 833383610, 2355082245, 295580499, 1119140128, 3564602052, 1432588896, 341562836, 1036130806, 2717309546, 1719044511, 1016114166, 1957427255, 2283846374, 3915338063, 1416860275, 2507977269, 1177342602, 2842298438, 3213061255, 2102264836, 3711685706, 2229142327, 2878745566, 2997409170, 2434292104, 2859063294, 413928269, 1781856911, 1077168057, 4212993365, 3861861902, 3338689479, 2102592460, 1733791740, 2260836047, 218309060, 1248865242, 423273407, 3112198352, 297336349, 2004013708, 4279865581, 2903693662, 4021060283, 2781606407, 103060524, 110148339, 151442249, 1511072212, 2814566409, 352779273, 2197028566, 2900818537, 3916417422, 3723009689, 632756727, 2851811518, 3620562670, 3130127411, 948606779, 1366726474, 3856394321, 148502605, 4241232578, 3686759083, 1840361795, 3944549214, 2631385401, 2849494485, 2110210889, 917122412, 902911958, 801168215, 516213172, 813175709, 639210714, 3204503127, 4125612603, 763715169, 4039219526, 1064070740, 2657320224, 3536031216, 2948288206, 25474760, 1080133558, 130833758, 1898197020, 3146224540, 2181814062, 266672454, 601632141, 1553795475, 2202892040, 491465143, 4258578535, 3717055203, 4294529970, 1216084798, 1703478050, 3394405279, 3005870614, 3642054575, 2770527005, 2428288416, 1944954608, 3552956718, 3118165839, 3201693820, 2541376651, 1438949754, 1151696166, 2140535826, 1921296666, 902495451, 3575863096, 1363648262, 474718783, 2900116752, 325881594, 588472505, 1047676662, 2311306012, 1670689525, 2120786997, 3335766101, 622766516, 3221965521, 1921440586, 1034312460, 3326273746, 1940116389, 3725113822, 3266977327, 3586507149, 2168944471, 2494325674, 1683749889, 1959999556, 1097578104, 2763708741, 1422302759, 3095261399, 4261834851, 1033456710, 816784644, 3321039173, 333), None)
Loaded weights: 58.73565667360219, -6.42023359777602, -0.5228910848586548, -0.8064601951342434, 4.193539804865757
events: me found the exit, 
  ----
(3, (581858404, 556525664, 1096751782, 3165248364, 751179292, 405433430, 3963449282, 3041119454, 1956868004, 1287196494, 3227970209, 2464910613, 2630801738, 583188683, 3855364069, 2550450714, 3422628737, 1074835449, 1676479884, 278732815, 223686099, 730540154, 3546188064, 3937246611, 2605461882, 3198847554, 1511948388, 2119397450, 2036527690, 2450679049, 2073357858, 4170191812, 1970310446, 2485104518, 2019001609, 1600185808, 3423985837, 3162629133, 2201275579, 4191065684, 2852537882, 3633113988, 2197679472, 2777712139, 4280119310, 2838328363, 335540644, 2474579301, 1488168651, 1256466864, 3734044348, 2947235017, 2707242935, 1172589940, 2221163156, 3908032528, 999369789, 1065933470, 2153992178, 830599475, 1171847924, 4157304132, 2399701600, 1718948703, 1360415249, 2898343603, 75814283, 734489739, 2844661373, 329235844, 1585005513, 528752926, 8372268, 2501745779, 3780023125, 3607657376, 1160536183, 926986620, 2544771324, 915587282, 53055889, 2010232956, 2142118687, 3223691594, 3287219242, 2820380562, 3400569111, 2741601209, 3068595273, 362370874, 2497968779, 3601046314, 4276795956, 1733724169, 1029999670, 3327617468, 3755753181, 1781519035, 3553685214, 3814832577, 3262246801, 3982604064, 1327043712, 662352283, 1606003099, 198567667, 59805434, 66656114, 105215770, 670813907, 1858355047, 1524678040, 3837309761, 2772019576, 2426534030, 899908846, 2450085908, 2147728792, 4157702866, 2352068159, 4052233306, 2281900794, 756207751, 824310094, 2282653127, 132262700, 3488419000, 1546371033, 2951109759, 2232816252, 462148869, 2581440349, 2501951244, 697737861, 1780399340, 1568538561, 146170311, 1650135405, 2472103581, 3891887628, 4027826594, 1318920185, 2861775509, 1679189169, 4072508784, 1033209289, 4168750036, 2155127309, 176353055, 4000670208, 1145072160, 3225489795, 730797083, 1203572493, 3492957031, 2225712276, 1286141048, 1728534399, 120387401, 2389965046, 960239237, 3625694002, 373683547, 3587472822, 2901190096, 2823094787, 3442046607, 4130567908, 359309040, 2876590280, 1275408244, 2550609767, 3334971126, 4101712080, 1444145004, 105461761, 785633927, 2274452469, 1919389548, 2508394194, 2337495001, 3425722204, 1344618655, 976929249, 1436338423, 1671851718, 4212270677, 159488810, 3813202094, 3590521546, 4124808101, 2417413023, 2189692401, 1122525735, 1094447151, 2550975616, 1957910753, 7821795, 3416805210, 468717633, 2851611304, 1478400587, 1835366102, 3387525348, 3954844739, 711151233, 2391489012, 83474408, 1265822755, 2877769158, 2006592981, 900808878, 2829305568, 817639144, 726184793, 2894634139, 3283161547, 168677037, 3934787639, 321434668, 2131298164, 3815001123, 2130812693, 688713509, 1567565109, 2629664167, 1122222304, 2645645660, 648239802, 129008569, 1606400973, 2532061551, 236931571, 210850244, 4070396650, 2295535970, 3979906714, 876665022, 593071242, 387638619, 1067459093, 2685621983, 2063430116, 642063855, 1757118337, 596633348, 2452524202, 4258343674, 2126583128, 3541647143, 3154635, 3667644134, 1743372750, 1086186176, 2757212632, 3232823836, 932346366, 2433395436, 2021022153, 120306549, 4234863145, 1945768761, 2684218523, 4096037246, 1874968545, 1530070836, 1049310133, 1542411519, 2966427997, 2270622081, 1124432249, 25864211, 836221254, 2797160261, 1932309804, 2642865061, 2783283628, 2972927122, 1022023737, 1609241613, 2779089625, 2226677162, 3943862019, 3272374658, 1210308961, 3259888050, 4253810895, 1534502526, 1472600397, 465637323, 3996736470, 2512065415, 3747701184, 2568284167, 3469989981, 3774233854, 193895305, 3445011631, 34524843, 3084601024, 1536142661, 3616372498, 2102490099, 2302253092, 3733955601, 2340760300, 534660717, 2562607914, 181547354, 1646583926, 3707731768, 3641483885, 3804065537, 1512452295, 1098373508, 1692095238, 2159677379, 2132780453, 2416015406, 2448484027, 3969417892, 2767808006, 3826765171, 2977582543, 3625636728, 4117272521, 2658749358, 3906184545, 2219771998, 1717817688, 3640562800, 4040259995, 1359246497, 244509312, 1354746422, 2128973748, 840121659, 1311903247, 2252224617, 175625798, 1759726001, 2626588270, 708327172, 1592968799, 3376608059, 3550208754, 2124248749, 132845894, 4027826446, 2975825544, 2199405671, 2176623269, 895220189, 370028239, 3176125677, 1145096939, 565825440, 1158428888, 255325320, 180756291, 1092371357, 3417818791, 3805303358, 1586015070, 2544443788, 3774336344, 2755857436, 3324285534, 1164195332, 529648586, 4143218094, 4094002128, 478312491, 3720985667, 1022603108, 3192724155, 100298785, 3025200169, 2412034142, 4252186446, 2760699247, 4133258072, 2572430952, 3272983793, 615831801, 492512134, 428941191, 498329866, 1543798082, 4006871830, 329624572, 2737288806, 3540415723, 3496805412, 2442993944, 2802723986, 360016584, 1707964136, 4109148864, 2152197044, 2809481116, 1779338952, 3504089720, 2932674290, 4067632090, 91358729, 3702812771, 287625219, 133473259, 3802489097, 1025877696, 191497136, 2232796811, 2188223818, 4036408858, 442582745, 3553726191, 2293376542, 164865904, 2371170457, 2994742230, 2101170151, 3531811554, 290323760, 3728214700, 3177749916, 3662183265, 2480892753, 3191238830, 4152107812, 192817207, 188159164, 3528823005, 852186043, 3518023664, 1537263893, 1227188416, 1285976904, 2660224291, 2489431403, 4264829057, 3595506999, 3067154350, 2605515732, 1538819100, 329500862, 154222102, 3116631278, 402197701, 1147011224, 1722121387, 3999268926, 3841942866, 3720646428, 2975406734, 1267155063, 1159048425, 1325217549, 1704752455, 2450356020, 3861952691, 1813428026, 329453310, 3994023684, 4107016132, 1884740758, 2200916217, 3010798639, 1224748469, 1791708556, 1558949304, 867457201, 1911934501, 1557708197, 2581865024, 834176304, 3419343226, 2669103126, 190605200, 1186176350, 1787175842, 3471208680, 3399291126, 695432453, 2180106201, 2454040025, 425979534, 1597484781, 2011844170, 1918563555, 118876312, 4235679268, 941977201, 708720534, 2636534371, 3463912287, 2848660388, 2556610621, 1413594620, 1753469839, 3996478337, 639131347, 1222139612, 167199796, 136435601, 2557279820, 754761482, 1596790757, 4195476556, 3636021501, 1499727418, 245516675, 3883263071, 1746526671, 1203148310, 2249381532, 544761485, 1220354943, 3274866472, 834637890, 1392091611, 2378273355, 2058801496, 2516927218, 3764266053, 2296843888, 1682999323, 1526092334, 418822905, 166106932, 2126866359, 358389813, 2675487411, 1949889818, 1560150508, 3483355672, 1251978195, 1998207951, 73985684, 3705366112, 2935045453, 2930225658, 1364580009, 1473863552, 3002924944, 2011851093, 2326130701, 4134545743, 705805170, 3950356905, 810480862, 3407223061, 1944079421, 2105677420, 655997582, 3157247229, 970319474, 3620678368, 2578497379, 114938822, 1313911268, 1888422381, 2097389851, 176235829, 1408354241, 3342586878, 1300585189, 3758485416, 734575224, 731810944, 2304762459, 1855988695, 609596252, 23191412, 1675029721, 3268886687, 226398104, 3666656620, 1950267821, 4274141324, 1582329887, 3300460437, 1839342204, 3831285976, 442942694, 3716312594, 1612992510, 1666120974, 4101847214, 3683780275, 3714409964, 3174599184, 2287207131, 862875100, 3494555862, 215118201, 2534460233, 3922550485, 4041498206, 4097872270, 2079678086, 2257780625, 3972157025, 3170330006, 3440609676, 2434242008, 3729933095, 1146467426, 3646480311, 1627492768, 822056168, 4246721421, 1460474451, 4071903576, 668628264, 2092017278, 1703010155, 3771618352, 638713554, 890108933, 2392957447, 2311762842, 486480111, 1143099642, 36), None)
Loaded weights: 53.61392628624885, -6.42023359777602, -0.5228910848586548, -0.8064601951342434, 4.193539804865757
events: 
  ----
(3, (155622263, 2570877369, 1485231145, 3448971047, 4197767263, 153396122, 2517830508, 2982074517, 1780153596, 701213394, 681233953, 111786991, 1929014257, 2043749603, 2509420032, 1904229052, 2760145390, 2190719472, 758047423, 2101163464, 384961101, 4243679302, 3224858922, 2653516833, 2861840300, 1878378837, 4256743098, 293498962, 3942559373, 3532538355, 1545892385, 3619781545, 3318724951, 886286062, 793886648, 22743523, 1890081873, 165041811, 3778922687, 1441902309, 306014394, 815908143, 3239055247, 70652729, 2016451317, 191583671, 268447950, 3096752257, 3950516066, 3014087620, 324668957, 508059176, 4159914686, 1450606918, 1719602739, 4287226779, 1591622374, 2925687281, 2603220638, 254065504, 2791116555, 2318042396, 1612852979, 1805536258, 3265496949, 1083230801, 3757956893, 3144348286, 4164387963, 1577983260, 1371997471, 3542123003, 2755106196, 1193450625, 522439134, 2107317998, 1461252428, 801036523, 2518815693, 2657100866, 381219253, 3322416787, 4185917666, 1104576724, 2663220939, 2175197893, 4005093433, 3037803984, 1516715075, 3881195922, 3757970785, 879081456, 1263125680, 3006262311, 786228431, 3607791432, 3939495817, 610376168, 893684760, 4283996623, 369131270, 3483699234, 1166207269, 910424158, 1018188939, 3325680031, 1644157625, 3244027190, 2538123575, 2989131604, 4016829522, 1961457583, 3790881540, 1440548613, 2410098834, 1498901707, 1083146710, 2499111219, 3921373226, 542944414, 1396076940, 2955030846, 1653467777, 3551328368, 2457576394, 3531433666, 3409078375, 446409126, 2472292176, 1790183243, 2713673848, 3563426906, 1187629808, 1887892211, 1395861519, 2359428907, 3124501039, 2749973773, 1739455099, 3201880634, 2540532651, 1307919599, 77154116, 3776381332, 1074938882, 2202330098, 3027067636, 3523755068, 2401773093, 4249757073, 616143312, 405026464, 3972525975, 1735778545, 4108789500, 1155681139, 2110050853, 2019285484, 1395682100, 213037795, 2267355894, 417533862, 3994218139, 2422368564, 3434111343, 2986956783, 38003503, 3325260644, 1362461732, 3985566244, 3752255961, 2900197997, 2742165458, 4009409396, 3719658663, 3440108270, 3161752433, 2975549707, 243153252, 3963187948, 2307285013, 1791359083, 3503914847, 3117378480, 2500787737, 1473107643, 1645224592, 1773193355, 2335384914, 3363119875, 2270308073, 3067338639, 3484417866, 1938809029, 2094417453, 4189370932, 872566880, 3612399374, 3016970334, 4122894190, 3383681827, 4269476683, 2930687935, 1620118745, 3435360485, 952986302, 4224527995, 1319826606, 1063591454, 1962940959, 1588416978, 290674291, 3682833447, 2939369871, 3743986601, 2157434063, 1190016064, 1843520369, 3890254982, 3826405723, 3615364408, 1353488978, 3021500929, 794503474, 3157584282, 1858667862, 1505861766, 1815304250, 4239330864, 1689238116, 460884186, 2253003953, 3170766808, 1049804373, 2484124769, 584528696, 3880866661, 2317310551, 4022587453, 2041845628, 204446431, 3058238526, 3767720355, 1286610250, 2459699375, 1362809578, 172901320, 3765715441, 2792424127, 2449280120, 50971702, 4291768545, 3964394651, 726889967, 89655163, 3602120281, 5062566, 3197341872, 3849958666, 807871295, 3802076206, 3029477647, 3625727767, 1057096692, 2915197257, 428564808, 2461308271, 3062605892, 2037657407, 362296312, 3350342194, 929618321, 1672404724, 1704924962, 4209521101, 2505086830, 3755753276, 2507881252, 2990481612, 2881781575, 1424150918, 2768498192, 2456763723, 3007592871, 2047381907, 155638017, 2537632050, 1184614254, 43652986, 3746709294, 473150166, 2162497174, 2347109462, 2418376472, 743322316, 1634719761, 1238641640, 130627755, 58507801, 2527788837, 1588553164, 2375458551, 2329386286, 1396764882, 446885353, 691837129, 2504136651, 608537621, 3265735606, 1535586627, 253733253, 3944474953, 1137370383, 2779431339, 3378897713, 2609205940, 1888238504, 1917829342, 3205613011, 52525958, 714798065, 3604862471, 97006967, 592833929, 1533421111, 3913861802, 2596221619, 170287275, 591514486, 2958613882, 2151551795, 172992759, 554796221, 2799592750, 683217745, 2965190204, 3254905722, 811097607, 3564237045, 1025237034, 88043606, 2693775002, 996977705, 2934948040, 2272137502, 185539036, 612947641, 3054966742, 1163188712, 1599474600, 2369715429, 288797387, 3715684211, 4284539802, 2546717546, 3267784641, 1750493671, 2666205117, 1981231245, 4267152771, 124852368, 851642912, 3892663431, 2375602024, 1590318608, 170709780, 1455679097, 3143607254, 2351854457, 442023018, 365308769, 2610728556, 3091117050, 2707027237, 1171662907, 4095089608, 939871188, 3809767646, 3561980127, 1840383867, 1846806604, 2015761828, 2773399166, 4098428844, 1499654838, 652463769, 2731289670, 3512701061, 3182660563, 2998764398, 2056985765, 14886765, 2891395154, 2886629559, 643305656, 336015285, 1103452086, 1477481198, 172428864, 1301643768, 1299402190, 2424663044, 4004956463, 2546666048, 1432674429, 112480625, 691582331, 2807611160, 1998521387, 4173875591, 3030956142, 719290899, 4175129803, 2098020723, 187525848, 620998140, 3851029061, 925854954, 4007178415, 3989917223, 3358543629, 4125300056, 197244027, 2797752397, 1012205356, 1631523897, 2025251148, 3162835444, 363484796, 1380129373, 326304719, 1565698540, 4141995667, 3002155178, 3910520765, 110430937, 3207352279, 3893434648, 394022795, 3157502438, 92292554, 1452344430, 2665233480, 3884512321, 1304522363, 3575302203, 2714202851, 1672501351, 2459227715, 1137892760, 3811662114, 1652971322, 4178962963, 1166915610, 4125277104, 840913607, 2017724817, 985219560, 561149554, 3779769524, 993176708, 1967146161, 539852650, 363706330, 3938185813, 507057401, 3299499363, 776054331, 900000460, 558958583, 2086511304, 3439981265, 790127701, 2247495548, 4062095453, 3640660914, 1703839958, 16907785, 1507325823, 907159786, 1190141011, 3914291823, 2698596556, 3131224730, 2459946544, 597604980, 3243934669, 1029973416, 1786892928, 1438069967, 2283919581, 1786952924, 3126161714, 2559885743, 37590865, 4114390363, 1401182657, 2883885985, 3282455907, 4189339254, 3510546107, 962735707, 3295458574, 161262291, 1436554290, 2175797683, 1653549564, 833619514, 3072832612, 1212043923, 3413355642, 3363855351, 3390532408, 819305045, 3057919959, 3814019047, 3232415580, 2580619487, 2012486368, 2224065587, 1566603343, 2399758460, 688778656, 3321778984, 972642847, 3713571117, 2137240787, 562144411, 3255533484, 3032677762, 3541474035, 3404381495, 305701151, 1943631873, 1084915213, 3107650646, 1471986670, 1316700962, 1320723061, 2025788112, 1295800136, 1038430932, 2496223834, 3667879935, 98032890, 2791157582, 32958714, 3397386029, 4277920384, 65054122, 1250931033, 1663072609, 1396335935, 768735861, 3672583811, 3090492278, 2450071059, 1620831541, 1886571339, 2731010938, 3620150134, 399177894, 1882299016, 1565217035, 330619753, 4282662765, 2111096406, 1211148799, 1691454975, 146354977, 1140248546, 3894404767, 1593971999, 1156873041, 1216954828, 3253452489, 2537058228, 3723961963, 277846629, 522621438, 673020292, 3101518336, 1942364299, 3694881003, 2654608984, 505731331, 1671250427, 2843293529, 3303704208, 4167470876, 1858722703, 76129091, 4278384424, 4144297650, 1521658490, 2978623868, 899303095, 1371551476, 1923526077, 389328873, 1890988752, 2973961464, 103610142, 3931889452, 4010054090, 4074371513, 3977884630, 2200910746, 1125692430, 1955298563, 3777980727, 3910045132, 1699886306, 2038208543, 3200304679, 3611610796, 4256878986, 953340887, 181666929, 3043262329, 541917664, 2722391770, 2536069207, 3698240210, 389), None)
Loaded weights: 50.1770047984406, -18.44551580862921, -0.5228910848586548, -0.8064601951342434, -3.3344841499330586
events: 
  ----
(3, (155622263, 2570877369, 1485231145, 3448971047, 4197767263, 153396122, 2517830508, 2982074517, 1780153596, 701213394, 681233953, 111786991, 1929014257, 2043749603, 2509420032, 1904229052, 2760145390, 2190719472, 758047423, 2101163464, 384961101, 4243679302, 3224858922, 2653516833, 2861840300, 1878378837, 4256743098, 293498962, 3942559373, 3532538355, 1545892385, 3619781545, 3318724951, 886286062, 793886648, 22743523, 1890081873, 165041811, 3778922687, 1441902309, 306014394, 815908143, 3239055247, 70652729, 2016451317, 191583671, 268447950, 3096752257, 3950516066, 3014087620, 324668957, 508059176, 4159914686, 1450606918, 1719602739, 4287226779, 1591622374, 2925687281, 2603220638, 254065504, 2791116555, 2318042396, 1612852979, 1805536258, 3265496949, 1083230801, 3757956893, 3144348286, 4164387963, 1577983260, 1371997471, 3542123003, 2755106196, 1193450625, 522439134, 2107317998, 1461252428, 801036523, 2518815693, 2657100866, 381219253, 3322416787, 4185917666, 1104576724, 2663220939, 2175197893, 4005093433, 3037803984, 1516715075, 3881195922, 3757970785, 879081456, 1263125680, 3006262311, 786228431, 3607791432, 3939495817, 610376168, 893684760, 4283996623, 369131270, 3483699234, 1166207269, 910424158, 1018188939, 3325680031, 1644157625, 3244027190, 2538123575, 2989131604, 4016829522, 1961457583, 3790881540, 1440548613, 2410098834, 1498901707, 1083146710, 2499111219, 3921373226, 542944414, 1396076940, 2955030846, 1653467777, 3551328368, 2457576394, 3531433666, 3409078375, 446409126, 2472292176, 1790183243, 2713673848, 3563426906, 1187629808, 1887892211, 1395861519, 2359428907, 3124501039, 2749973773, 1739455099, 3201880634, 2540532651, 1307919599, 77154116, 3776381332, 1074938882, 2202330098, 3027067636, 3523755068, 2401773093, 4249757073, 616143312, 405026464, 3972525975, 1735778545, 4108789500, 1155681139, 2110050853, 2019285484, 1395682100, 213037795, 2267355894, 417533862, 3994218139, 2422368564, 3434111343, 2986956783, 38003503, 3325260644, 1362461732, 3985566244, 3752255961, 2900197997, 2742165458, 4009409396, 3719658663, 3440108270, 3161752433, 2975549707, 243153252, 3963187948, 2307285013, 1791359083, 3503914847, 3117378480, 2500787737, 1473107643, 1645224592, 1773193355, 2335384914, 3363119875, 2270308073, 3067338639, 3484417866, 1938809029, 2094417453, 4189370932, 872566880, 3612399374, 3016970334, 4122894190, 3383681827, 4269476683, 2930687935, 1620118745, 3435360485, 952986302, 4224527995, 1319826606, 1063591454, 1962940959, 1588416978, 290674291, 3682833447, 2939369871, 3743986601, 2157434063, 1190016064, 1843520369, 3890254982, 3826405723, 3615364408, 1353488978, 3021500929, 794503474, 3157584282, 1858667862, 1505861766, 1815304250, 4239330864, 1689238116, 460884186, 2253003953, 3170766808, 1049804373, 2484124769, 584528696, 3880866661, 2317310551, 4022587453, 2041845628, 204446431, 3058238526, 3767720355, 1286610250, 2459699375, 1362809578, 172901320, 3765715441, 2792424127, 2449280120, 50971702, 4291768545, 3964394651, 726889967, 89655163, 3602120281, 5062566, 3197341872, 3849958666, 807871295, 3802076206, 3029477647, 3625727767, 1057096692, 2915197257, 428564808, 2461308271, 3062605892, 2037657407, 362296312, 3350342194, 929618321, 1672404724, 1704924962, 4209521101, 2505086830, 3755753276, 2507881252, 2990481612, 2881781575, 1424150918, 2768498192, 2456763723, 3007592871, 2047381907, 155638017, 2537632050, 1184614254, 43652986, 3746709294, 473150166, 2162497174, 2347109462, 2418376472, 743322316, 1634719761, 1238641640, 130627755, 58507801, 2527788837, 1588553164, 2375458551, 2329386286, 1396764882, 446885353, 691837129, 2504136651, 608537621, 3265735606, 1535586627, 253733253, 3944474953, 1137370383, 2779431339, 3378897713, 2609205940, 1888238504, 1917829342, 3205613011, 52525958, 714798065, 3604862471, 97006967, 592833929, 1533421111, 3913861802, 2596221619, 170287275, 591514486, 2958613882, 2151551795, 172992759, 554796221, 2799592750, 683217745, 2965190204, 3254905722, 811097607, 3564237045, 1025237034, 88043606, 2693775002, 996977705, 2934948040, 2272137502, 185539036, 612947641, 3054966742, 1163188712, 1599474600, 2369715429, 288797387, 3715684211, 4284539802, 2546717546, 3267784641, 1750493671, 2666205117, 1981231245, 4267152771, 124852368, 851642912, 3892663431, 2375602024, 1590318608, 170709780, 1455679097, 3143607254, 2351854457, 442023018, 365308769, 2610728556, 3091117050, 2707027237, 1171662907, 4095089608, 939871188, 3809767646, 3561980127, 1840383867, 1846806604, 2015761828, 2773399166, 4098428844, 1499654838, 652463769, 2731289670, 3512701061, 3182660563, 2998764398, 2056985765, 14886765, 2891395154, 2886629559, 643305656, 336015285, 1103452086, 1477481198, 172428864, 1301643768, 1299402190, 2424663044, 4004956463, 2546666048, 1432674429, 112480625, 691582331, 2807611160, 1998521387, 4173875591, 3030956142, 719290899, 4175129803, 2098020723, 187525848, 620998140, 3851029061, 925854954, 4007178415, 3989917223, 3358543629, 4125300056, 197244027, 2797752397, 1012205356, 1631523897, 2025251148, 3162835444, 363484796, 1380129373, 326304719, 1565698540, 4141995667, 3002155178, 3910520765, 110430937, 3207352279, 3893434648, 394022795, 3157502438, 92292554, 1452344430, 2665233480, 3884512321, 1304522363, 3575302203, 2714202851, 1672501351, 2459227715, 1137892760, 3811662114, 1652971322, 4178962963, 1166915610, 4125277104, 840913607, 2017724817, 985219560, 561149554, 3779769524, 993176708, 1967146161, 539852650, 363706330, 3938185813, 507057401, 3299499363, 776054331, 900000460, 558958583, 2086511304, 3439981265, 790127701, 2247495548, 4062095453, 3640660914, 1703839958, 16907785, 1507325823, 907159786, 1190141011, 3914291823, 2698596556, 3131224730, 2459946544, 597604980, 3243934669, 1029973416, 1786892928, 1438069967, 2283919581, 1786952924, 3126161714, 2559885743, 37590865, 4114390363, 1401182657, 2883885985, 3282455907, 4189339254, 3510546107, 962735707, 3295458574, 161262291, 1436554290, 2175797683, 1653549564, 833619514, 3072832612, 1212043923, 3413355642, 3363855351, 3390532408, 819305045, 3057919959, 3814019047, 3232415580, 2580619487, 2012486368, 2224065587, 1566603343, 2399758460, 688778656, 3321778984, 972642847, 3713571117, 2137240787, 562144411, 3255533484, 3032677762, 3541474035, 3404381495, 305701151, 1943631873, 1084915213, 3107650646, 1471986670, 1316700962, 1320723061, 2025788112, 1295800136, 1038430932, 2496223834, 3667879935, 98032890, 2791157582, 32958714, 3397386029, 4277920384, 65054122, 1250931033, 1663072609, 1396335935, 768735861, 3672583811, 3090492278, 2450071059, 1620831541, 1886571339, 2731010938, 3620150134, 399177894, 1882299016, 1565217035, 330619753, 4282662765, 2111096406, 1211148799, 1691454975, 146354977, 1140248546, 3894404767, 1593971999, 1156873041, 1216954828, 3253452489, 2537058228, 3723961963, 277846629, 522621438, 673020292, 3101518336, 1942364299, 3694881003, 2654608984, 505731331, 1671250427, 2843293529, 3303704208, 4167470876, 1858722703, 76129091, 4278384424, 4144297650, 1521658490, 2978623868, 899303095, 1371551476, 1923526077, 389328873, 1890988752, 2973961464, 103610142, 3931889452, 4010054090, 4074371513, 3977884630, 2200910746, 1125692430, 1955298563, 3777980727, 3910045132, 1699886306, 2038208543, 3200304679, 3611610796, 4256878986, 953340887, 181666929, 3043262329, 541917664, 2722391770, 2536069207, 3698240210, 540), None)
Loaded weights: 46.88825047861582, -25.29086001098985, -0.5228910848586548, -0.8064601951342434, -5.806460195134243
events: me found the exit, 
  ----
(3, (3448119021, 4279030923, 4065640116, 2841743678, 3558292937, 3854519449, 1444730581, 543792643, 307332120, 2759680692, 1023726128, 3614081292, 1562929961, 3194086254, 1377804109, 3935916092, 1011129739, 3300043608, 463288088, 2012987324, 156752073, 2395146298, 1003308264, 2640663771, 454115629, 891153190, 4001196132, 2418204853, 2440070175, 2410440835, 242025727, 3997514248, 137021738, 81517587, 3304562114, 1472022628, 789764924, 1082366781, 4117065076, 3056794506, 1766411088, 2935814291, 1730154661, 2693838959, 3391889002, 2531009583, 1657412830, 947742154, 2362008025, 1902298418, 1821669235, 2842523420, 686398779, 1225158372, 3293189672, 2524641120, 3417583677, 3094758655, 1972178807, 4066524875, 2141979494, 3362509268, 3565523637, 2204884961, 2348847430, 2530943035, 1209585381, 262701239, 1899895415, 1967222579, 2665043481, 1740578822, 3687381352, 1942767143, 4089740710, 76815603, 186766294, 1611075940, 2519728531, 3084533971, 3138210207, 622326542, 1459185792, 3500568553, 815045586, 1317900303, 3760859250, 1722081486, 271947453, 934099362, 1733754448, 1327837400, 3576197635, 1179064933, 1091043192, 1446655529, 3399748955, 413127005, 1402495331, 411330114, 2352357296, 946833710, 3801465433, 1450062881, 2205577803, 765192333, 691100744, 2265775222, 3634711065, 356176853, 3536588082, 2279445990, 3151520206, 3433051187, 1025727821, 3931155411, 2745671187, 3264844738, 3011189160, 3912337306, 2176858176, 2679791487, 2907107339, 341682602, 3862420253, 3583797580, 2293467131, 811027895, 822749783, 1874593007, 1270050486, 2708445908, 361313316, 1669840427, 1437798013, 3593346263, 3139791448, 2859742191, 2790692171, 2231546596, 2978566538, 1291059671, 1211404826, 758478153, 1011303213, 3472878368, 3013310945, 3679158071, 1106382169, 1403659282, 3329090685, 1368434068, 3914523917, 1895572007, 2556029959, 4107320562, 301733507, 4085193497, 660914904, 2442892136, 753560294, 3732081881, 3942047712, 681024286, 3620135822, 2820201408, 2119362745, 2066618747, 3380824703, 2333017701, 2270615574, 896041494, 2143579803, 3022307694, 2392463336, 2553341048, 2236706571, 263609726, 4160161727, 1257500513, 832400001, 2716570901, 1136731174, 4220696151, 1244868994, 1120809411, 1911274609, 2611186929, 3809933405, 3107775056, 1796761665, 2738714933, 413781921, 3383380038, 945028697, 2768494360, 3702299957, 56296021, 3411353291, 3359999993, 3086287758, 3170452157, 4269054298, 3487513213, 3978672551, 2730676476, 2366547323, 4038467269, 1364280425, 3259964223, 311304316, 4157722306, 3122286875, 397639740, 810407796, 103100098, 3599030648, 2368769124, 1011177182, 2516966166, 1350868734, 2312146350, 3804883936, 1045919021, 3575702641, 3150546964, 3933669071, 4090599925, 2371553721, 4293458649, 860630969, 2322086437, 603890540, 3306960954, 1895958431, 3102842229, 2021293888, 3555560177, 2880473778, 3258390169, 2772787569, 3143516995, 2361482905, 2885822723, 2888811053, 515512060, 3737726875, 3278367049, 3325922822, 2051647219, 998931572, 4097580991, 4189905166, 1977211654, 578006854, 3512081356, 2430968027, 2094128762, 794696520, 962937661, 3348789323, 837891734, 138168734, 2700827463, 205925273, 1698141980, 3984011176, 2365320208, 2754666863, 1157170620, 1647076472, 4227559696, 2752753598, 3333862631, 1926573693, 3811016263, 1004492960, 898361109, 1703409760, 1117320696, 1535613420, 343226450, 1456495468, 800639019, 635279520, 2116917230, 2435833212, 2128677083, 3888303683, 2593934302, 2199475370, 3388184429, 3737755575, 507500419, 2786581600, 1439960963, 4021109689, 107972554, 4125290315, 3030338446, 3960453507, 3064967985, 1832150170, 2675447293, 3985763807, 93960873, 2096117254, 2589908036, 3520912240, 3363703965, 2082679698, 3363395978, 3310370821, 496003381, 728123796, 1752402793, 243980749, 3788942438, 246779163, 1500363556, 4095820217, 2599114012, 3734532146, 2116005535, 742110216, 2278508773, 3298813640, 2643917323, 541321107, 998406943, 2319536261, 183894218, 1056234010, 3831850303, 2672977768, 3114647460, 3558755337, 1643922839, 3645924851, 3108493797, 3706186622, 4187863942, 4247210935, 3759183516, 2266898220, 943178283, 4063890545, 3815396532, 2953927339, 852573862, 3318628368, 1367539835, 2855016577, 3277221454, 3359427208, 3693719163, 4190188526, 2846901807, 122478794, 1446099052, 2061908795, 4172879073, 2430761827, 3560980816, 2942458469, 339728040, 2561499919, 1855379689, 30957538, 3688839029, 553333375, 1616386768, 123445613, 1215880483, 3779097299, 502311091, 1646271613, 893555917, 3191936758, 3730366763, 1290742005, 2331948856, 2398370596, 2102223832, 2030455946, 906155259, 1614605301, 3946520528, 2267925870, 246669677, 2985212023, 3253566375, 1729582916, 763289829, 3894754942, 3915506084, 2802274066, 2188730166, 329401066, 1501415548, 3160831852, 1623835552, 3553976664, 1995157482, 2514797849, 2053369309, 1499443437, 3541719115, 75956489, 429226001, 938854273, 4015404856, 2772443557, 1954351389, 2300729871, 1222331808, 3802879013, 3313270985, 1289580281, 3853965560, 3009135338, 3837498555, 795494369, 2189827747, 2865510550, 4144918125, 3590783747, 4246743216, 214990668, 1858447458, 3782635147, 1331552817, 4223299753, 1619849850, 720644982, 3620721501, 3058145203, 3224942438, 3922205233, 4175066110, 1023083019, 1059309904, 3974751293, 695000730, 1052072102, 4121845616, 2127906810, 3234219264, 3896107874, 3545319281, 1326735024, 1889706407, 3641660441, 3498466071, 869695561, 678542766, 3803470381, 603264128, 3134021759, 2120742190, 1723116221, 1628747818, 2988918424, 3559863989, 100249682, 283972828, 203388251, 3214349335, 855535719, 3002044413, 328097972, 1655390424, 474026306, 1053739882, 2951209104, 3036334701, 3821136168, 2389260052, 4013231050, 1137467384, 3631662830, 1914636064, 2349286017, 3651815363, 756974400, 2533091953, 1742164457, 4074410251, 2183273518, 2502169903, 3585738025, 292328192, 2960475924, 895571167, 795677282, 1425702224, 3355703475, 2599940630, 2267115051, 1434732604, 51319573, 1357083898, 1054972913, 286216889, 2891666195, 348155038, 1514206949, 1075069918, 3915555268, 1936297297, 3538965775, 1087778108, 3209685531, 319127112, 2520981495, 2274857453, 1333554030, 4175649242, 1387487659, 695276367, 431711165, 4069599920, 1999316503, 710499945, 2982902659, 324765181, 1029122332, 3439986261, 3972976112, 2646055228, 1661336505, 1032129935, 2776479350, 3316496863, 2260968047, 3120727687, 4014189836, 3262630519, 4096184546, 3821956001, 56815711, 553837753, 2620688457, 1281439664, 4076370881, 1313798502, 3847943277, 2338107641, 3675981769, 1658263617, 3599180528, 2628662856, 137299200, 1894039894, 3247206320, 4031764549, 3536272730, 728794623, 462812535, 1427593121, 2944407916, 2806688300, 235448318, 1154257250, 3344362238, 2813986520, 72826309, 2005376350, 1690931913, 3705416774, 1293407500, 1905763708, 2202357596, 3598625943, 1519860495, 4220349809, 3307347276, 344014333, 1578125444, 3189941315, 3745045326, 685206034, 1799138001, 3067886786, 2141887089, 2945118440, 3682964255, 412317811, 2223657839, 2123245179, 1326194734, 2430804465, 1874701809, 4126422578, 1985200215, 3256732774, 4081003535, 2158023806, 4073389563, 1057011717, 1356421983, 2723547484, 685590309, 362960024, 3576092878, 3368931101, 2681175270, 761492210, 699644262, 661340000, 164242750, 196040443, 2478057515, 3864279097, 2157541510, 4193297835, 3419551833, 764152464, 1113060548, 926013364, 1012716424, 985211530, 2270606541, 1489825979, 251), None)
Loaded weights: 53.834694333904274, -21.301748266752906, -0.5228910848586548, -0.8064601951342434, 4.193539804865757
events: me found the exit, 
  ----
(3, (3448119021, 4279030923, 4065640116, 2841743678, 3558292937, 3854519449, 1444730581, 543792643, 307332120, 2759680692, 1023726128, 3614081292, 1562929961, 3194086254, 1377804109, 3935916092, 1011129739, 3300043608, 463288088, 2012987324, 156752073, 2395146298, 1003308264, 2640663771, 454115629, 891153190, 4001196132, 2418204853, 2440070175, 2410440835, 242025727, 3997514248, 137021738, 81517587, 3304562114, 1472022628, 789764924, 1082366781, 4117065076, 3056794506, 1766411088, 2935814291, 1730154661, 2693838959, 3391889002, 2531009583, 1657412830, 947742154, 2362008025, 1902298418, 1821669235, 2842523420, 686398779, 1225158372, 3293189672, 2524641120, 3417583677, 3094758655, 1972178807, 4066524875, 2141979494, 3362509268, 3565523637, 2204884961, 2348847430, 2530943035, 1209585381, 262701239, 1899895415, 1967222579, 2665043481, 1740578822, 3687381352, 1942767143, 4089740710, 76815603, 186766294, 1611075940, 2519728531, 3084533971, 3138210207, 622326542, 1459185792, 3500568553, 815045586, 1317900303, 3760859250, 1722081486, 271947453, 934099362, 1733754448, 1327837400, 3576197635, 1179064933, 1091043192, 1446655529, 3399748955, 413127005, 1402495331, 411330114, 2352357296, 946833710, 3801465433, 1450062881, 2205577803, 765192333, 691100744, 2265775222, 3634711065, 356176853, 3536588082, 2279445990, 3151520206, 3433051187, 1025727821, 3931155411, 2745671187, 3264844738, 3011189160, 3912337306, 2176858176, 2679791487, 2907107339, 341682602, 3862420253, 3583797580, 2293467131, 811027895, 822749783, 1874593007, 1270050486, 2708445908, 361313316, 1669840427, 1437798013, 3593346263, 3139791448, 2859742191, 2790692171, 2231546596, 2978566538, 1291059671, 1211404826, 758478153, 1011303213, 3472878368, 3013310945, 3679158071, 1106382169, 1403659282, 3329090685, 1368434068, 3914523917, 1895572007, 2556029959, 4107320562, 301733507, 4085193497, 660914904, 2442892136, 753560294, 3732081881, 3942047712, 681024286, 3620135822, 2820201408, 2119362745, 2066618747, 3380824703, 2333017701, 2270615574, 896041494, 2143579803, 3022307694, 2392463336, 2553341048, 2236706571, 263609726, 4160161727, 1257500513, 832400001, 2716570901, 1136731174, 4220696151, 1244868994, 1120809411, 1911274609, 2611186929, 3809933405, 3107775056, 1796761665, 2738714933, 413781921, 3383380038, 945028697, 2768494360, 3702299957, 56296021, 3411353291, 3359999993, 3086287758, 3170452157, 4269054298, 3487513213, 3978672551, 2730676476, 2366547323, 4038467269, 1364280425, 3259964223, 311304316, 4157722306, 3122286875, 397639740, 810407796, 103100098, 3599030648, 2368769124, 1011177182, 2516966166, 1350868734, 2312146350, 3804883936, 1045919021, 3575702641, 3150546964, 3933669071, 4090599925, 2371553721, 4293458649, 860630969, 2322086437, 603890540, 3306960954, 1895958431, 3102842229, 2021293888, 3555560177, 2880473778, 3258390169, 2772787569, 3143516995, 2361482905, 2885822723, 2888811053, 515512060, 3737726875, 3278367049, 3325922822, 2051647219, 998931572, 4097580991, 4189905166, 1977211654, 578006854, 3512081356, 2430968027, 2094128762, 794696520, 962937661, 3348789323, 837891734, 138168734, 2700827463, 205925273, 1698141980, 3984011176, 2365320208, 2754666863, 1157170620, 1647076472, 4227559696, 2752753598, 3333862631, 1926573693, 3811016263, 1004492960, 898361109, 1703409760, 1117320696, 1535613420, 343226450, 1456495468, 800639019, 635279520, 2116917230, 2435833212, 2128677083, 3888303683, 2593934302, 2199475370, 3388184429, 3737755575, 507500419, 2786581600, 1439960963, 4021109689, 107972554, 4125290315, 3030338446, 3960453507, 3064967985, 1832150170, 2675447293, 3985763807, 93960873, 2096117254, 2589908036, 3520912240, 3363703965, 2082679698, 3363395978, 3310370821, 496003381, 728123796, 1752402793, 243980749, 3788942438, 246779163, 1500363556, 4095820217, 2599114012, 3734532146, 2116005535, 742110216, 2278508773, 3298813640, 2643917323, 541321107, 998406943, 2319536261, 183894218, 1056234010, 3831850303, 2672977768, 3114647460, 3558755337, 1643922839, 3645924851, 3108493797, 3706186622, 4187863942, 4247210935, 3759183516, 2266898220, 943178283, 4063890545, 3815396532, 2953927339, 852573862, 3318628368, 1367539835, 2855016577, 3277221454, 3359427208, 3693719163, 4190188526, 2846901807, 122478794, 1446099052, 2061908795, 4172879073, 2430761827, 3560980816, 2942458469, 339728040, 2561499919, 1855379689, 30957538, 3688839029, 553333375, 1616386768, 123445613, 1215880483, 3779097299, 502311091, 1646271613, 893555917, 3191936758, 3730366763, 1290742005, 2331948856, 2398370596, 2102223832, 2030455946, 906155259, 1614605301, 3946520528, 2267925870, 246669677, 2985212023, 3253566375, 1729582916, 763289829, 3894754942, 3915506084, 2802274066, 2188730166, 329401066, 1501415548, 3160831852, 1623835552, 3553976664, 1995157482, 2514797849, 2053369309, 1499443437, 3541719115, 75956489, 429226001, 938854273, 4015404856, 2772443557, 1954351389, 2300729871, 1222331808, 3802879013, 3313270985, 1289580281, 3853965560, 3009135338, 3837498555, 795494369, 2189827747, 2865510550, 4144918125, 3590783747, 4246743216, 214990668, 1858447458, 3782635147, 1331552817, 4223299753, 1619849850, 720644982, 3620721501, 3058145203, 3224942438, 3922205233, 4175066110, 1023083019, 1059309904, 3974751293, 695000730, 1052072102, 4121845616, 2127906810, 3234219264, 3896107874, 3545319281, 1326735024, 1889706407, 3641660441, 3498466071, 869695561, 678542766, 3803470381, 603264128, 3134021759, 2120742190, 1723116221, 1628747818, 2988918424, 3559863989, 100249682, 283972828, 203388251, 3214349335, 855535719, 3002044413, 328097972, 1655390424, 474026306, 1053739882, 2951209104, 3036334701, 3821136168, 2389260052, 4013231050, 1137467384, 3631662830, 1914636064, 2349286017, 3651815363, 756974400, 2533091953, 1742164457, 4074410251, 2183273518, 2502169903, 3585738025, 292328192, 2960475924, 895571167, 795677282, 1425702224, 3355703475, 2599940630, 2267115051, 1434732604, 51319573, 1357083898, 1054972913, 286216889, 2891666195, 348155038, 1514206949, 1075069918, 3915555268, 1936297297, 3538965775, 1087778108, 3209685531, 319127112, 2520981495, 2274857453, 1333554030, 4175649242, 1387487659, 695276367, 431711165, 4069599920, 1999316503, 710499945, 2982902659, 324765181, 1029122332, 3439986261, 3972976112, 2646055228, 1661336505, 1032129935, 2776479350, 3316496863, 2260968047, 3120727687, 4014189836, 3262630519, 4096184546, 3821956001, 56815711, 553837753, 2620688457, 1281439664, 4076370881, 1313798502, 3847943277, 2338107641, 3675981769, 1658263617, 3599180528, 2628662856, 137299200, 1894039894, 3247206320, 4031764549, 3536272730, 728794623, 462812535, 1427593121, 2944407916, 2806688300, 235448318, 1154257250, 3344362238, 2813986520, 72826309, 2005376350, 1690931913, 3705416774, 1293407500, 1905763708, 2202357596, 3598625943, 1519860495, 4220349809, 3307347276, 344014333, 1578125444, 3189941315, 3745045326, 685206034, 1799138001, 3067886786, 2141887089, 2945118440, 3682964255, 412317811, 2223657839, 2123245179, 1326194734, 2430804465, 1874701809, 4126422578, 1985200215, 3256732774, 4081003535, 2158023806, 4073389563, 1057011717, 1356421983, 2723547484, 685590309, 362960024, 3576092878, 3368931101, 2681175270, 761492210, 699644262, 661340000, 164242750, 196040443, 2478057515, 3864279097, 2157541510, 4193297835, 3419551833, 764152464, 1113060548, 926013364, 1012716424, 985211530, 2270606541, 1489825979, 576), None)
Loaded weights: 59.240780651707546, -18.761816135112912, -0.5228910848586548, -0.8064601951342434, 4.193539804865757
events: me was killed by aggressive, 
  ----
(3, (1694205356, 1787305392, 231538915, 1332042071, 2334053683, 567524077, 4292333620, 2630616853, 1750948999, 131979765, 4172224717, 4078666818, 111511974, 3354573048, 3659177766, 1651171263, 1445223601, 3303850371, 1931907710, 2131232926, 3256681684, 289131661, 1913438794, 1742459555, 4264911144, 408220627, 1402986022, 2071775814, 701557491, 137965987, 3389175220, 1220877273, 4120966836, 3272450154, 612582915, 3962772791, 3653603131, 273063372, 2362879640, 3269669403, 1313766384, 55616188, 1905958678, 1508707646, 3980749720, 2643257938, 894594175, 2715375765, 2367634921, 3516386460, 3564174990, 625319200, 4157763587, 1831949732, 1000331799, 635305176, 364235191, 3491280685, 2286424596, 2640468894, 130088042, 1233590778, 2799348225, 548725278, 3010566376, 1327730997, 1257489969, 2758675894, 3007648666, 2591780488, 3427304468, 521800915, 1375804465, 711745127, 3119119998, 433191081, 248333272, 1039618182, 1981766363, 659553592, 3705851539, 3293167498, 4070037715, 2151451399, 3427893240, 3155318456, 2868393892, 3154966721, 2368566944, 1417424577, 3578268007, 834573808, 1863264450, 4114217621, 2742630603, 204468582, 3760589998, 2678690316, 1488473713, 3457742699, 3334485633, 795033560, 2814108403, 2612828911, 2670080099, 712586709, 310979714, 1493255872, 3344283051, 1931931772, 66750765, 3029242147, 2352031639, 359222134, 3975596042, 2006226381, 1917433769, 3489567523, 4077867552, 261912398, 775341754, 2635639153, 1667221402, 3014147820, 2556370454, 2860143925, 3950659693, 809950839, 3180148565, 411999815, 3720203071, 2785695714, 897382134, 3503606872, 2409280315, 4176413530, 161419511, 1289771029, 4169392117, 3079079369, 1023769155, 3493632495, 1817993690, 2219434262, 108859689, 1559331942, 3100391668, 185191858, 1738271599, 1600435852, 3818185267, 1991951760, 2208414093, 1134781484, 3871762481, 3654925982, 3495164933, 2453540572, 4169273841, 2226260009, 2638328652, 1861130887, 22845998, 2221107371, 4081502156, 3895026557, 3763547392, 2057305886, 2067084597, 1207718350, 758373461, 3257079131, 3335408881, 173727480, 1032836928, 1491421190, 2443543080, 4167305231, 133966366, 1155799251, 2642167720, 1072749207, 451104695, 3122742159, 2428027436, 3401696310, 570772069, 2536068736, 4078207424, 922818528, 2416276534, 1372980320, 1515913816, 2318233565, 2187513469, 2565034932, 760285127, 3404857325, 1060618053, 2831527368, 1205126655, 2381361494, 3253179876, 3208853331, 4080492834, 4149388615, 4109495077, 612813349, 1893921373, 3599264984, 378246547, 3988136244, 1823670142, 300732036, 146653594, 3103147159, 2697756171, 3736851433, 4075964448, 2744153894, 694438983, 858980660, 4044545533, 2411991407, 1734207104, 1801815925, 3089927326, 3143545263, 2356465667, 3445860320, 3545887898, 3672212613, 56469232, 509502244, 431782256, 341861159, 3072568402, 2910281108, 185122769, 3440347585, 55912838, 91390133, 2908978145, 2570784120, 2343684861, 3310007660, 2276674789, 2701378519, 4111970091, 1875508336, 3301797283, 2196443567, 1656233552, 1118177669, 1406650272, 4171926081, 1985076894, 3719149584, 3447655064, 1332050510, 2616539937, 547185356, 1699086411, 116271656, 584930882, 3127720268, 2224997395, 2237578136, 1630281826, 1082961194, 1678816694, 3209477191, 1742668030, 3576712094, 155342697, 3505426873, 1381666761, 3870491326, 67758044, 3658595573, 1728825741, 284686241, 2869504018, 123405799, 4010704090, 2162162858, 2065329964, 2905156500, 80296981, 3881173076, 3712326007, 1159587820, 2570373675, 1509435393, 1468840616, 496698009, 3645681005, 1873888110, 1163241748, 3171840047, 3895670560, 3480472627, 2405778056, 3775727080, 3862117645, 1214726616, 710972186, 3020727083, 964561179, 2357611802, 2751473602, 938602277, 1808978685, 3209368430, 289246634, 325102233, 1687648498, 186285877, 487082082, 3424073921, 3092008987, 3426025682, 3928528630, 4131116714, 88508065, 989314325, 433797809, 266958231, 2880090760, 999553646, 3737623178, 2153536878, 2168666005, 1562386230, 97753362, 877798256, 2597347944, 3059354379, 1898302734, 3796029992, 1772590773, 191749390, 127721091, 835106879, 183354089, 1394271431, 2116640020, 4013349680, 3295688226, 1102636946, 1113656846, 339845769, 3419496978, 2405707049, 3344611733, 3245190818, 3579710863, 2652617562, 2366802900, 2433178548, 1971386103, 1591950933, 2463048690, 3341192474, 117420865, 1843257005, 1506072930, 1038702002, 1692119690, 2770946106, 3026578558, 2631430464, 3787807272, 291811650, 3707316532, 3481490830, 3704441909, 4239681864, 2157839834, 2094964008, 1188839344, 2713482659, 2810122098, 3973110336, 272094334, 1368708308, 2972682177, 3738654203, 2965363438, 2158196426, 2107467175, 2160946286, 1738449872, 3561075263, 237965260, 683053756, 113704533, 1692597536, 4003328357, 3640489799, 2050899752, 342190060, 596680691, 39800955, 475876926, 2992325303, 4100031529, 1178040307, 2855458368, 2551258280, 2374653971, 1527800353, 704114791, 3214727101, 4081381456, 1531550477, 3434604379, 1868788629, 1661823004, 66511661, 1635259743, 1289706834, 11070522, 2016877452, 679376900, 3443297819, 3595942288, 29162073, 3130156391, 1750340222, 1105557140, 1474488745, 2266291322, 3784048286, 2523501396, 2999552347, 3063166827, 4217841748, 2447055051, 2881998500, 243083820, 2814477147, 3963628506, 3214332504, 3832347729, 2375609309, 2213762470, 1568194038, 3281195603, 2526605989, 782102883, 3537042515, 2586712609, 2026863717, 2942726008, 606490058, 2627284384, 1463284858, 2782035474, 2836349809, 785661745, 11524668, 3883878562, 4125062267, 2768361466, 2484057507, 1271706389, 3273826666, 2232285076, 3835972539, 2825825556, 2240889436, 3660435673, 2420161709, 1651906110, 2230803391, 687695866, 3008882758, 3809295955, 1317240103, 1000966677, 3437024831, 225909119, 551460670, 1339620855, 664539827, 4009787924, 3672388918, 4077377668, 2526261760, 1314415528, 988280264, 2044011516, 2468891938, 2938340656, 3693440228, 234312737, 3196629628, 3582892121, 4283447723, 4248957411, 2402953806, 1098876986, 3716126367, 2899522801, 2954964081, 4196113690, 1404737903, 4031480278, 460960330, 1731203961, 1772173576, 3378332558, 3912454152, 2011845565, 1668745634, 3676810425, 756324733, 3366837908, 216124202, 1622195545, 3037829500, 2445221234, 1486987379, 3205771599, 1543388570, 42189786, 2656326104, 2175271085, 1743720331, 1724330992, 4102940214, 3015257576, 4027183858, 1879396535, 1323294621, 1958025470, 3725807539, 3743312426, 3010140685, 918737389, 2251258193, 1968189761, 3303273933, 1815937926, 3064824459, 280088674, 1288266528, 609631277, 3245016974, 3094138254, 1095828513, 42327486, 958205289, 4005964138, 3267963941, 4146268238, 1241895150, 870270561, 2525182755, 243616288, 1121438445, 372534209, 3111851799, 3850831975, 2852578099, 3649117319, 3268144910, 621005613, 1628910597, 151874177, 189752647, 2704081491, 2322231372, 1274600791, 2799777924, 2465253811, 1835608652, 2455257207, 2756513717, 3675232288, 1808555042, 3657674947, 864284776, 2313077550, 2044260996, 1145460562, 4006440863, 3098320311, 3041473509, 1449110845, 3895055718, 1462224308, 3152382358, 484946817, 2219611218, 3849921029, 1409819228, 1515232669, 1352746840, 5223916, 295647865, 3310518210, 4133363794, 31079961, 3480861609, 711926865, 1376117507, 2986994195, 2744786413, 1880080866, 2162520244, 3149297687, 4049812354, 992458737, 1281259037, 3596972930, 1555472325, 2606073780, 2041629204, 3374130042, 2492261749, 3721943614, 884685955, 313), None)
Loaded weights: 49.463845277047376, -25.159849049466143, -0.5228910848586548, -0.8064601951342434, -5.806460195134243
events: me found the exit, 
  ----
(3, (1369895928, 1903411659, 1715956531, 3870942574, 3716418117, 477853673, 3576816430, 4051390626, 683482770, 1363064976, 1069200850, 3915387539, 3152560340, 3766949760, 3006119201, 2616028896, 81921955, 2329393519, 1691197250, 3988350257, 3203802380, 1510672697, 2836642467, 1583523275, 2583532644, 694616873, 1166638767, 2778643874, 1344841237, 4082426698, 4241934186, 2151816765, 164807243, 2326553930, 4176730093, 1929292600, 2846404728, 2416100376, 1253089417, 3518171795, 4207900938, 2836813632, 2268153915, 954179552, 3909613170, 803319098, 913493709, 1005310586, 3847425427, 3922406113, 265974630, 1634900621, 3758119031, 2858069175, 3225158207, 167530021, 3385562924, 3946997362, 1788305413, 3749270421, 1945401479, 800562125, 4183110270, 929887045, 4264993401, 1527651173, 3890770592, 4238564919, 3643933415, 770240799, 363272156, 889571667, 1754977367, 3030012459, 1349586647, 3712708917, 2394625262, 3228633996, 2538644771, 2676273260, 3513988995, 55468773, 2543159419, 1568749033, 2463497571, 1477116589, 3889189761, 156124839, 3567957260, 1554790008, 2184937422, 3296742629, 889716629, 2263633682, 2096106875, 1237722539, 3707536420, 1517753047, 1646372750, 4154458046, 3912838544, 1599855103, 730252291, 735729933, 1124991099, 1211833979, 4060034559, 376528635, 3383907407, 1659791699, 3505742113, 794534594, 1372395505, 1363900284, 2338571057, 1769023621, 1472506182, 242088621, 616116741, 3426537444, 3130031386, 3103931737, 355849308, 748630610, 2032403257, 2097842587, 2575990679, 953817658, 2394014310, 3042285210, 3444668969, 3675683798, 1334143399, 3087194802, 2298111899, 1853756748, 1332833831, 3578531730, 2350181798, 3007255808, 1862644635, 2838518471, 2974804614, 3975473574, 2824321890, 1765158203, 2171015956, 3338159854, 2569001421, 3094548900, 932446696, 3163443252, 2696590744, 302467401, 767417198, 4087649123, 1879181831, 193958221, 429431022, 3112423912, 2759470450, 863046518, 230309801, 1998989766, 2949368716, 1713241409, 3291801752, 1091904034, 2314783700, 1443906162, 2060637564, 3748421002, 607804281, 399147297, 658358596, 2852111175, 1867564180, 134662232, 496731186, 2622417511, 2878994392, 102848371, 542449325, 2471754038, 246201913, 302621998, 941054760, 4032070606, 576223604, 1279585609, 2250665391, 2508266651, 693581012, 2389080796, 2757262524, 2559047304, 127256255, 3665091836, 2418950838, 530313253, 1391491831, 983783279, 2517134382, 2043938173, 4080982021, 639777423, 1024849311, 2695100392, 3829239237, 4163001927, 1692332953, 3293615532, 2876013231, 1951473967, 93774368, 1926821837, 121004713, 1113494497, 496389518, 467658110, 1160716127, 986995093, 2807722620, 3132346426, 943101456, 3251510385, 4028421259, 2392075046, 398594619, 267096446, 314677235, 2620053821, 324290171, 3656376214, 1648611822, 858572987, 126162522, 3811990245, 1458529964, 4198683671, 2067195653, 1016377358, 3614500956, 3627176450, 3899843545, 3189541359, 607138821, 1567965766, 770701057, 310230189, 2250218947, 3902905164, 2436675380, 1818402175, 12798045, 721439066, 3716300610, 2590589478, 3891307290, 2636181252, 3672298540, 1398302487, 1904852524, 3099990873, 2369018046, 2448912991, 2468108127, 2321115451, 2303721941, 3040416480, 3195105564, 2598925837, 91850997, 3957020070, 2325424761, 360118952, 3667045310, 1306427528, 3581080616, 177015918, 992602040, 3585644086, 3545857033, 4266436929, 2871892007, 387602323, 3387803231, 2828555858, 471636967, 251612698, 1440874675, 1805940659, 2935668666, 3425578996, 1801875364, 1822221454, 1513115816, 923648854, 2995405211, 478367687, 1244333293, 398700435, 2915955649, 1688877751, 2755832672, 2187390126, 478826790, 348423121, 84755560, 3314916250, 2675012260, 1043604674, 1202621210, 2941162836, 2583077684, 3873507701, 3223959869, 2361351167, 2072207450, 4029245255, 3774271355, 165955072, 853266174, 123172779, 3724835970, 4156852745, 1768158634, 4243354836, 43132104, 82118982, 1811183546, 2594646894, 648745440, 4078369142, 207114051, 3302647163, 2697714697, 2825357222, 511364054, 3155586164, 1425906171, 296033455, 3902456901, 3418028269, 3202889745, 464362639, 4222067324, 3634914827, 3655224976, 872764251, 3216462793, 1556918832, 2746232784, 1664062338, 1483525483, 2098623614, 4200090423, 2346205123, 2476070412, 2890768899, 243004743, 2174613090, 233657281, 2500200280, 2057981979, 2700509463, 2915811289, 1567124190, 3148152538, 3950845113, 2727923974, 3635746422, 562328986, 2937816974, 2704927785, 1852952328, 3324585216, 2010841861, 3269533344, 2211752512, 2614215495, 2114084055, 2244804163, 941219896, 591788839, 2550655953, 1340132298, 4230332421, 1931522067, 3934010789, 2000723953, 3691289188, 3577058433, 2200137598, 1431202684, 328401953, 1684094178, 3566509329, 706369270, 1495614701, 502805207, 2952609378, 836295589, 1635672971, 2284050908, 4272158457, 1717428545, 3196099832, 1244256551, 4288184955, 1741912313, 2204104405, 2496626223, 1102390016, 83426967, 2634758662, 2734548060, 3080772001, 225631698, 2162396836, 2819216501, 2752252577, 2761718606, 329972413, 1709321006, 4211383934, 3326950870, 3601987739, 1317625424, 3069892452, 3408773494, 4038374968, 1458030016, 1981889589, 1624212378, 645867183, 2240924269, 3040595747, 2444456702, 3964858297, 4273557597, 1941370829, 756260577, 3959991390, 2644137680, 1550837597, 1969470341, 4260243113, 3901788184, 1763457554, 181542604, 3962121183, 614535836, 3887063863, 3699838403, 428770539, 1685089091, 2664698, 1369819226, 3711363388, 3652727432, 1375499711, 3503014489, 1426455975, 809054443, 2852229113, 3688072354, 967843023, 3620611340, 2202517206, 2600137516, 476887914, 1865705318, 1426800410, 3322306374, 2039563516, 198592654, 1855042101, 384341248, 367051489, 3540272831, 3748688957, 997131973, 1667690854, 279968672, 3497058832, 4031968671, 2741057646, 403815959, 379949048, 2780160445, 2984167744, 2556646606, 3297613255, 3830177609, 1453529882, 2860338142, 1304333807, 2085149191, 3805397211, 2890285185, 3928288868, 2730590520, 368279833, 2361828975, 2826910373, 4200132614, 51128147, 2550419219, 2043266410, 3399235013, 2407741920, 1669595031, 722493278, 2569261699, 2827484516, 3246240379, 1907683321, 768905766, 128602569, 3601261386, 599384349, 2579793000, 3702716624, 1525865883, 3016466550, 329869099, 2482484324, 4248606857, 2662230585, 1592576428, 4255006100, 4200863191, 4253043106, 2862865600, 1062717463, 1939115164, 4043196337, 4270397723, 2244432691, 894540067, 2052459339, 1570259788, 3057072382, 249637477, 870025323, 3595425495, 1809146290, 693224903, 1861068857, 4277618020, 3745944157, 1916976226, 1577115935, 75518489, 2030280943, 1642586417, 3943916629, 149816864, 1642706160, 1266003167, 2655701628, 1097817647, 1258350821, 1684817632, 3954373962, 3715341299, 2675231922, 3089512050, 1964294618, 1461058193, 930482663, 1587061929, 122911752, 3419994697, 162437782, 1118946941, 798212909, 2548204853, 3459769280, 382320019, 3966084565, 618105930, 4273416864, 4147398273, 2981559717, 35890451, 3408202563, 1110564687, 4291442048, 2702372331, 288993985, 3171173852, 2058409670, 1598955767, 1343282951, 2172194199, 381169431, 4041586138, 564375404, 1054648941, 2207306696, 358539041, 533498579, 3379523086, 249445463, 870247198, 467502737, 3066553086, 4257947314, 946559074, 3885398003, 3770054160, 2340135149, 1124223956, 1477577170, 489669272, 2062179371, 2698837870, 4055565628, 1349365019, 1000490595, 3502647999, 1286751518, 6), None)
Loaded weights: 55.836702578749126, -22.95002563697137, -0.5228910848586548, -0.8064601951342434, 4.193539804865757
