Starting iterations: 50
(3, (2125411794, 883325587, 706283806, 1462370480, 250816371, 4191109731, 844297281, 1403596597, 276248166, 222036123, 2412418609, 1953519936, 3342214882, 2362360224, 569474059, 1964520493, 2282586286, 3092665683, 854690884, 1837312529, 3810592538, 2942325953, 3186843617, 2752957703, 1165311996, 3909305454, 618362728, 2744157646, 1701973182, 2056041253, 3814010251, 42181651, 3233077931, 2152919555, 4004015115, 3530727848, 1889224167, 3048641109, 4062186495, 3891082850, 760265215, 604069346, 1411757914, 3995124020, 4089179013, 956811808, 2076436084, 1536251363, 2878176826, 1303775813, 3139749885, 1036250973, 2307684914, 2381563222, 1591198425, 3338967580, 2965207538, 3628990849, 2051725401, 1705657168, 781384234, 572060940, 4030863965, 1767786015, 1484960150, 3589232014, 3402028693, 162087383, 2181093144, 653549323, 3470482994, 3267994670, 2159803047, 280724961, 3125149462, 2020247617, 296043694, 2449602855, 2125400770, 533146855, 222301647, 4193554262, 2587466461, 1787315492, 1690547384, 1376561907, 3388977185, 2490738145, 2570829832, 3703755613, 1087708155, 1726752453, 4077996252, 2489946264, 3966243418, 3302801237, 2634585909, 618204707, 330986660, 3686737447, 1844406360, 3238067041, 2854755266, 2750598714, 3972669853, 2450135069, 4000411921, 2517822542, 1318552468, 619658749, 4019150118, 1568131888, 1892822513, 2354640132, 3581817100, 4234729308, 3822372528, 3846696443, 3766099740, 1843569001, 3390644463, 802164891, 2217635968, 1550940235, 1362743187, 4221420036, 1978116653, 196133395, 2514898060, 50975332, 1143449439, 3346999622, 4258817077, 3910421382, 1460539017, 1153820363, 3592452937, 2731663069, 3317493725, 3437146472, 2233868804, 3060393329, 3151544779, 3061768545, 1332828889, 611856856, 2588058435, 1509298051, 3959683939, 2713592933, 3968945032, 776502841, 3674202038, 77256836, 2441619062, 757345609, 324327776, 1246610293, 2531335747, 3775439756, 2487563088, 2577350740, 2529034335, 139257339, 3503754567, 8261589, 2933067001, 2310239263, 3422301771, 1502276624, 4031649377, 3979720080, 977466521, 710291767, 352395369, 4040417815, 2950628584, 438187134, 2391265397, 1286987704, 4226464815, 1878747617, 1317819105, 2401414256, 2800395840, 1220742618, 1934698179, 4142702716, 745132658, 2505400548, 3316566868, 1697246698, 2358451067, 1128362678, 2767205000, 59393568, 3938700883, 1271532739, 1877640910, 3411642328, 3950445008, 1828360512, 872267387, 846118283, 2937989087, 2363668285, 3590688286, 304624293, 2183773587, 1462182603, 626020270, 2672094245, 414322004, 799100500, 2046085937, 715038938, 2295290814, 963306249, 2423100078, 3449244667, 1727836273, 667317232, 1610144709, 123938192, 1297698574, 2686015620, 2090841009, 2395638771, 4025828003, 200616382, 1236109868, 3905503066, 2132140318, 1800543018, 484591538, 666870587, 1380937911, 1831546760, 2333470600, 889021651, 625136093, 203863507, 471127102, 2147823215, 2836977272, 1476596863, 2068613852, 634219866, 3860717682, 2449753865, 1517610726, 2591743215, 3811792622, 3400790918, 4138426901, 831020216, 3462483688, 3852388922, 1233492410, 2424000103, 3181047546, 1999527472, 2931806545, 2317950462, 3032169357, 4054977676, 815501882, 3560180377, 547786163, 1993132953, 475165289, 518267945, 3449647860, 3796478466, 790489765, 653839482, 2941335615, 231964692, 2627217585, 3080754648, 504870234, 2674613713, 1235374362, 3497058624, 425231059, 3761737081, 470617933, 2387881573, 341621055, 1967007869, 1162420517, 2796743789, 3501969578, 3124071004, 1239412127, 1354020848, 947100554, 1613751156, 758186801, 31131144, 1197599779, 1966494782, 2507450760, 1641873982, 1630431634, 2263644059, 1240876587, 3807411029, 348342012, 16890412, 1003890950, 3680373060, 1019279924, 3632059750, 2898378099, 1852237089, 3343909393, 3362248910, 687951320, 1974106872, 1274077199, 2040647518, 1393582158, 483766970, 2117871183, 2669389194, 3316159091, 3333647157, 350058569, 3697327685, 3825470362, 569817638, 3052799666, 3107170178, 877272040, 2829665867, 1238737371, 434673165, 810694579, 1943389041, 588286969, 2937673596, 1527686892, 3206284869, 511160859, 358709627, 2188984418, 322167205, 1894487496, 715390265, 1396873282, 3794059342, 2465081218, 987016515, 3452985431, 2418761082, 1797453667, 2136985137, 2677457259, 3845414536, 3118131363, 4132719708, 3939334847, 2839676184, 786789825, 642122135, 1393311273, 2445956017, 3160066943, 3768254235, 3144193726, 290848062, 3476854792, 2130374404, 3019103562, 2875989930, 3183279005, 853336526, 2490078208, 3642462523, 3917461617, 1278860880, 981395399, 3929984543, 1242896196, 868066447, 3278406335, 1320163628, 3747315158, 2593481592, 4108357342, 1368504879, 3640763896, 838343546, 1354994487, 152345153, 1558422186, 2684203272, 3730823856, 3813990129, 1000925018, 1896873250, 3547892346, 844203814, 817603915, 1585670054, 3584058806, 2374028518, 417047353, 286008370, 3146158654, 3076057301, 420030643, 1665818022, 84645399, 475925545, 1200368786, 1792119388, 2326542346, 1295617198, 1186908054, 968293877, 2203996623, 3847242360, 729790797, 3441119944, 3781323376, 802507460, 343850064, 2766785288, 3459608359, 3232584307, 1823121402, 2425558741, 1668778771, 2266891502, 1518481559, 4269651414, 2310801601, 2404596120, 4069216529, 1666437755, 3876688435, 2508157590, 2994777200, 586529408, 983847323, 526558560, 1235291539, 1155229412, 1137649255, 2126913708, 1072153743, 977460881, 65257100, 3411412724, 2264736105, 959131418, 559220164, 4170422837, 1798127113, 2071871834, 408083525, 1411235013, 2655507710, 3023135859, 59094743, 3334826264, 1695328548, 1215762646, 641190113, 1761926836, 2083457396, 3332686031, 3852645490, 3304154742, 768895080, 910476157, 1098598878, 1002297591, 3310723659, 1154022275, 1957123374, 1781329813, 3288868808, 2205625658, 239340857, 2907401879, 3462121922, 1588259962, 282766929, 3930936556, 4174963334, 1141835423, 1033635101, 2698509654, 393610352, 3211854564, 2054830348, 2394630976, 1675658515, 951874740, 3294222875, 3093016392, 3082775278, 2470713958, 194349207, 3970618856, 624981632, 3003830895, 1094705112, 1071210229, 1881799256, 602837951, 3813683307, 2309448632, 1940556085, 328090137, 3467794094, 3187264296, 1427492436, 3952762548, 1460062009, 552529910, 4190375572, 3255767099, 3197471590, 2451380789, 1172933890, 1413960340, 37056831, 2963612181, 428853973, 3767604069, 62975309, 344830432, 1388665179, 3202635421, 3560736871, 2788637034, 2370701153, 3959720696, 409226503, 692463622, 2654774601, 2959958343, 1322916834, 1309603325, 3440513726, 3880230873, 886845049, 2007181891, 1809277707, 3855199810, 2844805877, 2998487099, 3380161028, 3649830094, 2390829151, 172332812, 1976329125, 1775193322, 1768697904, 551151499, 437026578, 89706835, 1340700776, 535105944, 69557393, 917550922, 1419126105, 2275171035, 1125669178, 1524322286, 4020621792, 904032733, 2456385548, 4012125074, 1426728226, 965082084, 4151063465, 4250883946, 3472644144, 4018108301, 3161228421, 1898151298, 3950178667, 4172102185, 4139264892, 3263640795, 96486144, 1368581276, 1618078801, 1666725649, 3648667419, 3470810483, 3892375263, 294142027, 2838476504, 4195331901, 1660148848, 1070702602, 2632461383, 4198244787, 1675082607, 761245847, 1172132840, 3906687640, 3800461484, 4093565810, 1047417978, 2377000581, 3928084623, 1560183296, 946549200, 3121846197, 793168315, 819133940, 2172151365, 2603239750, 283573376, 3302043995, 2577154942, 599013443, 1), None)
events: 
  ----
(3, (1621927532, 51233536, 1655812452, 4288455732, 654688970, 3066892732, 2572648688, 829016237, 2523160327, 2747962665, 2674812042, 3228999762, 1544748441, 2946840388, 2733172292, 2419664581, 3302359346, 322401645, 2757920769, 2746341637, 1555454040, 662214215, 1817128623, 3735123346, 363555291, 1399030491, 3432007267, 1649607593, 1202711968, 2966011555, 2639619030, 70237138, 4069675685, 3381356392, 2899971938, 53837121, 1548518994, 2593574817, 2989439157, 2987128862, 2335192992, 326211986, 1189828514, 745708702, 1214950285, 1560990820, 3688169505, 1938782447, 1577188747, 247198272, 3138461484, 2429287858, 2616607621, 3296799996, 1526778423, 1034767469, 3894532627, 3653815207, 281869897, 4058928407, 2845170034, 1146011976, 1375841209, 3403990782, 2974039320, 3707451451, 3633159471, 624818441, 980600063, 55339250, 192172514, 3086621680, 976581182, 79426480, 2055438991, 2181899291, 3519854021, 855449151, 1532446917, 2210239595, 2510120748, 1914525152, 4264281495, 3635944752, 752194835, 431478789, 1354496153, 874318172, 889648202, 2753366668, 925254544, 1959025353, 1339027704, 4188938324, 2604443579, 3399009299, 3505312430, 1945671339, 919909741, 134340670, 3792109509, 1775250670, 3037908139, 2049958449, 1982324115, 3603157065, 1923154958, 3155517165, 2884114847, 2679040992, 445394243, 3050469081, 3437205516, 836370317, 2733447390, 1938927339, 2885812873, 2410936587, 2972329906, 4235188740, 4158596809, 2312320479, 1347587383, 199861898, 2302266577, 2637323132, 3557725905, 670492952, 3067187317, 3998524909, 2811096174, 1782362006, 2606700183, 3371788086, 2715472177, 411630768, 815960842, 22361602, 2847614830, 2292518580, 236266536, 1907460148, 3661744210, 1099032773, 1636892064, 703309055, 1099833724, 3063260140, 3488506577, 862564415, 221848586, 4025035464, 1253005216, 1260624201, 1381943519, 3961877271, 90327542, 1532723595, 3676028593, 3387467340, 2881504136, 486362235, 1107498107, 3504465905, 190453893, 1614640635, 219140140, 4026344001, 504341597, 3990038458, 490888762, 1145909666, 3897574240, 853480262, 4131198211, 3145839289, 2735706681, 954579251, 1057510348, 2641715851, 2480789491, 4214092900, 1194782051, 931145347, 4294198974, 1395892812, 2250212027, 2379366870, 3973858997, 1122157619, 3651107903, 2600106083, 3163139678, 2557688784, 3770622054, 2413319752, 2158878735, 918940690, 2065068207, 1424158012, 28559492, 3610720206, 2068274351, 3408540640, 2615684925, 3567962211, 4043704116, 1059909837, 4157308804, 1139375543, 2964638175, 1917833159, 3380996150, 1844088484, 1665214411, 4023741975, 313237655, 1977027688, 999613137, 3760036026, 1425956268, 4252948585, 3031573563, 2572881498, 2355003548, 2019384050, 644436246, 1036923899, 825428693, 3608352870, 1624940792, 1324506685, 4281881145, 3658211258, 544799537, 908339826, 4555300, 1508486524, 4133202110, 1078652271, 1454798049, 557836026, 867301009, 3573579218, 925724021, 4198744727, 629701903, 4123444240, 4215350807, 2358273778, 3473636439, 518012044, 1288961959, 3780969778, 1067079506, 1999889234, 459890918, 582764774, 3251889150, 3071733636, 3207896803, 2212426805, 3309466299, 2750510882, 370677417, 1834263169, 2277999936, 2529654992, 2706533271, 382080403, 3163014905, 87261324, 1431314229, 1910909229, 1659897263, 840185139, 926620150, 2007991602, 3386547809, 3939693665, 1049946059, 3927456882, 3698421844, 1670457416, 3635138422, 2084832064, 2500069625, 367495442, 258595320, 2083739720, 3457759062, 371918021, 2408603424, 1386089564, 3763263773, 2479502385, 746756371, 3282313402, 198931478, 1537738452, 3334098032, 4179589401, 3481741082, 3560961223, 3904050679, 3293768885, 2346431033, 2069307060, 3885636918, 1181715492, 462680768, 3610956711, 4214250863, 468006314, 2844064463, 2944029745, 4106343633, 2237256975, 2075871522, 2730008678, 1817532968, 3110878700, 4110714231, 1303893453, 1691684278, 3488413230, 1439127182, 3710102273, 284983530, 3332104101, 4278872624, 3195262013, 3289427796, 250558928, 702287826, 790026634, 448937560, 4054628056, 515284852, 3651701919, 3733999450, 3294148152, 82084942, 1177077301, 3062400303, 420755945, 3335492677, 2075127391, 3771164499, 1853813621, 2017068273, 114293944, 783626236, 1044319632, 3928786262, 866637897, 2739880902, 2695165615, 2214463484, 1794959847, 2540916815, 1687965232, 1534089755, 1967759163, 3797959286, 1808717906, 3862083916, 153260373, 3950456125, 2476476419, 1200946378, 107247273, 847503462, 2360528725, 7830005, 1599813609, 2304506422, 2329701829, 2118816355, 2541243419, 733059797, 92279321, 2266561519, 564698703, 3320845688, 633266752, 1118672012, 2724989537, 704780105, 669718963, 668818509, 3897982396, 1502471105, 3210046793, 3986229914, 485373322, 1912357336, 2753737893, 2246271729, 2900564670, 415102016, 2473562007, 2292385426, 4132346575, 3627877962, 1822956782, 1968405319, 13714886, 3457182692, 1290628850, 2689323196, 4190471412, 141930807, 3448909656, 4271572969, 2017355277, 799528787, 1261530931, 1357467915, 613016285, 1347906831, 326788396, 4235985687, 3192062655, 695594261, 1302705781, 2660694802, 2582324512, 3896781654, 3188504380, 1661547834, 2365170998, 1699361178, 4006347076, 2666313902, 2454884828, 664858522, 533984804, 2579615819, 733228308, 2707075011, 2791757348, 3348155054, 3586259657, 3769112211, 1851513097, 132356431, 842208151, 812619284, 1468309108, 4010681220, 1924475626, 2676664405, 1627921799, 3045373375, 801926451, 2553534938, 3783484649, 1204908640, 3549751714, 1549026307, 3571417216, 2586630750, 855446436, 2348955378, 2810996930, 1940493699, 2695154115, 1786357366, 3110470961, 2848779832, 440008160, 1823060553, 1213598152, 1727850080, 803194531, 2279468059, 609999325, 247536334, 3896190109, 2483990682, 1217762658, 2317222379, 499754510, 4210763574, 1796961107, 1966813486, 115633792, 3105000734, 4224409555, 4037980121, 124228044, 1182059656, 2886820192, 3414358953, 3636140978, 3036117502, 3853598166, 1480013369, 2814766747, 1303582103, 935927153, 2853586898, 3308126499, 482779894, 2149839221, 3644079323, 911091181, 3381084832, 1075787297, 1949403370, 3162572566, 2134408265, 1420756867, 3397676803, 517464983, 1808503342, 3725496203, 2377815065, 403856761, 2290783493, 4130484761, 3077953666, 926390298, 4003194689, 2401545485, 2761011071, 1673247535, 1340062855, 4150009846, 1709844458, 1648638824, 1777415955, 2253959494, 3426951710, 2381504326, 961284778, 1669631119, 1825094843, 433497245, 716764305, 1507434162, 3903626875, 453719412, 1580879948, 736725162, 3468764523, 347394363, 4115780097, 2941468455, 1915487753, 108830340, 2863591518, 2385757029, 3739470423, 2631095142, 1640004698, 1332232721, 3360387575, 1972160679, 1695160762, 4114572920, 2379024735, 3210945693, 2400299228, 2962469419, 2702382958, 2781932913, 911079441, 2463062514, 722275132, 3314071891, 563755386, 3801720129, 736702872, 2249625378, 3844485606, 3941414235, 1676239161, 3332450702, 762275921, 519256651, 882983114, 617740135, 2123954997, 1980732123, 690581376, 511987393, 130462888, 1657787384, 1242605688, 207006081, 3101323409, 2164523764, 1410018432, 3486363468, 10964662, 228064730, 389666254, 2350695523, 3801899619, 1633592246, 931849252, 841769828, 1376594310, 3845705799, 3462395839, 2524730627, 2056420633, 3580410042, 3587246873, 2623453344, 1839802412, 1269412280, 3390603465, 2009834112, 1987598107, 1946798709, 2736168750, 231797969, 247490192, 3559383826, 817097263, 1101665006, 99), None)
Loaded weights: -3.9263178098841296, -6.1478681196460645, -0.4225318764809267, 0.0, -2.4635310941901416
events: 
  ----
(3, (2673482233, 495120556, 2070483004, 2225632525, 655700204, 1355012642, 1862174377, 3373487492, 4017596229, 2631234059, 905156799, 3532909190, 1825813377, 2736253455, 2673335294, 535233699, 3198983484, 1822357057, 4183545355, 2578717886, 2640728555, 2535624252, 119065609, 1645445266, 337300306, 2359040019, 2341277589, 4030632911, 467743224, 3095262431, 2938378788, 2179994268, 465038996, 2200007362, 1545135635, 3693133030, 230001984, 2623723676, 1057543083, 4074370356, 4276184840, 3427049210, 604749243, 708549946, 2982483916, 3449016044, 709234817, 225754606, 1224812822, 2705143422, 1624207055, 291993299, 2067339550, 2450038133, 4270153856, 1500588066, 939158766, 1959439802, 1818226931, 3528697994, 1950484666, 3844874218, 2237408881, 3313276256, 733131531, 1487188293, 1409840876, 2182900563, 1542047544, 3834837251, 1445313715, 2838433842, 1387935627, 2476225085, 812935011, 454667240, 3091637238, 1766230638, 3706264625, 3386049432, 3757366897, 1787583710, 1411592011, 3662546604, 4036623610, 2356816863, 1428906823, 4061285269, 1044862461, 2498102564, 3195012208, 2980686558, 819968163, 3601401003, 476213696, 4174303926, 4049767881, 1153595177, 3855783629, 1505397532, 1597923801, 3494122351, 2206527779, 1564629195, 855769875, 3893498841, 1203931720, 2690164825, 584752857, 729726518, 1572671098, 581505914, 2464782159, 2295405797, 3292795894, 1926358505, 1934149849, 3138068016, 1639684677, 3206186094, 2927334160, 4287650479, 2448374204, 923276657, 2018575249, 10361515, 3489210754, 279822331, 3931953095, 1004618219, 3796962873, 247637421, 3551153716, 55784192, 3160285253, 4071696597, 601795027, 1286684187, 3899574210, 2512564584, 1717686539, 2621097302, 786294981, 2364759624, 2125352843, 2547565657, 1400584890, 3087885258, 1441782924, 2865539167, 170231749, 2683158428, 2311263678, 688003227, 2521188469, 2886400231, 1747965056, 2875015751, 1258532700, 400855349, 1973259313, 639402860, 1667970988, 38345842, 2230486568, 1290156937, 3349397614, 948476117, 2758565735, 1722327586, 494882625, 2878101141, 1529217848, 4083039631, 3135036623, 3090301515, 573694614, 2707269120, 4208953003, 3325575554, 724623065, 4002797974, 2643461261, 1695958702, 2703457182, 2329792109, 2427874269, 728106617, 1844298847, 1806398178, 678102013, 3165394454, 1932228882, 2486443758, 2178350572, 234934113, 2979964047, 2732053915, 2437029485, 252830569, 2988412558, 2679079129, 3830233807, 2698773200, 1780579101, 1438632434, 1237970610, 4178819763, 1109099803, 2936903031, 2460656056, 144243025, 899103424, 1327479337, 1352099002, 2214856988, 662124661, 2501392761, 3481329784, 3301034963, 3962325656, 1454988844, 788481813, 3225839180, 2281387122, 3178485131, 3177969915, 2428699329, 1814232256, 30299470, 3555113544, 2862290088, 3064490877, 2675765345, 1109948032, 2759846043, 2973143763, 2363824559, 1059939750, 2232101679, 4145486944, 1712336002, 807965961, 3597225069, 286239813, 1574742639, 304773100, 2174841622, 3985155404, 4167911275, 742567259, 768852578, 289612994, 2467363491, 3498059531, 2068842173, 3321327684, 2146158711, 2413686543, 762712755, 1305006968, 290620034, 3362064902, 1964849050, 1630552058, 1806006202, 1681136151, 2324596686, 3509028486, 1265957109, 2928847948, 2558638296, 438590471, 3625965881, 1949920135, 1507803958, 468455409, 615614524, 681841483, 3044335101, 111800254, 102817932, 1160363962, 2057195804, 2048265304, 1868204038, 156462093, 2309678534, 2379814737, 3995701864, 2538460297, 681861655, 1887891602, 3782205817, 1873087482, 3909198192, 3687368219, 2188804717, 1007996293, 3216232109, 2020254909, 1197239815, 698428926, 2902047194, 1555095723, 1572717701, 3198106947, 4194375957, 3075704243, 551528107, 531471768, 1389209587, 2306661459, 38633645, 4281114052, 1153527970, 4174360305, 1621894663, 1882876791, 4119863658, 3674070036, 881462835, 511831153, 1600194685, 1609455452, 2959113987, 891895542, 801619462, 3463175757, 2538109315, 1855345115, 3759284050, 444313527, 4245848966, 1478153554, 3775155938, 369413828, 279392865, 2365066479, 1213499484, 515915127, 2019175458, 4022340094, 3381235838, 2521605124, 2387268008, 860907479, 3878536844, 987853885, 3671304011, 3120062850, 2364236208, 2977693034, 1088549106, 4059428935, 4116324007, 273430118, 1625202553, 2533543736, 1703023281, 1309368177, 3579322543, 2840604011, 1969374995, 837663814, 545900408, 3996452354, 787916589, 1155021483, 1861806112, 1934190727, 355689299, 577306837, 407586770, 385473965, 2264593658, 292734552, 3530834075, 694685751, 3844251659, 821245415, 531590404, 959780057, 1953709816, 2279974724, 2349099963, 2112841457, 3519711079, 3625810191, 4238461583, 3484563999, 3255236017, 3863104321, 3424069658, 667588696, 3594106392, 3517425918, 930440510, 830206834, 401874947, 1222517916, 642331280, 2647451482, 2586171725, 3093260258, 956519013, 1191775248, 1421268686, 2226383025, 2863382583, 3912415205, 3843352812, 1374391521, 1942630070, 2990029587, 2110977884, 3479514887, 17568486, 4081496626, 3017460899, 997898185, 1258868183, 1173001781, 255816614, 245675881, 4144464479, 637983394, 2757084898, 4087948126, 625607116, 159876549, 370575507, 1214100023, 430506471, 3726241396, 4217461130, 131631306, 3614436988, 495252794, 3149572999, 4272777191, 4002535140, 2282442513, 3992979000, 1653506292, 411267275, 2701468953, 2314138611, 1841590067, 2938973727, 3743691523, 2734606894, 3753147757, 2282097552, 1079926608, 2960048422, 178080932, 155582394, 478443907, 99891714, 3514630369, 3853259117, 1971296806, 742316260, 94217648, 2520678553, 2403691203, 952271859, 4112834672, 963214299, 805968158, 1049326643, 3773099923, 2663888249, 3491066498, 1807257851, 3718265445, 3985744133, 3893483435, 665963924, 2240731008, 239356563, 2622965994, 2386522212, 1801610928, 2152270140, 2365324556, 2975333721, 3049235797, 3187234965, 472432226, 2540077252, 2556724721, 503284487, 1255410088, 1814061392, 2274007173, 1867431667, 3459091142, 367878400, 4190843306, 817587657, 3073913204, 884548243, 436615574, 3916961560, 693684662, 931379277, 981578341, 3478772024, 2646121292, 761607221, 846902108, 3110209536, 3082312942, 4264289383, 1941859271, 922020494, 4229758714, 2963592563, 2698883091, 920206730, 3586381400, 316095216, 864390915, 3712329366, 231309509, 1464304927, 2416336454, 59286834, 2931734109, 2983728864, 1995531369, 1940325526, 1756326916, 2129209234, 60119050, 163006267, 800794990, 1124400300, 1132731574, 2496693960, 701088238, 118806481, 2705593669, 3623929599, 4161217683, 2985923341, 4117076210, 3109156119, 1656848641, 4072828736, 2666413111, 2810638106, 4266053136, 1444080475, 3708974385, 749023885, 4081595810, 4116564551, 1748340848, 1510771150, 1092547822, 199101139, 2901506942, 2656157846, 1794507259, 1433041478, 4001845561, 1865913298, 2183591512, 908173264, 188864035, 664246137, 238727094, 3383709590, 2090436930, 4289261517, 3330683189, 1269206102, 467255663, 354261581, 544604602, 1793522994, 2820363737, 2632933037, 2455495454, 467716094, 2933525083, 1680370181, 4167359815, 753942182, 3714845922, 2251414203, 3745559161, 106400511, 2988125545, 2205169471, 177016700, 1988615275, 1587119027, 3028712211, 3630442034, 3204891681, 1966481989, 4143379123, 1659593288, 3847259754, 918479363, 3407697615, 1397071499, 3115789865, 3423168478, 1779857813, 1686618520, 4002552129, 2997231800, 3031550454, 3343032204, 3236393874, 3876283018, 4058688689, 948544158, 117576925, 151), None)
Loaded weights: -6.271611378023229, -15.422526186263461, -0.4225318764809267, 0.0, -5.0
events: 
  ----
(3, (794598945, 1433090568, 36118492, 1412116579, 2883831089, 1349391788, 1916466764, 2650063196, 356122123, 797280731, 4117668187, 3351296408, 3070006943, 3396053749, 1594361878, 1587901475, 464979762, 2465606038, 2670444010, 3052660485, 3863194454, 745592771, 4249213058, 71566919, 2931658605, 3262820987, 2248844902, 383987100, 436549972, 2016078487, 4284988061, 3038506449, 2371157141, 1243938772, 2480847319, 3510242016, 4172158673, 2480305977, 3882408553, 2007094147, 16319567, 2450099413, 3874724929, 2178130495, 3996546125, 2396662567, 4276007545, 1888433632, 2369224683, 1796245194, 2595546327, 466800774, 3274126071, 1454765406, 3592005292, 2528942298, 4146497052, 2982266728, 1198520981, 2425445431, 1301835572, 74107694, 2868173045, 2035531157, 3676020401, 3700467408, 1867145086, 2494495876, 1925441109, 3965984214, 1931936125, 3302893116, 424288367, 579567337, 2652335536, 582391611, 735243837, 3713439206, 4010000480, 3686079114, 1123421957, 3417904644, 1531454851, 3651838055, 1662841245, 1718926115, 231413959, 2136143149, 1125952558, 399299928, 3841886914, 1254021736, 3999038574, 1360355201, 4239335467, 1308510634, 1417637180, 1153962239, 4162414821, 3495790268, 2815559547, 2606990129, 2656456008, 1922869386, 706618314, 1950881042, 1817647616, 2243163556, 1992076357, 2296728382, 2362037184, 2370572359, 1341883834, 481024384, 3916681710, 2837179932, 1332350035, 2273144518, 3017045869, 523007218, 3452299160, 734854577, 3505101914, 3926904586, 1675816335, 4035470355, 2903175, 2769418854, 664421774, 2544059808, 2981072161, 2438060342, 1412443382, 4058437134, 3767771666, 847421394, 392207568, 3024525706, 3912690600, 128398822, 4274948043, 1438011921, 1696047855, 377033656, 3071579883, 1568367701, 3934817596, 564017302, 4000887596, 3797321651, 371546955, 1712542034, 3328185012, 1310922272, 3897303790, 3187049198, 2036692897, 1123156771, 1660639094, 1550937998, 1157041578, 2376239545, 1818777931, 994538645, 1319007300, 2786604213, 2797808646, 712768862, 4205271639, 2240670076, 684096681, 1528026275, 3087044078, 984738269, 3124261344, 1404932288, 864184683, 1296440227, 3047801758, 952758626, 3054996063, 2649402995, 2187319162, 1689871481, 3304392958, 629312074, 4055189746, 3291263603, 1962672448, 4058350683, 2173452546, 3636254148, 2357506062, 487413066, 1637865312, 1848524097, 3541350252, 2986503728, 1215863982, 3347468110, 3823660893, 2441057915, 2608594880, 1478854465, 4092034402, 4241113051, 3077299060, 4106584565, 64522765, 662694786, 916928261, 1822762975, 171620159, 460466333, 3217271230, 200102158, 2955182415, 1383054901, 3803865426, 3699778545, 1220248163, 232392633, 1673697540, 3404106962, 4151854196, 3046673475, 876377292, 3034284426, 1976029023, 3985542880, 2330022955, 227526326, 3189772179, 1437887177, 934873646, 1668355099, 2578961302, 3842091875, 617641646, 2262758413, 3055790757, 2592567537, 4184902725, 91518860, 2508603355, 1952609338, 733878774, 1196708411, 269299908, 4058537655, 4260236541, 3212151919, 1188709322, 562939521, 3552484120, 4163575026, 503050215, 3479032291, 2133590702, 2560440448, 2427734656, 3889338084, 2316260150, 2318092237, 3821640182, 2982973443, 2255130714, 1903893753, 3371935706, 3050723364, 2471113656, 925295046, 2903462376, 4234287952, 3274277674, 1540261635, 3329435937, 1547232276, 2301692093, 1690968930, 3769250755, 2227213021, 3438384336, 4144209416, 1640695980, 2514917545, 2180887338, 2885169874, 2221485516, 190551556, 738882413, 4137517212, 3172392414, 1783520108, 1616132322, 31618753, 4141190762, 2102114103, 20798232, 1432197382, 789622950, 1844492550, 2076508160, 4211960451, 206184308, 2394347907, 2359555653, 647511651, 454802853, 3314056392, 3083532314, 1192461914, 3658229121, 891494260, 517674064, 1251410630, 1862548361, 189376036, 123957164, 3507727523, 2500396363, 1361997267, 569562179, 1505311736, 1439689424, 1236941286, 997388259, 1309695567, 67908071, 2921773949, 688158266, 1380097965, 2256308548, 776873601, 3468839699, 1849664577, 2071472030, 2901200614, 1814473322, 1861149752, 4041377298, 1855553132, 906006208, 1582786676, 450932222, 537506522, 2621478778, 2726895192, 3163055530, 1594566674, 1553672056, 3001732953, 2595375753, 475731322, 2380950526, 3815706067, 2031311414, 2024378520, 3486430638, 3703351401, 3496950978, 3527971700, 2451415048, 1688425261, 2072254023, 1387198899, 1195427796, 1498386866, 3813259569, 108823254, 1947382070, 1022276166, 1757123055, 3865701006, 3776434577, 2357224379, 3175317787, 1510859606, 2405996439, 4085304918, 3801917669, 896352461, 2262496240, 1160946095, 3462720847, 3877421751, 500215850, 1851232735, 1762258269, 1680674924, 796296296, 3607026427, 897933252, 1379828256, 3091965889, 1047983840, 3083800377, 2657768801, 609884303, 1952281804, 566439848, 2488625776, 3747034466, 1127130607, 3980348213, 4227696294, 2386024768, 1367802987, 991261941, 861065226, 1884982391, 797768447, 2213924181, 234585723, 4111659242, 3086360483, 1928872138, 2277469010, 316519980, 1993069397, 22779461, 2667894232, 1849156672, 19823189, 1213604232, 70852224, 866236698, 1731708496, 1375542447, 1747718107, 4129583782, 738376069, 2499575781, 3287583938, 3416022483, 2254728276, 956277657, 2488649314, 1094846027, 2658508573, 2933788460, 487622441, 3909790676, 3971231802, 2187561339, 4047029801, 1591357832, 579578885, 2544479876, 213339287, 178588247, 2043986149, 722037120, 2681749353, 1806074982, 591385760, 2752013972, 3028886519, 2146617799, 3233777204, 1355144637, 3416778444, 2359987912, 1144578445, 1741748053, 2961452783, 3349874098, 113669187, 3033750165, 1885437121, 3642891720, 2725469184, 3406348821, 305291585, 2067915095, 1381176762, 125872439, 3214178115, 669487270, 2105644243, 4017851446, 1314193823, 3180743313, 1975897682, 1988652442, 2497768695, 1118592919, 1747438497, 1106953605, 3475330369, 3608415543, 813416598, 630455820, 1536981315, 2887893942, 138887497, 1515596653, 2460167929, 3699942327, 730722479, 2092926360, 625167229, 2313155880, 2479464516, 2770073088, 840791612, 1223694711, 3796618765, 3861723845, 2319614499, 138146605, 799042243, 132471008, 2225682860, 3744942128, 2799468085, 2349553237, 2201483100, 70434756, 3776100798, 4210603861, 1691348199, 1673438714, 1115665950, 1613597088, 3099407088, 3577876919, 2075155636, 2405524317, 578881624, 4276826530, 1981359779, 63943545, 106227074, 1691536342, 4247085471, 1285369388, 2619551158, 1231590351, 738437697, 4189472215, 3323192376, 3044246349, 1024076710, 3426055569, 3855322519, 2422605093, 2027295324, 2041026020, 1827054887, 907402806, 3342045280, 3163508641, 2032402232, 1653193935, 3881330256, 232031767, 1502236559, 3425904926, 1213721525, 169600218, 3374242685, 127544814, 1975561418, 1584954923, 599777230, 212085624, 560704703, 1565468557, 502202926, 689898429, 2054675373, 3220341230, 203005410, 2412233123, 2419127143, 761209506, 3416601768, 1931078869, 311406103, 2149501085, 1014734380, 510269985, 3513682421, 617623028, 760178975, 3505756241, 2052017635, 2148391071, 169354584, 2494356489, 1494461419, 1233462297, 302922252, 4053203166, 1232425288, 1845980278, 150761519, 2568725470, 415242403, 2619320775, 2315110806, 797201660, 2483605288, 1474630508, 1229572604, 3419581026, 2478142260, 2944940066, 3653275989, 715149450, 3835967465, 1539336113, 1129108834, 3309823567, 1146614944, 187122492, 4078686273, 2217741255, 1739663249, 1956133732, 1618464666, 2339959584, 963244278, 237), None)
Loaded weights: -9.432529215364346, -15.422526186263461, -0.4225318764809267, 0.0, -2.437442773662588
