Starting iterations: 50
(3, (1476879098, 2289588417, 543253109, 847975427, 3062710697, 3171086743, 414223033, 2141856416, 1929094635, 2250358174, 3385921077, 4003281129, 3661785566, 3649460463, 612685538, 2384087118, 2809412935, 415094366, 3204443862, 1489817112, 2390193436, 4149313210, 66596280, 346830073, 1758363827, 2911061547, 3456135501, 574837787, 1020100063, 3966523894, 1706972280, 139047077, 2250323791, 4188639007, 747757764, 3308534022, 2041928949, 2075237038, 860849385, 2760963377, 3905161600, 2518135326, 177430378, 3082697229, 2927588214, 848057171, 2340412795, 653908129, 2581212280, 1253094865, 2562375202, 3121755312, 4238191500, 1366931210, 4082274068, 3221772375, 3587394630, 3872469407, 3628928579, 3361797465, 3526173354, 185642005, 2371672250, 1423837729, 1975837156, 817615181, 3592700920, 427622849, 1316117624, 1900854337, 2563121204, 178082722, 749990367, 3881936936, 769238733, 2926105014, 3027985612, 4135414198, 616145488, 3430823601, 1536790284, 3297260439, 1807029646, 2842073102, 4063770903, 3211108680, 3761366511, 1187118201, 3054189097, 2278284650, 3717352081, 3371191296, 2200151621, 3495828034, 1355355865, 2942720454, 2408783975, 1821232110, 2166992107, 2602093350, 3005522663, 550226966, 935045707, 3676418243, 546857991, 3520969447, 1898875881, 1430523382, 2338258826, 493147265, 1794209653, 3077890757, 2426623436, 1247872885, 1356718446, 4175673380, 614105617, 1092292244, 4255928119, 2824986845, 3374104826, 3917266736, 2720244268, 2718592835, 533638547, 1457547826, 2850340880, 4132542803, 580202745, 1586325626, 2922685142, 3058348082, 3961153819, 1290186260, 79979565, 1725180344, 420544535, 3499767706, 4071657560, 1779543707, 380903414, 3925938687, 3309810564, 426673770, 2656234993, 2206700865, 996954837, 2479582349, 280864729, 4128536834, 2915005541, 2301926195, 4284112213, 4073388902, 419460471, 4085991818, 1949281155, 1118457465, 1404697523, 2427388820, 3276561041, 703438495, 3265142264, 2249789872, 3406358745, 2285678901, 3196926398, 3651383843, 2586818021, 3975508602, 871603810, 3239735589, 704157827, 4008783910, 2855367310, 2521546257, 471955061, 3180309504, 1588613008, 2873812889, 3696151660, 1830614536, 187408244, 14557694, 2638926421, 2026686079, 1257761509, 1064086160, 3596176341, 3609960316, 3719582509, 1631467824, 2992504778, 2625011462, 1112982117, 1667159248, 1240521030, 3631956803, 2401874451, 1869187788, 3218770756, 399416449, 1228722581, 1833010544, 3291557711, 3608761266, 1620522602, 2339154666, 3121854833, 3380359494, 2083772209, 273173149, 2225501733, 1771759615, 3296117211, 34264529, 98615506, 3869451344, 2156396375, 2439026052, 301761826, 2278378068, 3333159685, 1384497021, 78808397, 153606169, 61171520, 2770531628, 1519506657, 804896670, 1074045222, 3897788824, 1920166245, 3628293859, 685011732, 1805378519, 2292076029, 1681013732, 812065617, 610017743, 2748106819, 3547351651, 194901540, 4136429688, 2773235267, 1263593326, 1397154898, 1634832182, 2051651311, 1166970886, 896754859, 2520333196, 862432757, 1579493683, 2656929845, 1157018325, 199919193, 945108158, 3047826800, 1463955955, 1944970451, 752882098, 1494899186, 3862571998, 1436797533, 2505799572, 1149147561, 655924282, 587775309, 3926312044, 3786871598, 1964787097, 3756665074, 3736370555, 594502908, 2925469764, 2936426006, 2711561895, 403689447, 2868040704, 1826185269, 1871847856, 3042331254, 3626784720, 2559728712, 1672896564, 2672712732, 1336036138, 3768409810, 2513605511, 806008274, 4142459537, 461299224, 1566515827, 3861674560, 1342105032, 1171921991, 3119677467, 3657263476, 2667605281, 1486554064, 783790902, 652905833, 3130542455, 838906682, 3811051556, 3803366158, 683928075, 3808868363, 2665074342, 2721967364, 4191118562, 730321064, 4196740585, 3340283664, 2053604010, 2574400017, 1102653137, 825455643, 1332295823, 1832240456, 4228039213, 1382085184, 2802956717, 1368861615, 3534641191, 603168386, 4105293088, 2793592032, 2985157207, 2669669805, 1782413177, 3056499617, 513438758, 1454176457, 3184999072, 2286764793, 1251441794, 2458977591, 1778974278, 3362726165, 1466220682, 727175903, 1752561479, 372252292, 3487374910, 2330299873, 104465907, 2635799564, 247534274, 1064994705, 3888358865, 807759142, 2315384706, 2908904684, 4070282696, 4225201897, 1474472925, 2757110089, 1045363517, 1598739902, 1390532026, 2088722964, 2920327910, 3749218386, 2541523814, 817764858, 1356226324, 2458050581, 2297014451, 2946384373, 2245588975, 2020791608, 1293674258, 2273261508, 2414799082, 1273988662, 1132603974, 328440116, 786794367, 4282381124, 3529614796, 2641746322, 354045994, 3902929047, 2970854734, 4138750858, 461025610, 915661585, 3129121664, 3268434127, 847351294, 2150118777, 828177591, 2915582530, 2478073158, 1670764809, 2270641690, 2705952713, 1138124177, 195757733, 4074804219, 3871033763, 1788919827, 397675800, 2017323087, 4038847853, 1598157988, 4007910343, 46906317, 1352671210, 3820790143, 2863655007, 3988303185, 1523067452, 1691389270, 3524435137, 2613716283, 464140113, 2936083521, 1758780270, 3951420798, 1534827283, 1079349851, 1822999845, 241510918, 4125894085, 2759530334, 2746178345, 910190093, 2868022213, 375035211, 3191559283, 1719867841, 307734925, 10717699, 4095197909, 1441673698, 1580060632, 1565031713, 180595442, 2081807677, 1465091347, 1470138503, 3574158158, 2474283346, 3596920787, 3787623703, 2617341219, 251296577, 2718111903, 1732145060, 2460803811, 1619292438, 4087181238, 2706698360, 4266043559, 3426184141, 2004299823, 1229031298, 3235762706, 2989407647, 1347821885, 2490054777, 3980425156, 2997275911, 243630274, 3524913224, 3284225352, 2551729734, 509921513, 3859288950, 1481893943, 741483564, 2173821789, 2252211367, 1425927473, 2310043186, 163241755, 1868761487, 1298888578, 2807917787, 2968946029, 1065263674, 2830740107, 2242544920, 1619814531, 1217579946, 1176594802, 586186846, 2068892602, 2399306164, 1008013000, 849040066, 1513298918, 4215426266, 2065532814, 3996057515, 3903710312, 1182363529, 2309143979, 3135049238, 2592665140, 265540440, 200144369, 3105665452, 205296058, 1113864403, 4024036062, 374520236, 2671516071, 2006201739, 2432359173, 1874913070, 2184618496, 1666000187, 2334956203, 2988664476, 337711795, 3103149943, 4204701936, 4209715088, 1567158075, 2042189905, 2908093309, 1360358813, 3794747719, 2046207735, 2274465901, 2337374977, 2924460673, 2940880983, 4096432887, 4122780630, 1398526064, 4090470387, 777085495, 159853304, 2984354743, 3968835664, 1813256323, 4288682924, 45274215, 4294312556, 2730901077, 606201996, 494692768, 148586973, 2180584793, 795444499, 349379854, 1022222087, 894498310, 583719199, 1995272142, 958152992, 1616178548, 45508227, 2839031113, 3333084402, 2856481111, 3962231443, 4088021744, 2670367996, 2403553730, 1804260700, 3951259585, 669934250, 2983982653, 3090511734, 3861695275, 508510532, 4002369941, 2723454210, 3606642783, 142722380, 3692267622, 796173884, 678384868, 2644505471, 1045599048, 370172206, 1060187376, 3163266621, 1430218220, 2320438520, 3622318460, 2384448724, 2254113139, 1686592095, 3981342089, 3818469435, 324266735, 546721159, 114552662, 213647263, 68287177, 1391640302, 1887376466, 883566020, 3504505470, 2129882964, 3840661268, 1338782116, 2405869028, 3565989221, 118245364, 819164070, 2947321682, 4088654607, 514161790, 1383063237, 2170146244, 2055609811, 527188464, 3111738783, 2048545357, 708723827, 1537346078, 2447952048, 3009416061, 2342894930, 2984348773, 261515380, 1), None)
events: me killed itself, 
  ----
(3, (1476879098, 2289588417, 543253109, 847975427, 3062710697, 3171086743, 414223033, 2141856416, 1929094635, 2250358174, 3385921077, 4003281129, 3661785566, 3649460463, 612685538, 2384087118, 2809412935, 415094366, 3204443862, 1489817112, 2390193436, 4149313210, 66596280, 346830073, 1758363827, 2911061547, 3456135501, 574837787, 1020100063, 3966523894, 1706972280, 139047077, 2250323791, 4188639007, 747757764, 3308534022, 2041928949, 2075237038, 860849385, 2760963377, 3905161600, 2518135326, 177430378, 3082697229, 2927588214, 848057171, 2340412795, 653908129, 2581212280, 1253094865, 2562375202, 3121755312, 4238191500, 1366931210, 4082274068, 3221772375, 3587394630, 3872469407, 3628928579, 3361797465, 3526173354, 185642005, 2371672250, 1423837729, 1975837156, 817615181, 3592700920, 427622849, 1316117624, 1900854337, 2563121204, 178082722, 749990367, 3881936936, 769238733, 2926105014, 3027985612, 4135414198, 616145488, 3430823601, 1536790284, 3297260439, 1807029646, 2842073102, 4063770903, 3211108680, 3761366511, 1187118201, 3054189097, 2278284650, 3717352081, 3371191296, 2200151621, 3495828034, 1355355865, 2942720454, 2408783975, 1821232110, 2166992107, 2602093350, 3005522663, 550226966, 935045707, 3676418243, 546857991, 3520969447, 1898875881, 1430523382, 2338258826, 493147265, 1794209653, 3077890757, 2426623436, 1247872885, 1356718446, 4175673380, 614105617, 1092292244, 4255928119, 2824986845, 3374104826, 3917266736, 2720244268, 2718592835, 533638547, 1457547826, 2850340880, 4132542803, 580202745, 1586325626, 2922685142, 3058348082, 3961153819, 1290186260, 79979565, 1725180344, 420544535, 3499767706, 4071657560, 1779543707, 380903414, 3925938687, 3309810564, 426673770, 2656234993, 2206700865, 996954837, 2479582349, 280864729, 4128536834, 2915005541, 2301926195, 4284112213, 4073388902, 419460471, 4085991818, 1949281155, 1118457465, 1404697523, 2427388820, 3276561041, 703438495, 3265142264, 2249789872, 3406358745, 2285678901, 3196926398, 3651383843, 2586818021, 3975508602, 871603810, 3239735589, 704157827, 4008783910, 2855367310, 2521546257, 471955061, 3180309504, 1588613008, 2873812889, 3696151660, 1830614536, 187408244, 14557694, 2638926421, 2026686079, 1257761509, 1064086160, 3596176341, 3609960316, 3719582509, 1631467824, 2992504778, 2625011462, 1112982117, 1667159248, 1240521030, 3631956803, 2401874451, 1869187788, 3218770756, 399416449, 1228722581, 1833010544, 3291557711, 3608761266, 1620522602, 2339154666, 3121854833, 3380359494, 2083772209, 273173149, 2225501733, 1771759615, 3296117211, 34264529, 98615506, 3869451344, 2156396375, 2439026052, 301761826, 2278378068, 3333159685, 1384497021, 78808397, 153606169, 61171520, 2770531628, 1519506657, 804896670, 1074045222, 3897788824, 1920166245, 3628293859, 685011732, 1805378519, 2292076029, 1681013732, 812065617, 610017743, 2748106819, 3547351651, 194901540, 4136429688, 2773235267, 1263593326, 1397154898, 1634832182, 2051651311, 1166970886, 896754859, 2520333196, 862432757, 1579493683, 2656929845, 1157018325, 199919193, 945108158, 3047826800, 1463955955, 1944970451, 752882098, 1494899186, 3862571998, 1436797533, 2505799572, 1149147561, 655924282, 587775309, 3926312044, 3786871598, 1964787097, 3756665074, 3736370555, 594502908, 2925469764, 2936426006, 2711561895, 403689447, 2868040704, 1826185269, 1871847856, 3042331254, 3626784720, 2559728712, 1672896564, 2672712732, 1336036138, 3768409810, 2513605511, 806008274, 4142459537, 461299224, 1566515827, 3861674560, 1342105032, 1171921991, 3119677467, 3657263476, 2667605281, 1486554064, 783790902, 652905833, 3130542455, 838906682, 3811051556, 3803366158, 683928075, 3808868363, 2665074342, 2721967364, 4191118562, 730321064, 4196740585, 3340283664, 2053604010, 2574400017, 1102653137, 825455643, 1332295823, 1832240456, 4228039213, 1382085184, 2802956717, 1368861615, 3534641191, 603168386, 4105293088, 2793592032, 2985157207, 2669669805, 1782413177, 3056499617, 513438758, 1454176457, 3184999072, 2286764793, 1251441794, 2458977591, 1778974278, 3362726165, 1466220682, 727175903, 1752561479, 372252292, 3487374910, 2330299873, 104465907, 2635799564, 247534274, 1064994705, 3888358865, 807759142, 2315384706, 2908904684, 4070282696, 4225201897, 1474472925, 2757110089, 1045363517, 1598739902, 1390532026, 2088722964, 2920327910, 3749218386, 2541523814, 817764858, 1356226324, 2458050581, 2297014451, 2946384373, 2245588975, 2020791608, 1293674258, 2273261508, 2414799082, 1273988662, 1132603974, 328440116, 786794367, 4282381124, 3529614796, 2641746322, 354045994, 3902929047, 2970854734, 4138750858, 461025610, 915661585, 3129121664, 3268434127, 847351294, 2150118777, 828177591, 2915582530, 2478073158, 1670764809, 2270641690, 2705952713, 1138124177, 195757733, 4074804219, 3871033763, 1788919827, 397675800, 2017323087, 4038847853, 1598157988, 4007910343, 46906317, 1352671210, 3820790143, 2863655007, 3988303185, 1523067452, 1691389270, 3524435137, 2613716283, 464140113, 2936083521, 1758780270, 3951420798, 1534827283, 1079349851, 1822999845, 241510918, 4125894085, 2759530334, 2746178345, 910190093, 2868022213, 375035211, 3191559283, 1719867841, 307734925, 10717699, 4095197909, 1441673698, 1580060632, 1565031713, 180595442, 2081807677, 1465091347, 1470138503, 3574158158, 2474283346, 3596920787, 3787623703, 2617341219, 251296577, 2718111903, 1732145060, 2460803811, 1619292438, 4087181238, 2706698360, 4266043559, 3426184141, 2004299823, 1229031298, 3235762706, 2989407647, 1347821885, 2490054777, 3980425156, 2997275911, 243630274, 3524913224, 3284225352, 2551729734, 509921513, 3859288950, 1481893943, 741483564, 2173821789, 2252211367, 1425927473, 2310043186, 163241755, 1868761487, 1298888578, 2807917787, 2968946029, 1065263674, 2830740107, 2242544920, 1619814531, 1217579946, 1176594802, 586186846, 2068892602, 2399306164, 1008013000, 849040066, 1513298918, 4215426266, 2065532814, 3996057515, 3903710312, 1182363529, 2309143979, 3135049238, 2592665140, 265540440, 200144369, 3105665452, 205296058, 1113864403, 4024036062, 374520236, 2671516071, 2006201739, 2432359173, 1874913070, 2184618496, 1666000187, 2334956203, 2988664476, 337711795, 3103149943, 4204701936, 4209715088, 1567158075, 2042189905, 2908093309, 1360358813, 3794747719, 2046207735, 2274465901, 2337374977, 2924460673, 2940880983, 4096432887, 4122780630, 1398526064, 4090470387, 777085495, 159853304, 2984354743, 3968835664, 1813256323, 4288682924, 45274215, 4294312556, 2730901077, 606201996, 494692768, 148586973, 2180584793, 795444499, 349379854, 1022222087, 894498310, 583719199, 1995272142, 958152992, 1616178548, 45508227, 2839031113, 3333084402, 2856481111, 3962231443, 4088021744, 2670367996, 2403553730, 1804260700, 3951259585, 669934250, 2983982653, 3090511734, 3861695275, 508510532, 4002369941, 2723454210, 3606642783, 142722380, 3692267622, 796173884, 678384868, 2644505471, 1045599048, 370172206, 1060187376, 3163266621, 1430218220, 2320438520, 3622318460, 2384448724, 2254113139, 1686592095, 3981342089, 3818469435, 324266735, 546721159, 114552662, 213647263, 68287177, 1391640302, 1887376466, 883566020, 3504505470, 2129882964, 3840661268, 1338782116, 2405869028, 3565989221, 118245364, 819164070, 2947321682, 4088654607, 514161790, 1383063237, 2170146244, 2055609811, 527188464, 3111738783, 2048545357, 708723827, 1537346078, 2447952048, 3009416061, 2342894930, 2984348773, 261515380, 75), None)
Loaded weights: 4.976703279560211, -1.3464038025938407, -0.42635726698236753, 0.0, -5.0
events: me found the exit, 
  ----
(3, (1476879098, 2289588417, 543253109, 847975427, 3062710697, 3171086743, 414223033, 2141856416, 1929094635, 2250358174, 3385921077, 4003281129, 3661785566, 3649460463, 612685538, 2384087118, 2809412935, 415094366, 3204443862, 1489817112, 2390193436, 4149313210, 66596280, 346830073, 1758363827, 2911061547, 3456135501, 574837787, 1020100063, 3966523894, 1706972280, 139047077, 2250323791, 4188639007, 747757764, 3308534022, 2041928949, 2075237038, 860849385, 2760963377, 3905161600, 2518135326, 177430378, 3082697229, 2927588214, 848057171, 2340412795, 653908129, 2581212280, 1253094865, 2562375202, 3121755312, 4238191500, 1366931210, 4082274068, 3221772375, 3587394630, 3872469407, 3628928579, 3361797465, 3526173354, 185642005, 2371672250, 1423837729, 1975837156, 817615181, 3592700920, 427622849, 1316117624, 1900854337, 2563121204, 178082722, 749990367, 3881936936, 769238733, 2926105014, 3027985612, 4135414198, 616145488, 3430823601, 1536790284, 3297260439, 1807029646, 2842073102, 4063770903, 3211108680, 3761366511, 1187118201, 3054189097, 2278284650, 3717352081, 3371191296, 2200151621, 3495828034, 1355355865, 2942720454, 2408783975, 1821232110, 2166992107, 2602093350, 3005522663, 550226966, 935045707, 3676418243, 546857991, 3520969447, 1898875881, 1430523382, 2338258826, 493147265, 1794209653, 3077890757, 2426623436, 1247872885, 1356718446, 4175673380, 614105617, 1092292244, 4255928119, 2824986845, 3374104826, 3917266736, 2720244268, 2718592835, 533638547, 1457547826, 2850340880, 4132542803, 580202745, 1586325626, 2922685142, 3058348082, 3961153819, 1290186260, 79979565, 1725180344, 420544535, 3499767706, 4071657560, 1779543707, 380903414, 3925938687, 3309810564, 426673770, 2656234993, 2206700865, 996954837, 2479582349, 280864729, 4128536834, 2915005541, 2301926195, 4284112213, 4073388902, 419460471, 4085991818, 1949281155, 1118457465, 1404697523, 2427388820, 3276561041, 703438495, 3265142264, 2249789872, 3406358745, 2285678901, 3196926398, 3651383843, 2586818021, 3975508602, 871603810, 3239735589, 704157827, 4008783910, 2855367310, 2521546257, 471955061, 3180309504, 1588613008, 2873812889, 3696151660, 1830614536, 187408244, 14557694, 2638926421, 2026686079, 1257761509, 1064086160, 3596176341, 3609960316, 3719582509, 1631467824, 2992504778, 2625011462, 1112982117, 1667159248, 1240521030, 3631956803, 2401874451, 1869187788, 3218770756, 399416449, 1228722581, 1833010544, 3291557711, 3608761266, 1620522602, 2339154666, 3121854833, 3380359494, 2083772209, 273173149, 2225501733, 1771759615, 3296117211, 34264529, 98615506, 3869451344, 2156396375, 2439026052, 301761826, 2278378068, 3333159685, 1384497021, 78808397, 153606169, 61171520, 2770531628, 1519506657, 804896670, 1074045222, 3897788824, 1920166245, 3628293859, 685011732, 1805378519, 2292076029, 1681013732, 812065617, 610017743, 2748106819, 3547351651, 194901540, 4136429688, 2773235267, 1263593326, 1397154898, 1634832182, 2051651311, 1166970886, 896754859, 2520333196, 862432757, 1579493683, 2656929845, 1157018325, 199919193, 945108158, 3047826800, 1463955955, 1944970451, 752882098, 1494899186, 3862571998, 1436797533, 2505799572, 1149147561, 655924282, 587775309, 3926312044, 3786871598, 1964787097, 3756665074, 3736370555, 594502908, 2925469764, 2936426006, 2711561895, 403689447, 2868040704, 1826185269, 1871847856, 3042331254, 3626784720, 2559728712, 1672896564, 2672712732, 1336036138, 3768409810, 2513605511, 806008274, 4142459537, 461299224, 1566515827, 3861674560, 1342105032, 1171921991, 3119677467, 3657263476, 2667605281, 1486554064, 783790902, 652905833, 3130542455, 838906682, 3811051556, 3803366158, 683928075, 3808868363, 2665074342, 2721967364, 4191118562, 730321064, 4196740585, 3340283664, 2053604010, 2574400017, 1102653137, 825455643, 1332295823, 1832240456, 4228039213, 1382085184, 2802956717, 1368861615, 3534641191, 603168386, 4105293088, 2793592032, 2985157207, 2669669805, 1782413177, 3056499617, 513438758, 1454176457, 3184999072, 2286764793, 1251441794, 2458977591, 1778974278, 3362726165, 1466220682, 727175903, 1752561479, 372252292, 3487374910, 2330299873, 104465907, 2635799564, 247534274, 1064994705, 3888358865, 807759142, 2315384706, 2908904684, 4070282696, 4225201897, 1474472925, 2757110089, 1045363517, 1598739902, 1390532026, 2088722964, 2920327910, 3749218386, 2541523814, 817764858, 1356226324, 2458050581, 2297014451, 2946384373, 2245588975, 2020791608, 1293674258, 2273261508, 2414799082, 1273988662, 1132603974, 328440116, 786794367, 4282381124, 3529614796, 2641746322, 354045994, 3902929047, 2970854734, 4138750858, 461025610, 915661585, 3129121664, 3268434127, 847351294, 2150118777, 828177591, 2915582530, 2478073158, 1670764809, 2270641690, 2705952713, 1138124177, 195757733, 4074804219, 3871033763, 1788919827, 397675800, 2017323087, 4038847853, 1598157988, 4007910343, 46906317, 1352671210, 3820790143, 2863655007, 3988303185, 1523067452, 1691389270, 3524435137, 2613716283, 464140113, 2936083521, 1758780270, 3951420798, 1534827283, 1079349851, 1822999845, 241510918, 4125894085, 2759530334, 2746178345, 910190093, 2868022213, 375035211, 3191559283, 1719867841, 307734925, 10717699, 4095197909, 1441673698, 1580060632, 1565031713, 180595442, 2081807677, 1465091347, 1470138503, 3574158158, 2474283346, 3596920787, 3787623703, 2617341219, 251296577, 2718111903, 1732145060, 2460803811, 1619292438, 4087181238, 2706698360, 4266043559, 3426184141, 2004299823, 1229031298, 3235762706, 2989407647, 1347821885, 2490054777, 3980425156, 2997275911, 243630274, 3524913224, 3284225352, 2551729734, 509921513, 3859288950, 1481893943, 741483564, 2173821789, 2252211367, 1425927473, 2310043186, 163241755, 1868761487, 1298888578, 2807917787, 2968946029, 1065263674, 2830740107, 2242544920, 1619814531, 1217579946, 1176594802, 586186846, 2068892602, 2399306164, 1008013000, 849040066, 1513298918, 4215426266, 2065532814, 3996057515, 3903710312, 1182363529, 2309143979, 3135049238, 2592665140, 265540440, 200144369, 3105665452, 205296058, 1113864403, 4024036062, 374520236, 2671516071, 2006201739, 2432359173, 1874913070, 2184618496, 1666000187, 2334956203, 2988664476, 337711795, 3103149943, 4204701936, 4209715088, 1567158075, 2042189905, 2908093309, 1360358813, 3794747719, 2046207735, 2274465901, 2337374977, 2924460673, 2940880983, 4096432887, 4122780630, 1398526064, 4090470387, 777085495, 159853304, 2984354743, 3968835664, 1813256323, 4288682924, 45274215, 4294312556, 2730901077, 606201996, 494692768, 148586973, 2180584793, 795444499, 349379854, 1022222087, 894498310, 583719199, 1995272142, 958152992, 1616178548, 45508227, 2839031113, 3333084402, 2856481111, 3962231443, 4088021744, 2670367996, 2403553730, 1804260700, 3951259585, 669934250, 2983982653, 3090511734, 3861695275, 508510532, 4002369941, 2723454210, 3606642783, 142722380, 3692267622, 796173884, 678384868, 2644505471, 1045599048, 370172206, 1060187376, 3163266621, 1430218220, 2320438520, 3622318460, 2384448724, 2254113139, 1686592095, 3981342089, 3818469435, 324266735, 546721159, 114552662, 213647263, 68287177, 1391640302, 1887376466, 883566020, 3504505470, 2129882964, 3840661268, 1338782116, 2405869028, 3565989221, 118245364, 819164070, 2947321682, 4088654607, 514161790, 1383063237, 2170146244, 2055609811, 527188464, 3111738783, 2048545357, 708723827, 1537346078, 2447952048, 3009416061, 2342894930, 2984348773, 261515380, 441), None)
Loaded weights: 16.355897417192693, -1.3464038025938407, -0.42635726698236753, 0.0, 5.0
events: 
  ----
(3, (442737317, 1752272428, 3281739599, 2313492142, 896097263, 871087136, 1433784643, 3082907442, 2066560640, 224123560, 2970081295, 2210590504, 4143982437, 48395419, 3836839256, 1612531235, 2716223102, 1169677655, 146205274, 3576243791, 3764558438, 1515594125, 1012907746, 3317378024, 1682765492, 2775782250, 2289862793, 3955673877, 944965373, 2268270585, 962035667, 968323153, 3550220637, 4240079783, 885033416, 1542015702, 1532744854, 2465782566, 2346926148, 2155202069, 518383853, 459563117, 3751792888, 1576801097, 3160097867, 3420773233, 2647970824, 3655615858, 1865055077, 3661232322, 3167459151, 3796869349, 1715904708, 2611633941, 2654139216, 4165289152, 2330220806, 112416840, 1550596619, 2538617330, 280464664, 1910070386, 3123065421, 4198474464, 863757798, 2068054209, 1105004614, 3396950520, 319300600, 48664792, 2539078041, 1284507000, 2879953490, 3514870608, 4047272877, 40786513, 1460441335, 3553440373, 956935968, 959523511, 855432998, 2086688220, 2077246856, 2910837718, 4176460927, 1508296517, 3306613977, 716474176, 3327093677, 2538470676, 753593770, 2662861455, 1256164735, 2319249417, 2561781079, 3805556260, 1155381045, 3283057996, 3066964297, 3146212898, 3192592800, 1786282386, 4074833719, 1088831351, 188441530, 2065111839, 628217251, 239241780, 1856400179, 2689374943, 3235314030, 2810724408, 3932850889, 3075664144, 1273358745, 1539254994, 1330471012, 635974980, 2926929290, 4020435670, 3332192516, 1160823717, 1895548937, 745623270, 3516600969, 1234865971, 2610504743, 1696060382, 2119424416, 4113895468, 584318702, 1754537023, 3978482699, 891631688, 2619366539, 1638574627, 3723606043, 704878684, 533723233, 621505996, 2777617112, 3544349301, 2688082789, 4197834404, 661348819, 3322695122, 1864041717, 1938840934, 522966029, 3534447437, 3578379419, 1734118188, 1443690656, 3244005226, 86539202, 3595539224, 2593607420, 3325633224, 827048170, 2566549731, 3477608723, 2289509301, 2242272298, 1456387556, 826028758, 2901204527, 1794374962, 1532771311, 502295649, 2994381040, 2657872615, 2083457699, 2404249445, 3006558828, 3428986515, 966220400, 3163769602, 3114346391, 2217477727, 2989813328, 1509612856, 771398494, 2649809792, 2852080317, 4085166798, 2202167645, 2738735989, 3877335257, 3789216582, 540715061, 4269854796, 2675308182, 716989916, 359507044, 3526775379, 933987916, 2510511353, 3629090432, 2064595705, 469548907, 2149400689, 3454651463, 34269052, 1811064070, 360695437, 2493533217, 1249535185, 1265092995, 2956113350, 3760004275, 2717902391, 888603807, 511060015, 2778115148, 2321679602, 2208935341, 1238863867, 3324448388, 4056487773, 853807324, 702079321, 2717861699, 1638049745, 674363652, 373219713, 2956148677, 487002850, 3995334666, 2139967971, 3818459100, 3184317026, 3579338626, 2260902798, 18868425, 453258758, 3865747617, 2135082842, 809302392, 149180176, 2146366363, 4065517941, 2709487178, 1532703263, 1783164288, 538947296, 555063411, 3851542996, 1146024398, 2022795662, 3220094056, 3467097646, 2767687825, 325662508, 509279308, 280306336, 2762929422, 2602145190, 595750251, 3407796343, 1935823851, 3939136382, 407741745, 1760845625, 2827125095, 2555732204, 1892990031, 2482604040, 2523465364, 778502747, 2940492143, 3195699546, 2477674546, 1035359507, 3429066358, 3469464912, 950623342, 335469390, 1774501987, 4147563237, 2300747777, 2892189645, 2224674411, 2488495912, 3333256994, 2003331154, 1405817861, 4034993255, 553198193, 2721621358, 3793971364, 1480812407, 2126809834, 3437437223, 1925920102, 2911251228, 2834144516, 2266456074, 4222219555, 2585297719, 3353680826, 3336270539, 2067893702, 2250952245, 235719018, 3797497447, 1213255335, 4099436397, 2591503356, 856470159, 718189322, 3516426663, 2905363499, 4261208430, 2795158353, 1468483093, 1409205882, 1855577763, 2910578552, 537142807, 2084925403, 758456768, 4051817591, 1750352429, 3038679613, 1945166208, 3879200264, 2178908338, 3976885200, 2877735014, 610681150, 2901423124, 2300898997, 878321932, 2536446232, 279517028, 3012065936, 3305579678, 1352059690, 3532406555, 1465232028, 3705702741, 3343298601, 4136460718, 1146449702, 33995355, 1913590693, 901204208, 3356538626, 38816452, 4132322078, 2258119889, 2307499034, 1285190898, 3441953361, 475666746, 2595279371, 130872605, 2851101333, 2931544446, 3263676116, 475386517, 2720001409, 1990393680, 2991455282, 1639829999, 1200682140, 224412230, 902222349, 238952179, 1862234944, 567350668, 1532103503, 3766599259, 1822727959, 879175955, 2061244182, 4083840622, 3699404801, 3911645260, 1771241730, 2825602444, 1267898123, 2630007565, 936313448, 2662396015, 1242818863, 3578210374, 1292458052, 2503372405, 2110177426, 260993819, 2820708533, 1833570475, 2081938451, 310774092, 4113707066, 2983280637, 1472699868, 2227996852, 328260840, 323783502, 641153693, 3587148454, 3075034510, 481780591, 628703286, 3717469186, 4152590340, 4120376935, 3047222389, 19507933, 1059190334, 1821806378, 3461996139, 3581097586, 1373316601, 4107733623, 710769467, 301845609, 1591085163, 548361947, 646131461, 2391408574, 989826740, 3749516163, 3639711940, 1237398724, 1220697402, 264327070, 2390430273, 3117899644, 2473253995, 2129227806, 3663265992, 3527326813, 322036851, 2330592322, 2397635035, 2203814608, 454557014, 43315725, 952333988, 829511985, 1666393692, 2409252397, 66319467, 3675121288, 4275104535, 2139802172, 3920337729, 1538182870, 2254446639, 3228632910, 617194809, 3196682294, 2577839471, 478808805, 1602222762, 4059601987, 2796309127, 3238004441, 3928460871, 1968671810, 165870776, 4033294116, 1336315761, 1457653695, 2477934545, 3983759721, 2372003508, 1498211387, 3577670180, 923568741, 2085724325, 2656650050, 2347184073, 3140913009, 326265212, 172926089, 903646445, 2499607294, 3519467721, 4212237331, 374206524, 1633103847, 575692009, 1462449726, 3386558407, 154527006, 1432107748, 2936259005, 3328173960, 1771640110, 3202352635, 2882019577, 1407828380, 22779493, 3391910766, 1771722537, 2691676953, 2433606013, 2207228490, 2134947266, 2399179113, 1967823029, 2972222008, 823659703, 2609887906, 3484453565, 46519076, 611310904, 3860706575, 606824338, 4053421415, 3361144883, 1051089124, 3140672490, 2338021105, 4223081870, 2980869471, 264152750, 1513811038, 221872627, 146091371, 170652466, 839357259, 571930654, 1545276962, 2816605337, 1208329130, 3231800734, 21285827, 848207692, 2650113877, 983059674, 4247565131, 772613750, 1348470947, 3681256451, 318660080, 2571810439, 2413206777, 1812318028, 2800906582, 4285207358, 783946439, 3777003498, 3032554419, 1061004833, 1648217258, 845204833, 1767414403, 1868184152, 3131651925, 4051981120, 2611787484, 3157639840, 560239215, 3933308108, 4168329592, 2016593038, 1769747996, 4229771502, 2191953023, 626237828, 2118465572, 77765577, 1560658580, 2606500754, 479442148, 192073604, 2890506830, 589651236, 3351476224, 2354075044, 744066807, 2717149184, 2460976803, 508489082, 330513750, 3324000966, 63082306, 503164362, 1834174443, 2899824873, 3310340544, 2240305342, 3329287923, 1230303345, 3641537867, 1518981360, 2971440199, 3469959808, 235517421, 2861800733, 2503889736, 1199975479, 435068837, 1090984365, 3371237220, 333260989, 101892761, 490344388, 4107871388, 802068076, 2862668726, 1912256721, 3216835109, 2873348691, 3549431090, 2280676821, 2652640909, 2925025049, 3673229502, 3367847508, 1899231116, 4057027188, 576681492, 2698312941, 2918360522, 969212602, 3548282785, 3002663936, 635985520, 196), None)
Loaded weights: 14.98664337719337, -1.8038447943477143, -0.42635726698236753, 0.0, -5.0
events: 
  ----
(3, (442737317, 1752272428, 3281739599, 2313492142, 896097263, 871087136, 1433784643, 3082907442, 2066560640, 224123560, 2970081295, 2210590504, 4143982437, 48395419, 3836839256, 1612531235, 2716223102, 1169677655, 146205274, 3576243791, 3764558438, 1515594125, 1012907746, 3317378024, 1682765492, 2775782250, 2289862793, 3955673877, 944965373, 2268270585, 962035667, 968323153, 3550220637, 4240079783, 885033416, 1542015702, 1532744854, 2465782566, 2346926148, 2155202069, 518383853, 459563117, 3751792888, 1576801097, 3160097867, 3420773233, 2647970824, 3655615858, 1865055077, 3661232322, 3167459151, 3796869349, 1715904708, 2611633941, 2654139216, 4165289152, 2330220806, 112416840, 1550596619, 2538617330, 280464664, 1910070386, 3123065421, 4198474464, 863757798, 2068054209, 1105004614, 3396950520, 319300600, 48664792, 2539078041, 1284507000, 2879953490, 3514870608, 4047272877, 40786513, 1460441335, 3553440373, 956935968, 959523511, 855432998, 2086688220, 2077246856, 2910837718, 4176460927, 1508296517, 3306613977, 716474176, 3327093677, 2538470676, 753593770, 2662861455, 1256164735, 2319249417, 2561781079, 3805556260, 1155381045, 3283057996, 3066964297, 3146212898, 3192592800, 1786282386, 4074833719, 1088831351, 188441530, 2065111839, 628217251, 239241780, 1856400179, 2689374943, 3235314030, 2810724408, 3932850889, 3075664144, 1273358745, 1539254994, 1330471012, 635974980, 2926929290, 4020435670, 3332192516, 1160823717, 1895548937, 745623270, 3516600969, 1234865971, 2610504743, 1696060382, 2119424416, 4113895468, 584318702, 1754537023, 3978482699, 891631688, 2619366539, 1638574627, 3723606043, 704878684, 533723233, 621505996, 2777617112, 3544349301, 2688082789, 4197834404, 661348819, 3322695122, 1864041717, 1938840934, 522966029, 3534447437, 3578379419, 1734118188, 1443690656, 3244005226, 86539202, 3595539224, 2593607420, 3325633224, 827048170, 2566549731, 3477608723, 2289509301, 2242272298, 1456387556, 826028758, 2901204527, 1794374962, 1532771311, 502295649, 2994381040, 2657872615, 2083457699, 2404249445, 3006558828, 3428986515, 966220400, 3163769602, 3114346391, 2217477727, 2989813328, 1509612856, 771398494, 2649809792, 2852080317, 4085166798, 2202167645, 2738735989, 3877335257, 3789216582, 540715061, 4269854796, 2675308182, 716989916, 359507044, 3526775379, 933987916, 2510511353, 3629090432, 2064595705, 469548907, 2149400689, 3454651463, 34269052, 1811064070, 360695437, 2493533217, 1249535185, 1265092995, 2956113350, 3760004275, 2717902391, 888603807, 511060015, 2778115148, 2321679602, 2208935341, 1238863867, 3324448388, 4056487773, 853807324, 702079321, 2717861699, 1638049745, 674363652, 373219713, 2956148677, 487002850, 3995334666, 2139967971, 3818459100, 3184317026, 3579338626, 2260902798, 18868425, 453258758, 3865747617, 2135082842, 809302392, 149180176, 2146366363, 4065517941, 2709487178, 1532703263, 1783164288, 538947296, 555063411, 3851542996, 1146024398, 2022795662, 3220094056, 3467097646, 2767687825, 325662508, 509279308, 280306336, 2762929422, 2602145190, 595750251, 3407796343, 1935823851, 3939136382, 407741745, 1760845625, 2827125095, 2555732204, 1892990031, 2482604040, 2523465364, 778502747, 2940492143, 3195699546, 2477674546, 1035359507, 3429066358, 3469464912, 950623342, 335469390, 1774501987, 4147563237, 2300747777, 2892189645, 2224674411, 2488495912, 3333256994, 2003331154, 1405817861, 4034993255, 553198193, 2721621358, 3793971364, 1480812407, 2126809834, 3437437223, 1925920102, 2911251228, 2834144516, 2266456074, 4222219555, 2585297719, 3353680826, 3336270539, 2067893702, 2250952245, 235719018, 3797497447, 1213255335, 4099436397, 2591503356, 856470159, 718189322, 3516426663, 2905363499, 4261208430, 2795158353, 1468483093, 1409205882, 1855577763, 2910578552, 537142807, 2084925403, 758456768, 4051817591, 1750352429, 3038679613, 1945166208, 3879200264, 2178908338, 3976885200, 2877735014, 610681150, 2901423124, 2300898997, 878321932, 2536446232, 279517028, 3012065936, 3305579678, 1352059690, 3532406555, 1465232028, 3705702741, 3343298601, 4136460718, 1146449702, 33995355, 1913590693, 901204208, 3356538626, 38816452, 4132322078, 2258119889, 2307499034, 1285190898, 3441953361, 475666746, 2595279371, 130872605, 2851101333, 2931544446, 3263676116, 475386517, 2720001409, 1990393680, 2991455282, 1639829999, 1200682140, 224412230, 902222349, 238952179, 1862234944, 567350668, 1532103503, 3766599259, 1822727959, 879175955, 2061244182, 4083840622, 3699404801, 3911645260, 1771241730, 2825602444, 1267898123, 2630007565, 936313448, 2662396015, 1242818863, 3578210374, 1292458052, 2503372405, 2110177426, 260993819, 2820708533, 1833570475, 2081938451, 310774092, 4113707066, 2983280637, 1472699868, 2227996852, 328260840, 323783502, 641153693, 3587148454, 3075034510, 481780591, 628703286, 3717469186, 4152590340, 4120376935, 3047222389, 19507933, 1059190334, 1821806378, 3461996139, 3581097586, 1373316601, 4107733623, 710769467, 301845609, 1591085163, 548361947, 646131461, 2391408574, 989826740, 3749516163, 3639711940, 1237398724, 1220697402, 264327070, 2390430273, 3117899644, 2473253995, 2129227806, 3663265992, 3527326813, 322036851, 2330592322, 2397635035, 2203814608, 454557014, 43315725, 952333988, 829511985, 1666393692, 2409252397, 66319467, 3675121288, 4275104535, 2139802172, 3920337729, 1538182870, 2254446639, 3228632910, 617194809, 3196682294, 2577839471, 478808805, 1602222762, 4059601987, 2796309127, 3238004441, 3928460871, 1968671810, 165870776, 4033294116, 1336315761, 1457653695, 2477934545, 3983759721, 2372003508, 1498211387, 3577670180, 923568741, 2085724325, 2656650050, 2347184073, 3140913009, 326265212, 172926089, 903646445, 2499607294, 3519467721, 4212237331, 374206524, 1633103847, 575692009, 1462449726, 3386558407, 154527006, 1432107748, 2936259005, 3328173960, 1771640110, 3202352635, 2882019577, 1407828380, 22779493, 3391910766, 1771722537, 2691676953, 2433606013, 2207228490, 2134947266, 2399179113, 1967823029, 2972222008, 823659703, 2609887906, 3484453565, 46519076, 611310904, 3860706575, 606824338, 4053421415, 3361144883, 1051089124, 3140672490, 2338021105, 4223081870, 2980869471, 264152750, 1513811038, 221872627, 146091371, 170652466, 839357259, 571930654, 1545276962, 2816605337, 1208329130, 3231800734, 21285827, 848207692, 2650113877, 983059674, 4247565131, 772613750, 1348470947, 3681256451, 318660080, 2571810439, 2413206777, 1812318028, 2800906582, 4285207358, 783946439, 3777003498, 3032554419, 1061004833, 1648217258, 845204833, 1767414403, 1868184152, 3131651925, 4051981120, 2611787484, 3157639840, 560239215, 3933308108, 4168329592, 2016593038, 1769747996, 4229771502, 2191953023, 626237828, 2118465572, 77765577, 1560658580, 2606500754, 479442148, 192073604, 2890506830, 589651236, 3351476224, 2354075044, 744066807, 2717149184, 2460976803, 508489082, 330513750, 3324000966, 63082306, 503164362, 1834174443, 2899824873, 3310340544, 2240305342, 3329287923, 1230303345, 3641537867, 1518981360, 2971440199, 3469959808, 235517421, 2861800733, 2503889736, 1199975479, 435068837, 1090984365, 3371237220, 333260989, 101892761, 490344388, 4107871388, 802068076, 2862668726, 1912256721, 3216835109, 2873348691, 3549431090, 2280676821, 2652640909, 2925025049, 3673229502, 3367847508, 1899231116, 4057027188, 576681492, 2698312941, 2918360522, 969212602, 3548282785, 3002663936, 635985520, 419), None)
Loaded weights: 14.786699939852843, -2.084768091835673, -0.42635726698236753, 0.0, -5.0
events: 
  ----
(3, (1677679306, 1007261644, 1466062783, 3505428070, 1069737101, 1719522008, 2896820759, 1629616175, 601140578, 1545554138, 3059939216, 387929354, 1842964199, 863070321, 3592938992, 2087037973, 898269215, 3509076831, 3796305409, 2229684036, 3732855586, 265425688, 2081136031, 1384721793, 876258992, 1405029157, 3591658465, 442245154, 1113632743, 2355248114, 3440465357, 3204970479, 1764663117, 3820428184, 3198056704, 1397004885, 3542445403, 2546932863, 3389241254, 1552957675, 441680178, 2895405740, 3974186029, 2243027191, 3292113859, 2140877621, 262210789, 1627900736, 787417098, 476093936, 385846202, 212441694, 2104886292, 347584382, 4198662735, 2231577549, 1737492765, 162999788, 2450434454, 1423035497, 1737708691, 1977824698, 3685981175, 2562585642, 1317879544, 1438189665, 752767044, 3118677720, 1322632989, 3292600236, 4126819693, 4171699264, 3852579612, 3101321522, 218200019, 2239918785, 3435104576, 3269301458, 242682445, 2722687202, 759317394, 933660237, 593715462, 1904448542, 607978420, 1083335328, 1125626780, 3682085614, 1777771107, 22954219, 1603170911, 4115829630, 3377132095, 2052302793, 3073765530, 2466217579, 2671229789, 1772586114, 237662861, 1585322677, 3205510055, 3387057261, 1494488189, 2492485792, 655138586, 4109430732, 2283918451, 3675332083, 939949960, 1366519808, 3360398014, 596475654, 1500293036, 3633682731, 3418497126, 59627424, 3815659461, 3748508406, 1232545167, 3632023400, 1892388860, 1522682197, 2811548204, 3195772725, 2818513688, 2583536447, 2050933892, 889331682, 144513885, 1937704809, 4049187042, 142091843, 311902094, 1471791876, 3902352909, 2239689630, 3371453307, 2893479989, 4020831661, 1019916058, 2697561414, 310330734, 1877258914, 1408743089, 2899360272, 2189489641, 2671402981, 1777748455, 2665943998, 311169400, 3345964581, 339466865, 1116735263, 1895100544, 1115640591, 571579686, 3652560433, 2837558069, 249118322, 1117355766, 4233605994, 2829232857, 2467623818, 1621941733, 3858950612, 2305085047, 905978199, 2997036907, 1735944284, 3533692517, 3122329370, 99765503, 1158254034, 4098582546, 4035055478, 1030551717, 35347220, 1464788564, 1967389151, 3439920796, 2220018444, 280403130, 3729008855, 3214893985, 3681225523, 3580623023, 2278969176, 3694837066, 207236357, 3133681816, 2311724472, 470467231, 3552290681, 3935979782, 3939063649, 1560968227, 1647212205, 1310503102, 29932578, 3732946128, 3859990873, 158227, 4245269991, 2154461988, 2504676438, 3775892851, 1214410882, 936889487, 1135011120, 3087923989, 2093887669, 1030780571, 3243987732, 3267452844, 1187016836, 1404772411, 4192374780, 693206309, 675413986, 2083885575, 2879939946, 1225596890, 3119143240, 2882716325, 1383026844, 4235890033, 318349941, 2234598116, 231018530, 159661710, 3126639015, 2091103562, 3220870755, 2704010516, 3407616160, 1551224527, 1140929638, 2987446296, 2984287256, 3455624834, 1674499924, 578997280, 1229052629, 629495663, 1487552441, 3499095787, 3871424419, 3795218405, 270880044, 458770056, 2583319830, 2106473766, 1553102083, 3729705649, 134961829, 267150644, 1152105880, 1905690921, 1606315717, 1548461810, 916027871, 334292547, 3725421113, 2668617005, 1991111303, 3288298402, 396673953, 3563630784, 574553796, 3017540736, 3429288174, 65679765, 1504346126, 1757736525, 1028875639, 655386029, 2978630942, 3027000855, 3509615233, 2991526701, 3488869524, 2959816155, 3864367196, 472137012, 3109689137, 860264314, 2644897166, 1989084708, 83001832, 781883539, 2816455007, 4059307700, 752653010, 974996938, 3986026586, 224294680, 547184098, 570340393, 2606078365, 532986534, 3313151953, 2535235606, 3263436404, 1687921324, 1073562462, 2907933988, 4017320220, 3989613066, 583131080, 2460476682, 3189575380, 1522758403, 2329382871, 2984026185, 4068952531, 3350396397, 400798551, 2525286795, 1383633996, 3754975967, 3684433197, 1511481683, 293111722, 3872377757, 1513912198, 1321579220, 687547229, 3939718036, 2614183154, 1332481655, 1225430821, 2099351452, 4284965696, 3228917697, 3268747451, 1518726599, 959976853, 2013607404, 1210559048, 3994309593, 574517728, 2961477809, 1638359091, 2070264375, 2137164795, 1403814391, 4235468009, 837003934, 1642419418, 2110813339, 4206841144, 3249676641, 643897032, 873711641, 2706556472, 3530805516, 4270824188, 2785302621, 1765538089, 3316999707, 3753805083, 2479378853, 2623016327, 555881299, 2411690619, 3910739086, 3206641347, 1054751456, 620821710, 2131507300, 3881173961, 93902306, 1843006141, 469859251, 1419264620, 2807179401, 3854866855, 3019645443, 1626495728, 1453696473, 2352286682, 3575037526, 2046172178, 1340436185, 1428223869, 612018769, 605934292, 1875129487, 3594635920, 232487640, 3988005216, 162484574, 778539169, 1061365233, 2285518710, 2794997629, 3111915659, 3095180096, 1278878347, 1286588533, 2119714179, 3664103973, 1724407394, 3578288764, 1173505615, 1535767518, 3066611358, 1737588960, 3547224671, 131616102, 2685376702, 3978316966, 1800382277, 3983529057, 769630057, 2939754721, 1995324890, 406604627, 2859038325, 1524939979, 1624469083, 3985483966, 7715705, 3566751667, 577010908, 1697130048, 4209054285, 3790761622, 2654426092, 2715943513, 1356309966, 3929992281, 3424849175, 3094716019, 3880226409, 1188292369, 1718733607, 1029961181, 1895532592, 1494850253, 3735086334, 3346033859, 1645392661, 1730616373, 4053809103, 96930982, 2589284179, 3563913332, 3838861989, 3560783395, 837444205, 844616507, 924249906, 230515310, 1357555852, 3666388367, 641450971, 464013145, 3070042326, 1181885904, 1295031016, 2981617281, 1485090963, 2083693556, 1288382335, 60370712, 1562981813, 2357185343, 1681014650, 3169785879, 253371005, 2586102356, 2007996006, 3924663810, 1053640926, 3568746059, 1390506550, 97892237, 4268280719, 1458309244, 799347210, 3968546931, 1154129194, 3976764084, 4189460354, 1949038042, 3786307022, 1912834896, 960690993, 1350842936, 4229967593, 39942160, 1166524800, 3678954242, 3181137934, 3147531561, 2529836343, 564351909, 2329238726, 2284109935, 688078696, 1123237782, 3113786822, 1378333083, 2901942027, 280284165, 3213414012, 824383765, 4043955273, 4100095680, 3055703916, 3947865336, 2458059030, 1619451208, 702294614, 426503197, 4064249652, 3657711512, 808096964, 1795408261, 385889253, 1912701052, 2416726386, 629711995, 2717240659, 2321474962, 835272119, 1333977410, 4078858691, 3805591739, 3174135698, 649727224, 983694929, 2990495601, 1246905200, 1975995635, 597643652, 178289674, 331111931, 528114763, 1866424042, 2223352437, 3570124102, 1750481608, 1490118711, 1659415481, 481845209, 487431906, 1795786502, 2436911557, 1265317379, 1838246570, 3399063969, 1345915645, 2802125050, 3318457762, 2262235039, 2083673411, 18373408, 2206073095, 4106962127, 4242258124, 2195594023, 1804715351, 1193781758, 3548272499, 3231101587, 797996073, 4274866883, 1679689713, 1833003792, 787490153, 1884110327, 3126605371, 4274511162, 1897881818, 2911831829, 3046652805, 3362504650, 91294635, 1978830776, 2947289309, 2110964262, 1911341655, 3299065021, 738186614, 1065723325, 572280316, 642145247, 4045202943, 2695162287, 3906390843, 924143271, 861931666, 1950421828, 3754646026, 3941844841, 1591558080, 568371792, 3174837820, 2248190496, 1510294926, 2638133959, 2988692113, 2796310488, 2164766279, 3497235476, 1083986476, 3168713935, 2735112743, 2581845312, 2600758318, 1224879630, 1078161918, 392023881, 4004078506, 1559544274, 1691807689, 1599472571, 1921323516, 2415176446, 3511074166, 4100745285, 2290335214, 89), None)
Loaded weights: 15.133183135810732, -5.759995341309465, -0.42635726698236753, 0.0, -5.0
events: 
  ----
(3, (1677679306, 1007261644, 1466062783, 3505428070, 1069737101, 1719522008, 2896820759, 1629616175, 601140578, 1545554138, 3059939216, 387929354, 1842964199, 863070321, 3592938992, 2087037973, 898269215, 3509076831, 3796305409, 2229684036, 3732855586, 265425688, 2081136031, 1384721793, 876258992, 1405029157, 3591658465, 442245154, 1113632743, 2355248114, 3440465357, 3204970479, 1764663117, 3820428184, 3198056704, 1397004885, 3542445403, 2546932863, 3389241254, 1552957675, 441680178, 2895405740, 3974186029, 2243027191, 3292113859, 2140877621, 262210789, 1627900736, 787417098, 476093936, 385846202, 212441694, 2104886292, 347584382, 4198662735, 2231577549, 1737492765, 162999788, 2450434454, 1423035497, 1737708691, 1977824698, 3685981175, 2562585642, 1317879544, 1438189665, 752767044, 3118677720, 1322632989, 3292600236, 4126819693, 4171699264, 3852579612, 3101321522, 218200019, 2239918785, 3435104576, 3269301458, 242682445, 2722687202, 759317394, 933660237, 593715462, 1904448542, 607978420, 1083335328, 1125626780, 3682085614, 1777771107, 22954219, 1603170911, 4115829630, 3377132095, 2052302793, 3073765530, 2466217579, 2671229789, 1772586114, 237662861, 1585322677, 3205510055, 3387057261, 1494488189, 2492485792, 655138586, 4109430732, 2283918451, 3675332083, 939949960, 1366519808, 3360398014, 596475654, 1500293036, 3633682731, 3418497126, 59627424, 3815659461, 3748508406, 1232545167, 3632023400, 1892388860, 1522682197, 2811548204, 3195772725, 2818513688, 2583536447, 2050933892, 889331682, 144513885, 1937704809, 4049187042, 142091843, 311902094, 1471791876, 3902352909, 2239689630, 3371453307, 2893479989, 4020831661, 1019916058, 2697561414, 310330734, 1877258914, 1408743089, 2899360272, 2189489641, 2671402981, 1777748455, 2665943998, 311169400, 3345964581, 339466865, 1116735263, 1895100544, 1115640591, 571579686, 3652560433, 2837558069, 249118322, 1117355766, 4233605994, 2829232857, 2467623818, 1621941733, 3858950612, 2305085047, 905978199, 2997036907, 1735944284, 3533692517, 3122329370, 99765503, 1158254034, 4098582546, 4035055478, 1030551717, 35347220, 1464788564, 1967389151, 3439920796, 2220018444, 280403130, 3729008855, 3214893985, 3681225523, 3580623023, 2278969176, 3694837066, 207236357, 3133681816, 2311724472, 470467231, 3552290681, 3935979782, 3939063649, 1560968227, 1647212205, 1310503102, 29932578, 3732946128, 3859990873, 158227, 4245269991, 2154461988, 2504676438, 3775892851, 1214410882, 936889487, 1135011120, 3087923989, 2093887669, 1030780571, 3243987732, 3267452844, 1187016836, 1404772411, 4192374780, 693206309, 675413986, 2083885575, 2879939946, 1225596890, 3119143240, 2882716325, 1383026844, 4235890033, 318349941, 2234598116, 231018530, 159661710, 3126639015, 2091103562, 3220870755, 2704010516, 3407616160, 1551224527, 1140929638, 2987446296, 2984287256, 3455624834, 1674499924, 578997280, 1229052629, 629495663, 1487552441, 3499095787, 3871424419, 3795218405, 270880044, 458770056, 2583319830, 2106473766, 1553102083, 3729705649, 134961829, 267150644, 1152105880, 1905690921, 1606315717, 1548461810, 916027871, 334292547, 3725421113, 2668617005, 1991111303, 3288298402, 396673953, 3563630784, 574553796, 3017540736, 3429288174, 65679765, 1504346126, 1757736525, 1028875639, 655386029, 2978630942, 3027000855, 3509615233, 2991526701, 3488869524, 2959816155, 3864367196, 472137012, 3109689137, 860264314, 2644897166, 1989084708, 83001832, 781883539, 2816455007, 4059307700, 752653010, 974996938, 3986026586, 224294680, 547184098, 570340393, 2606078365, 532986534, 3313151953, 2535235606, 3263436404, 1687921324, 1073562462, 2907933988, 4017320220, 3989613066, 583131080, 2460476682, 3189575380, 1522758403, 2329382871, 2984026185, 4068952531, 3350396397, 400798551, 2525286795, 1383633996, 3754975967, 3684433197, 1511481683, 293111722, 3872377757, 1513912198, 1321579220, 687547229, 3939718036, 2614183154, 1332481655, 1225430821, 2099351452, 4284965696, 3228917697, 3268747451, 1518726599, 959976853, 2013607404, 1210559048, 3994309593, 574517728, 2961477809, 1638359091, 2070264375, 2137164795, 1403814391, 4235468009, 837003934, 1642419418, 2110813339, 4206841144, 3249676641, 643897032, 873711641, 2706556472, 3530805516, 4270824188, 2785302621, 1765538089, 3316999707, 3753805083, 2479378853, 2623016327, 555881299, 2411690619, 3910739086, 3206641347, 1054751456, 620821710, 2131507300, 3881173961, 93902306, 1843006141, 469859251, 1419264620, 2807179401, 3854866855, 3019645443, 1626495728, 1453696473, 2352286682, 3575037526, 2046172178, 1340436185, 1428223869, 612018769, 605934292, 1875129487, 3594635920, 232487640, 3988005216, 162484574, 778539169, 1061365233, 2285518710, 2794997629, 3111915659, 3095180096, 1278878347, 1286588533, 2119714179, 3664103973, 1724407394, 3578288764, 1173505615, 1535767518, 3066611358, 1737588960, 3547224671, 131616102, 2685376702, 3978316966, 1800382277, 3983529057, 769630057, 2939754721, 1995324890, 406604627, 2859038325, 1524939979, 1624469083, 3985483966, 7715705, 3566751667, 577010908, 1697130048, 4209054285, 3790761622, 2654426092, 2715943513, 1356309966, 3929992281, 3424849175, 3094716019, 3880226409, 1188292369, 1718733607, 1029961181, 1895532592, 1494850253, 3735086334, 3346033859, 1645392661, 1730616373, 4053809103, 96930982, 2589284179, 3563913332, 3838861989, 3560783395, 837444205, 844616507, 924249906, 230515310, 1357555852, 3666388367, 641450971, 464013145, 3070042326, 1181885904, 1295031016, 2981617281, 1485090963, 2083693556, 1288382335, 60370712, 1562981813, 2357185343, 1681014650, 3169785879, 253371005, 2586102356, 2007996006, 3924663810, 1053640926, 3568746059, 1390506550, 97892237, 4268280719, 1458309244, 799347210, 3968546931, 1154129194, 3976764084, 4189460354, 1949038042, 3786307022, 1912834896, 960690993, 1350842936, 4229967593, 39942160, 1166524800, 3678954242, 3181137934, 3147531561, 2529836343, 564351909, 2329238726, 2284109935, 688078696, 1123237782, 3113786822, 1378333083, 2901942027, 280284165, 3213414012, 824383765, 4043955273, 4100095680, 3055703916, 3947865336, 2458059030, 1619451208, 702294614, 426503197, 4064249652, 3657711512, 808096964, 1795408261, 385889253, 1912701052, 2416726386, 629711995, 2717240659, 2321474962, 835272119, 1333977410, 4078858691, 3805591739, 3174135698, 649727224, 983694929, 2990495601, 1246905200, 1975995635, 597643652, 178289674, 331111931, 528114763, 1866424042, 2223352437, 3570124102, 1750481608, 1490118711, 1659415481, 481845209, 487431906, 1795786502, 2436911557, 1265317379, 1838246570, 3399063969, 1345915645, 2802125050, 3318457762, 2262235039, 2083673411, 18373408, 2206073095, 4106962127, 4242258124, 2195594023, 1804715351, 1193781758, 3548272499, 3231101587, 797996073, 4274866883, 1679689713, 1833003792, 787490153, 1884110327, 3126605371, 4274511162, 1897881818, 2911831829, 3046652805, 3362504650, 91294635, 1978830776, 2947289309, 2110964262, 1911341655, 3299065021, 738186614, 1065723325, 572280316, 642145247, 4045202943, 2695162287, 3906390843, 924143271, 861931666, 1950421828, 3754646026, 3941844841, 1591558080, 568371792, 3174837820, 2248190496, 1510294926, 2638133959, 2988692113, 2796310488, 2164766279, 3497235476, 1083986476, 3168713935, 2735112743, 2581845312, 2600758318, 1224879630, 1078161918, 392023881, 4004078506, 1559544274, 1691807689, 1599472571, 1921323516, 2415176446, 3511074166, 4100745285, 2290335214, 267), None)
Loaded weights: 13.469937912233892, -8.088510884288052, -0.42635726698236753, 0.0, -5.0
