Starting iterations: 50
(3, (3427082681, 1134804586, 2614671284, 3074017958, 2548562724, 3831938781, 2712978485, 2511909066, 2894007832, 432563923, 781498167, 2504731256, 3097560293, 3136912201, 3633884295, 773877794, 1928058033, 1345180332, 2855123390, 3611100729, 3002771097, 2980547416, 262528824, 541976285, 713132049, 391239829, 100769793, 1514405284, 2324332721, 3994691491, 2125237361, 1391227346, 4001691329, 1317026114, 3485416873, 81551880, 498933348, 706532778, 1878124578, 77517035, 1008784143, 3588639728, 3341842431, 2466841052, 3610329257, 911232938, 4058441151, 353874514, 2756219222, 4236853049, 290488712, 302150166, 1828539440, 2625189153, 3446560847, 4028486226, 1844147172, 2885576544, 1100876280, 2063417751, 753908928, 2704029450, 139875236, 1367904686, 476311254, 3143120614, 3068100815, 280243655, 301843263, 3617342626, 3153236987, 3570735632, 1471612726, 2088091436, 3767192908, 2354551583, 1664301134, 2436223543, 1678138812, 2852239591, 2938738562, 3786599248, 4220773360, 571524869, 1619864182, 3327606925, 151109407, 1446862923, 4008255360, 2560399092, 1901596004, 1417923162, 2413105072, 1562763969, 1357299692, 116127120, 3757473239, 948074193, 2640992213, 3423601144, 1933042989, 1989821635, 2434954767, 2423240246, 4236442974, 388964750, 1718140818, 2685587926, 3156867199, 1722422942, 2117925285, 2701332401, 2826084823, 3584825766, 1241222773, 2979409617, 1075808438, 3734573200, 1411954698, 2763385708, 2503727384, 2608313376, 95011330, 4091596483, 2775968653, 3202874495, 1525225666, 2875134857, 1832566013, 3802044322, 2263364458, 3132286460, 572357627, 3118864426, 2790246374, 3064354512, 912312547, 1787383816, 1966001713, 802567820, 3189086626, 2945993099, 2503118178, 1836184506, 939724496, 2520795557, 4230953992, 2411246627, 1348753323, 1998192751, 1204096066, 3374342771, 2563164169, 1928561661, 1132506057, 3311812251, 1372474198, 4182929296, 327256071, 89879030, 3024963034, 1924925380, 3492545203, 3383502535, 1489345911, 1478265272, 2766061974, 3545355919, 3707989633, 3320710104, 532656251, 35491136, 2251883469, 2384735411, 3768691577, 3290277737, 2269947395, 3931903115, 2110935964, 617571289, 893116792, 199559837, 1026668514, 2826157850, 1609676353, 513593413, 734027805, 697336020, 312397533, 2715224414, 2512271548, 206807719, 1836882920, 4243298463, 2388417958, 3199828188, 2465433486, 1852779537, 3628348507, 2105500978, 2477201666, 2863024332, 2974994828, 4110358417, 751522620, 3304489490, 2184418740, 931993958, 3395986872, 3151597629, 966934176, 1500803434, 3941804575, 591512584, 312765560, 2813064313, 1527704864, 439047778, 509206127, 2960988199, 1024705944, 2354000072, 3417286638, 157582841, 573042730, 863011412, 1628950321, 3761163369, 2211232053, 2624831875, 3343196630, 2907134920, 3511356801, 1005479836, 2146740596, 436048069, 3753551099, 2142659079, 1718411987, 1942461743, 2737380968, 2905707212, 1344167911, 3508882408, 1136794746, 2936213495, 219526250, 4015971860, 2444553578, 2454349970, 2409296900, 1589984002, 217661155, 1604234727, 2678333356, 1911784080, 726748418, 4258073033, 1624389056, 3107369656, 407112559, 566484313, 2889969769, 1000825817, 3334103141, 1414960993, 1565047216, 1554573223, 455662303, 2464662084, 3763695620, 2852699120, 3323225239, 3152151359, 3229477573, 775690583, 542963675, 1773512810, 925398200, 3540983612, 1562602410, 2039869863, 4137402694, 625937892, 1808889973, 431908570, 3845002044, 2823155406, 2104160154, 3725382240, 3486606646, 2747800285, 3841147924, 3709681122, 4163335769, 2927071640, 2394952424, 4191946484, 1354587174, 1159355524, 1253761651, 330306745, 261518792, 1928122860, 2854147979, 3637678861, 514389609, 150341410, 3224003649, 1506832287, 3940864050, 2353472658, 2089685454, 1088400248, 1101170650, 738076719, 7619076, 781135981, 1326945728, 3334549025, 1206159974, 3511617998, 109059654, 2888915101, 634394843, 1001547009, 1261500907, 243479504, 763578300, 2365850250, 2501585573, 2693255767, 969699235, 3988296463, 1791893032, 3639162386, 146332981, 1562924629, 51724221, 597812650, 4217729417, 2835440539, 1094230918, 3315466921, 360986413, 1755947549, 2658624883, 183514061, 644601260, 2608907566, 1470994355, 1662438629, 2392365100, 1740685461, 2363610704, 3579027348, 3819685691, 3264603632, 3667326653, 65710527, 3652606839, 937507162, 111205046, 4157725004, 3503917899, 2400360404, 2364281921, 1979898398, 2744262093, 1173805339, 2888459701, 974633611, 2268488639, 1505672206, 549170920, 359280207, 1179494023, 1443690918, 1985880154, 3673594329, 3081060026, 2793872006, 1494031181, 1824693250, 3414352812, 2141583636, 452188274, 2012925565, 3432465390, 968405669, 1239987410, 3897169300, 2350744308, 678677908, 3113436994, 1958922944, 3744429190, 1896791823, 3590899575, 3313871787, 2633957386, 2846306950, 1310531159, 903902166, 3739297188, 1247709387, 3156452443, 2766808308, 2721279124, 825930402, 946372543, 3161716832, 1636981083, 2819831991, 2461883709, 592671099, 1357712213, 378335059, 367398284, 2801248509, 3750547648, 2286371032, 3887913094, 4110162644, 971842864, 2900963795, 4072391523, 3734976779, 3042798764, 682696500, 3995159318, 3010942966, 385928104, 2453631257, 1648120105, 453029240, 2746990947, 598551182, 4058593180, 1453523421, 3762847903, 3854672701, 30050209, 215335265, 3180505798, 537066090, 3891859140, 1349099750, 2431559759, 3082540165, 827115096, 4242407797, 1968281787, 2200298334, 337086207, 1286027114, 3081568091, 1944775040, 1298140232, 4099959571, 1911251900, 3177888149, 992811130, 691205825, 2289372519, 715601190, 4152147475, 4186788895, 1628394377, 2811175343, 3692424203, 1378855059, 585641357, 2570179501, 2482024838, 16892303, 968972421, 3469346349, 1193650683, 3308283689, 2017649658, 1358833040, 3340489144, 3876223641, 729943293, 1041818441, 551816616, 1318853184, 1712652189, 3482350572, 1720276459, 2032186857, 1807733702, 1425124859, 179953099, 2507637938, 2608018884, 3071582435, 293020609, 2439059584, 2001977053, 4038226912, 3553740092, 3446224026, 3941103363, 3887063219, 3510389096, 2566633319, 332005594, 1955071318, 3954939593, 3943904088, 1544817322, 2815179357, 107614538, 827969831, 3249695547, 5675649, 2162572290, 4002515102, 2573138705, 2691342614, 3862714518, 632496639, 3011423495, 4053538852, 1827837404, 3828390462, 4241415152, 1793967040, 1437160982, 1926132500, 897672933, 175580055, 2384912515, 192036336, 2540640784, 3900037210, 2496973806, 1218352832, 4005009705, 449826798, 2343891939, 3143113447, 852839314, 20900824, 1376712850, 3309256005, 3780983922, 3555865745, 110294631, 1678070454, 2326894188, 2651411309, 2410432587, 1069490890, 2384431301, 838423709, 1930541243, 1336380014, 526483901, 770089565, 3739942196, 467082891, 27081910, 2092797170, 3808107283, 2454744506, 2935951453, 1839622119, 2275116834, 2205269055, 2459801877, 2614880796, 1281365176, 527326435, 2239931737, 1381532788, 1685600049, 2253907153, 3485614511, 2912264745, 2011900071, 2514541821, 316393583, 3517955462, 683432508, 3563262581, 234467024, 1584763491, 999355046, 3518313692, 1552824313, 681379011, 4159210254, 3891553954, 3098142055, 1335844811, 2817732595, 1036595218, 3868777502, 2864798543, 1189113837, 1200567987, 529258740, 1505579888, 3053750174, 924822440, 1053544942, 2160315067, 1478077614, 1997300967, 976834076, 2534302054, 3780886698, 1688201940, 2743584182, 4181734993, 410011888, 117341935, 393761570, 959796473, 2083076613, 1610962053, 1), None)
Loaded weights: 0.0, 0.0, 0.0, 0.0, 0.0
events: me's bomb hit a wall, me killed itself, 
  ----
(3, (3427082681, 1134804586, 2614671284, 3074017958, 2548562724, 3831938781, 2712978485, 2511909066, 2894007832, 432563923, 781498167, 2504731256, 3097560293, 3136912201, 3633884295, 773877794, 1928058033, 1345180332, 2855123390, 3611100729, 3002771097, 2980547416, 262528824, 541976285, 713132049, 391239829, 100769793, 1514405284, 2324332721, 3994691491, 2125237361, 1391227346, 4001691329, 1317026114, 3485416873, 81551880, 498933348, 706532778, 1878124578, 77517035, 1008784143, 3588639728, 3341842431, 2466841052, 3610329257, 911232938, 4058441151, 353874514, 2756219222, 4236853049, 290488712, 302150166, 1828539440, 2625189153, 3446560847, 4028486226, 1844147172, 2885576544, 1100876280, 2063417751, 753908928, 2704029450, 139875236, 1367904686, 476311254, 3143120614, 3068100815, 280243655, 301843263, 3617342626, 3153236987, 3570735632, 1471612726, 2088091436, 3767192908, 2354551583, 1664301134, 2436223543, 1678138812, 2852239591, 2938738562, 3786599248, 4220773360, 571524869, 1619864182, 3327606925, 151109407, 1446862923, 4008255360, 2560399092, 1901596004, 1417923162, 2413105072, 1562763969, 1357299692, 116127120, 3757473239, 948074193, 2640992213, 3423601144, 1933042989, 1989821635, 2434954767, 2423240246, 4236442974, 388964750, 1718140818, 2685587926, 3156867199, 1722422942, 2117925285, 2701332401, 2826084823, 3584825766, 1241222773, 2979409617, 1075808438, 3734573200, 1411954698, 2763385708, 2503727384, 2608313376, 95011330, 4091596483, 2775968653, 3202874495, 1525225666, 2875134857, 1832566013, 3802044322, 2263364458, 3132286460, 572357627, 3118864426, 2790246374, 3064354512, 912312547, 1787383816, 1966001713, 802567820, 3189086626, 2945993099, 2503118178, 1836184506, 939724496, 2520795557, 4230953992, 2411246627, 1348753323, 1998192751, 1204096066, 3374342771, 2563164169, 1928561661, 1132506057, 3311812251, 1372474198, 4182929296, 327256071, 89879030, 3024963034, 1924925380, 3492545203, 3383502535, 1489345911, 1478265272, 2766061974, 3545355919, 3707989633, 3320710104, 532656251, 35491136, 2251883469, 2384735411, 3768691577, 3290277737, 2269947395, 3931903115, 2110935964, 617571289, 893116792, 199559837, 1026668514, 2826157850, 1609676353, 513593413, 734027805, 697336020, 312397533, 2715224414, 2512271548, 206807719, 1836882920, 4243298463, 2388417958, 3199828188, 2465433486, 1852779537, 3628348507, 2105500978, 2477201666, 2863024332, 2974994828, 4110358417, 751522620, 3304489490, 2184418740, 931993958, 3395986872, 3151597629, 966934176, 1500803434, 3941804575, 591512584, 312765560, 2813064313, 1527704864, 439047778, 509206127, 2960988199, 1024705944, 2354000072, 3417286638, 157582841, 573042730, 863011412, 1628950321, 3761163369, 2211232053, 2624831875, 3343196630, 2907134920, 3511356801, 1005479836, 2146740596, 436048069, 3753551099, 2142659079, 1718411987, 1942461743, 2737380968, 2905707212, 1344167911, 3508882408, 1136794746, 2936213495, 219526250, 4015971860, 2444553578, 2454349970, 2409296900, 1589984002, 217661155, 1604234727, 2678333356, 1911784080, 726748418, 4258073033, 1624389056, 3107369656, 407112559, 566484313, 2889969769, 1000825817, 3334103141, 1414960993, 1565047216, 1554573223, 455662303, 2464662084, 3763695620, 2852699120, 3323225239, 3152151359, 3229477573, 775690583, 542963675, 1773512810, 925398200, 3540983612, 1562602410, 2039869863, 4137402694, 625937892, 1808889973, 431908570, 3845002044, 2823155406, 2104160154, 3725382240, 3486606646, 2747800285, 3841147924, 3709681122, 4163335769, 2927071640, 2394952424, 4191946484, 1354587174, 1159355524, 1253761651, 330306745, 261518792, 1928122860, 2854147979, 3637678861, 514389609, 150341410, 3224003649, 1506832287, 3940864050, 2353472658, 2089685454, 1088400248, 1101170650, 738076719, 7619076, 781135981, 1326945728, 3334549025, 1206159974, 3511617998, 109059654, 2888915101, 634394843, 1001547009, 1261500907, 243479504, 763578300, 2365850250, 2501585573, 2693255767, 969699235, 3988296463, 1791893032, 3639162386, 146332981, 1562924629, 51724221, 597812650, 4217729417, 2835440539, 1094230918, 3315466921, 360986413, 1755947549, 2658624883, 183514061, 644601260, 2608907566, 1470994355, 1662438629, 2392365100, 1740685461, 2363610704, 3579027348, 3819685691, 3264603632, 3667326653, 65710527, 3652606839, 937507162, 111205046, 4157725004, 3503917899, 2400360404, 2364281921, 1979898398, 2744262093, 1173805339, 2888459701, 974633611, 2268488639, 1505672206, 549170920, 359280207, 1179494023, 1443690918, 1985880154, 3673594329, 3081060026, 2793872006, 1494031181, 1824693250, 3414352812, 2141583636, 452188274, 2012925565, 3432465390, 968405669, 1239987410, 3897169300, 2350744308, 678677908, 3113436994, 1958922944, 3744429190, 1896791823, 3590899575, 3313871787, 2633957386, 2846306950, 1310531159, 903902166, 3739297188, 1247709387, 3156452443, 2766808308, 2721279124, 825930402, 946372543, 3161716832, 1636981083, 2819831991, 2461883709, 592671099, 1357712213, 378335059, 367398284, 2801248509, 3750547648, 2286371032, 3887913094, 4110162644, 971842864, 2900963795, 4072391523, 3734976779, 3042798764, 682696500, 3995159318, 3010942966, 385928104, 2453631257, 1648120105, 453029240, 2746990947, 598551182, 4058593180, 1453523421, 3762847903, 3854672701, 30050209, 215335265, 3180505798, 537066090, 3891859140, 1349099750, 2431559759, 3082540165, 827115096, 4242407797, 1968281787, 2200298334, 337086207, 1286027114, 3081568091, 1944775040, 1298140232, 4099959571, 1911251900, 3177888149, 992811130, 691205825, 2289372519, 715601190, 4152147475, 4186788895, 1628394377, 2811175343, 3692424203, 1378855059, 585641357, 2570179501, 2482024838, 16892303, 968972421, 3469346349, 1193650683, 3308283689, 2017649658, 1358833040, 3340489144, 3876223641, 729943293, 1041818441, 551816616, 1318853184, 1712652189, 3482350572, 1720276459, 2032186857, 1807733702, 1425124859, 179953099, 2507637938, 2608018884, 3071582435, 293020609, 2439059584, 2001977053, 4038226912, 3553740092, 3446224026, 3941103363, 3887063219, 3510389096, 2566633319, 332005594, 1955071318, 3954939593, 3943904088, 1544817322, 2815179357, 107614538, 827969831, 3249695547, 5675649, 2162572290, 4002515102, 2573138705, 2691342614, 3862714518, 632496639, 3011423495, 4053538852, 1827837404, 3828390462, 4241415152, 1793967040, 1437160982, 1926132500, 897672933, 175580055, 2384912515, 192036336, 2540640784, 3900037210, 2496973806, 1218352832, 4005009705, 449826798, 2343891939, 3143113447, 852839314, 20900824, 1376712850, 3309256005, 3780983922, 3555865745, 110294631, 1678070454, 2326894188, 2651411309, 2410432587, 1069490890, 2384431301, 838423709, 1930541243, 1336380014, 526483901, 770089565, 3739942196, 467082891, 27081910, 2092797170, 3808107283, 2454744506, 2935951453, 1839622119, 2275116834, 2205269055, 2459801877, 2614880796, 1281365176, 527326435, 2239931737, 1381532788, 1685600049, 2253907153, 3485614511, 2912264745, 2011900071, 2514541821, 316393583, 3517955462, 683432508, 3563262581, 234467024, 1584763491, 999355046, 3518313692, 1552824313, 681379011, 4159210254, 3891553954, 3098142055, 1335844811, 2817732595, 1036595218, 3868777502, 2864798543, 1189113837, 1200567987, 529258740, 1505579888, 3053750174, 924822440, 1053544942, 2160315067, 1478077614, 1997300967, 976834076, 2534302054, 3780886698, 1688201940, 2743584182, 4181734993, 410011888, 117341935, 393761570, 959796473, 2083076613, 1610962053, 120), None)
Loaded weights: -0.3484051535386672, -0.7104636285712289, -0.37166777291385067, 0.0, -5.0
events: 
  ----
(3, (675421123, 1350740233, 1448841782, 1731910605, 2671644658, 2165625616, 2588659718, 2726007209, 3375344568, 2274668815, 3841258180, 2374402782, 746887662, 221573018, 1555292179, 2592632869, 3952506168, 561634087, 4131991085, 3100695283, 232224097, 554105349, 3858487032, 723015800, 419161164, 1209848575, 1288053424, 220124811, 1018025781, 2983448192, 3700518893, 2071365184, 922750540, 1117460223, 1897059582, 2551179108, 3513370277, 3713973840, 896706608, 3856275783, 4033656020, 106337626, 3743713250, 2793912581, 669187399, 831013732, 3649146823, 1168358254, 3410616093, 3502171251, 2229723994, 3817814173, 1745423863, 1309091525, 3707912657, 3454538776, 3823149908, 1849180240, 3400231157, 231271983, 2363971619, 3690497053, 2617733403, 1814324282, 1045480466, 177565866, 3567991542, 379650551, 583687201, 3349369908, 2355728072, 1757642311, 2956844588, 3152987633, 668254291, 865164303, 1653488054, 3351132949, 148508373, 1514682083, 1953187539, 567910119, 3881524045, 3230449554, 1201775778, 558917608, 1863858863, 2167788364, 220988784, 4188129225, 1969012266, 4268565987, 2564122293, 3667773568, 1141046123, 2959850297, 1419391645, 3432779025, 2284731433, 2272965733, 4252193296, 3171681640, 788716100, 241979139, 2168027202, 1925831976, 3721285848, 3533554923, 1433275319, 531989250, 3619238157, 2951549539, 1299207956, 536134571, 545609520, 1250493329, 4283465854, 4275297090, 1543651192, 1136349098, 3453818321, 4199187981, 2415909988, 743141787, 416802926, 4117999148, 697037222, 2635109845, 3235636630, 2066057223, 3658841469, 1237999981, 1320909334, 471705473, 1315136499, 245544450, 3453069909, 727286588, 2485020523, 375156043, 2724118211, 667056605, 1511270001, 139847276, 2910199362, 3643418646, 3334375521, 3353219204, 3819270894, 1653833653, 1823741736, 36605428, 1334619704, 3772383331, 873826067, 2001624258, 2082948684, 1227363876, 3258721685, 667098453, 273734953, 4037859181, 2811876044, 2808140576, 1775810017, 3443965474, 2964886708, 1806905144, 3545474207, 3056080080, 1066796401, 2094713857, 4267217343, 1742919699, 327399497, 4245082665, 787861215, 2598800186, 2059189737, 4052900829, 175350617, 3214338721, 3222574338, 2101878576, 2614603261, 3609885418, 286048549, 2399784593, 839169083, 4210193431, 933596504, 1611484242, 627486866, 730118254, 3853028007, 277077564, 3687248610, 3437381104, 2641162504, 1022679215, 2545972360, 2408295527, 96528745, 2882102500, 1506549551, 817172479, 4129997704, 1988069609, 2388695443, 3843223841, 4081651590, 871321139, 2490868327, 2826537721, 3388599519, 1959711169, 409004325, 2104494108, 943669192, 2960533607, 1378545946, 704094135, 1317434935, 824842740, 2451772578, 1762780081, 3313202610, 1002325409, 2076959426, 465353311, 2323077041, 1621724051, 1034110117, 1235319959, 3527634511, 3306502170, 2038128021, 145210142, 176249462, 591435029, 236533172, 2856716629, 4053105799, 1789305051, 3448223252, 1239784378, 2797958417, 1153329187, 2101167683, 4268253983, 2704989524, 3586337740, 1527315179, 3137332037, 2917593503, 1663644499, 265080565, 1163007551, 559931124, 3051719675, 1588900117, 3254520519, 191127594, 3781148633, 1128727459, 2497489223, 2519623014, 3692558547, 3057180396, 1174235761, 1554975503, 826605622, 6595555, 2826390576, 3593686638, 1580800721, 2916295410, 360121938, 3943619950, 450371609, 2067297233, 2963428593, 1985988756, 24959497, 2847511769, 3685038080, 361160527, 3516767189, 220849280, 439115976, 2186543138, 2045333425, 2190691857, 1961557250, 989980410, 2916813323, 789908436, 2334736667, 256702705, 3643985200, 3038533539, 4239550088, 891983281, 1947981066, 2085680675, 3089962905, 1143880189, 2478500913, 4269049089, 3413556631, 1861583923, 502624465, 495768917, 1339350995, 2245868884, 3809254137, 456776885, 3033558049, 980190123, 3372156311, 1162443982, 3778790156, 50786712, 805472728, 2325055701, 2606348305, 3244923442, 1513305821, 3429506749, 1575078277, 4172652489, 2819553708, 1319840560, 2450443965, 3225053383, 1920944161, 640675512, 2432659022, 996986104, 2265057543, 3482262884, 1890051077, 909913334, 1306664698, 328039752, 3505406834, 3471123468, 3281086785, 618071716, 3364604579, 3182358878, 3870260586, 2285079765, 3943671842, 3394401076, 1136379558, 208232428, 1370598808, 333162242, 2231516556, 2151816865, 2827087260, 1163545821, 3083971396, 3796408770, 631175285, 1250319072, 746556853, 479537460, 3119323602, 2693213744, 1796063502, 2591261429, 282656873, 1104934625, 3520938500, 4051361896, 842440154, 2273067859, 1782997211, 2407566407, 1905554400, 965041839, 2228376961, 19191107, 464640795, 2471900420, 3228398476, 141143254, 2095876871, 1008530805, 1825046647, 1793726400, 3960346311, 3648484231, 1597913912, 3254936053, 2874060480, 4268366996, 3760465292, 2623542972, 1680962817, 598740401, 721423383, 3295043927, 3711947690, 445908168, 4018880749, 3619446680, 2855779101, 1951891553, 1739959766, 3931549134, 3659618825, 1856454773, 4056609023, 1612921503, 3676504571, 432617366, 3747311985, 1000657138, 214780325, 924100885, 337540850, 2164426582, 1429312851, 935383351, 4039648496, 1500610782, 2465521105, 1867855460, 2128668871, 960687453, 1522279895, 3659886242, 2578626812, 1429630697, 1504070034, 1502387140, 628620795, 1157154267, 640774762, 2524113138, 3284597203, 4194162053, 1173498576, 2236370458, 3552775463, 4230132300, 1333270303, 142492730, 3397934762, 3153066934, 3474490645, 1171646744, 960855199, 3947985270, 4135663794, 2933975861, 2973451930, 2474006686, 2627729389, 149682611, 3529333385, 826085627, 1208016982, 3173166731, 4087588729, 3250961950, 2522590333, 2334229849, 911111307, 411229670, 2674829378, 885876143, 1351216488, 3397073618, 650957722, 661117450, 2066593176, 791680172, 3957771155, 2839546139, 4171770057, 108587434, 188064560, 1845101528, 63773040, 2921691235, 3166816905, 4128052591, 1262008227, 2083042424, 2520180888, 4153088732, 1867068929, 2888983917, 2803752913, 2476887286, 1595814954, 180231693, 1423583067, 2378530751, 1020290460, 4005065513, 515298461, 696209250, 1903333829, 3798649047, 2230264185, 575040288, 3053952862, 2914000788, 707779669, 3028058899, 3668808107, 4194228316, 482126563, 3096424003, 1174199938, 3680070929, 1775268125, 3676254779, 1763953092, 2308412024, 4050786797, 2740307442, 3344843019, 4247319261, 1447544164, 1398253633, 4130813800, 3783214570, 1206041098, 125127363, 1011787479, 577156657, 3911393850, 3154639756, 1860224049, 3072778040, 2078671389, 2823994840, 2843858774, 2563473629, 2538977724, 1595978912, 3021926988, 2878906162, 4224491699, 2272136814, 2827455449, 1714769103, 351054765, 2738812254, 3308943401, 2689352412, 403573736, 2831570151, 2037689012, 3591981631, 2919742646, 948277745, 3018776681, 2278450354, 3322231871, 336955028, 846525694, 1081854679, 1649692620, 887823408, 192979625, 3684113138, 976339132, 2562444374, 1460979242, 2644786270, 3532760158, 746198144, 2690401300, 2659120892, 792082427, 548153897, 1967083508, 3861407656, 1328209637, 3691528596, 4050869937, 2068079293, 4235307857, 3002964359, 3975238942, 3816609569, 3152544035, 1219048084, 3177153618, 2956494356, 241019256, 1452587131, 640449716, 929086580, 1805474781, 1635271548, 4056826576, 2513402966, 1588695118, 1876857632, 458760759, 1374304907, 882941289, 1045958541, 414208323, 1545360818, 784418208, 1285139258, 4172102488, 3698974903, 3282093961, 3235865173, 2275205831, 3062718404, 1556096021, 4206746957, 1328274635, 270), None)
Loaded weights: -3.576851087217013, -0.7104636285712289, -0.37166777291385067, 0.0, -2.4481054966958435
events: 
  ----
(3, (2170634084, 551748647, 1802519648, 2107800113, 647775054, 2788315334, 4087609101, 3167855795, 3112394255, 4291951077, 764111473, 2696846693, 2649710597, 1520028289, 1011646289, 3299671508, 2881839467, 2075761925, 1157304398, 1525809528, 273926337, 375257625, 3374138214, 1236713331, 1605444746, 348452245, 2189637498, 1842720067, 2771215314, 1182168017, 2623858529, 4194301489, 918167259, 1761284567, 493782035, 2152792923, 787841742, 3320519569, 1329071602, 1379527622, 2597050781, 1175379758, 4115277819, 1735763027, 3568671964, 558409847, 1491577059, 2804854578, 141814523, 1385196816, 1217000976, 2318091909, 1676625056, 3911182478, 158987337, 1165993730, 1276229741, 104543408, 3892974529, 3473992186, 1946942750, 1793980552, 1720167259, 4018270929, 4036634529, 1668804264, 426722245, 3657218692, 1766358929, 995780702, 3814504596, 4066745282, 1308893923, 3908697078, 1361914359, 3602719953, 1581252944, 401266158, 1166068923, 1701874905, 2884055325, 2417051073, 2471442728, 1685950112, 982078669, 2334918715, 2120788782, 2670436242, 585339015, 4131690800, 2658929520, 1678629196, 3294744056, 759175984, 1154480092, 811817581, 829510837, 442121930, 1467279446, 3668223022, 3136490368, 1806166998, 1715418637, 2649643165, 2652274272, 2282340119, 1183745946, 670553083, 1968956907, 3362314769, 555206525, 1529292327, 2605168318, 881080485, 1855654873, 1497424410, 2313197877, 1197666133, 1127681074, 3325369697, 2088278909, 3141831374, 988895241, 2177506894, 116401673, 2328504850, 812581163, 483566494, 581121391, 2421027291, 3351692469, 2154669646, 3358042340, 2013555215, 3295767440, 1010995372, 584904112, 1257384035, 2358202316, 3944787743, 704377139, 1393911131, 152810382, 1849261236, 2388015080, 795558651, 508181756, 2879348888, 3891172076, 1524111065, 894150508, 1178236364, 2676989832, 3517435272, 1596638712, 1747722651, 2355538743, 535612164, 15014034, 847254384, 3542902827, 2030818160, 4043964988, 1032937750, 3986091210, 707462428, 121710296, 184510097, 3589097487, 1725711229, 3940928219, 1554522218, 1987675205, 3451894324, 2627278656, 1412862716, 3820644804, 375147752, 4223981592, 1263028465, 3818542048, 1762978028, 3520491672, 1096161786, 1601337090, 1503214563, 2114134934, 207717095, 2149288226, 64285456, 2919862512, 307556830, 2662712776, 2984368564, 3702109090, 1740824916, 2593483187, 1892923708, 813469706, 2671691692, 1556288541, 3044708870, 411073007, 958726945, 353907327, 398979309, 1330490453, 63080283, 3236779383, 2259338717, 1731435525, 2136685707, 2182797520, 2830207984, 268136121, 402505697, 1721659865, 1884750219, 871753746, 4000859847, 68333506, 1659628451, 2202167992, 1631938676, 361623742, 723879991, 316065670, 3687101156, 2626273447, 3925955383, 721732047, 1813298239, 2455263816, 4145605494, 736029710, 964025955, 1233497670, 3666202967, 1198570475, 31277908, 2454143468, 1882591373, 1221522664, 3816055360, 4199056068, 445627954, 672538193, 3547413297, 1365779495, 1410876184, 616335980, 1407227954, 2270923886, 3897460963, 3012303804, 3639711683, 4283867926, 4062387290, 2330194305, 2124146150, 1578768631, 468845037, 2806929740, 1063311078, 1651139396, 3696936498, 2566410440, 622005908, 343991882, 3744279680, 1723317091, 2582296552, 1349924437, 3496954831, 1823165418, 865188159, 1270663342, 2765149024, 374649863, 1180143464, 3998739721, 3443799998, 3830370251, 1665368924, 532674224, 770706539, 2479115708, 1042134030, 3099313412, 1384339628, 494011669, 340903313, 3909754155, 4102769193, 2077504667, 3103527907, 497714961, 1331980210, 2259706127, 843053547, 2404141774, 3783229503, 756691020, 2130635061, 2227310285, 1380114868, 3626866173, 2720508792, 865959352, 2925064259, 2551082054, 357208785, 3674431235, 1400721017, 315377097, 1583687550, 1790292974, 1267385536, 1824878940, 3969772084, 3283010787, 3093661146, 4183314169, 1079075537, 3403260704, 726525116, 971034967, 2797569752, 415474506, 1622651588, 761143353, 3673329072, 3981947586, 2822622474, 4234073329, 3518232029, 691382640, 1898883310, 3338856917, 3263559965, 3449125453, 2458694546, 758070677, 2845257409, 1733942937, 1586097723, 4204062886, 4047458799, 3561073719, 1520216624, 3073193686, 1675649406, 496628029, 681783234, 4026277913, 2005228163, 1511772935, 1734869246, 464138138, 1517997467, 2219549263, 510170297, 1366719418, 1020106264, 2870654676, 1928147710, 2603804084, 3436311975, 3224431084, 2839563664, 4255840442, 3978163833, 4181984771, 665701462, 1897580054, 3698977757, 171884723, 3725990880, 3721197973, 774706159, 770651018, 900346508, 1033247712, 2788396296, 1001238119, 630515958, 428788058, 4280573679, 478201275, 3913914209, 95124809, 233690064, 3167363171, 3432909607, 354837999, 2003004642, 725238369, 2631767729, 3383028828, 122721216, 2805168986, 22012012, 1441729436, 2488226516, 3618898811, 1421108347, 2279506650, 1075738341, 1762589888, 1202870681, 3822368386, 1156516638, 727344596, 3707285935, 3049071977, 931134978, 2051955765, 3615395086, 2666547531, 2453691010, 1920059356, 1949365264, 2731271738, 165727192, 1737853983, 2243872235, 548438228, 1351644527, 602684924, 1669503650, 171384245, 30056558, 1561698552, 509217117, 1105170738, 2752493750, 593007458, 817165060, 1834269522, 2284721896, 3640085125, 1090939633, 1269037911, 3717130658, 859220335, 4236844050, 223005085, 1226268805, 2712025120, 68142044, 874024226, 3813921969, 116948113, 4220690671, 4218856437, 2242117029, 1625375281, 1471231850, 1819390269, 2928931513, 2230284700, 3697855935, 3773734689, 1225604143, 705003313, 4132478200, 1453807443, 2066110093, 3664093361, 1798583126, 290247148, 883994622, 2509284397, 177533731, 1870977739, 2240498118, 2592757480, 2775999977, 1800390086, 3317633926, 2861035315, 2082975744, 19535966, 572332598, 898268293, 2599941731, 2017305839, 1889761170, 3498672377, 3333634637, 1061402177, 1020117592, 3628947469, 2879302573, 998335047, 3686952594, 1027668031, 2688586524, 1460519482, 3381029786, 1468049533, 1689167651, 848517853, 3947816116, 108753239, 1370739242, 924936460, 2497585324, 9726626, 1413418627, 863507374, 1439494448, 1716563690, 212495461, 3974036353, 4225027660, 1975996959, 1605267534, 3932829054, 3608225001, 3933055135, 3628698916, 2902409204, 2270508568, 3695233651, 1262805891, 1487052560, 79605870, 2361079439, 1313059098, 3543877152, 740651771, 2735855376, 2872527576, 4015998612, 295263313, 3000607836, 2474020907, 1041687600, 460361180, 1540502124, 3047277509, 2440953148, 3925719083, 1346112465, 232494655, 1393411885, 4175251040, 510192263, 1706703084, 3768919389, 2544515794, 4213199855, 4120126121, 3429619068, 161455227, 3707688144, 3889683303, 2381038804, 2320485626, 1165899163, 3709341348, 3866008454, 1334568899, 4116680185, 2486245277, 2032424850, 3969921268, 1641771925, 3559833700, 1730444998, 118931561, 4088724946, 1037446357, 3268298406, 1082106566, 1055199967, 2058623853, 2813868598, 1419731406, 3457388542, 3522994668, 170701658, 2749364829, 3458503288, 1036993257, 1941065075, 1574072803, 1781082004, 542841247, 3867287943, 28893162, 3977139227, 2766437125, 1777018874, 2367195912, 159215439, 1862277518, 548935414, 4005703972, 4011525343, 2690253104, 1057036269, 2316137671, 1380651675, 552426812, 4047988488, 3729327095, 3175603659, 4059713073, 1869957088, 2317084711, 796336767, 3868792755, 2717068587, 824309791, 120445676, 396348279, 2436582152, 4011601100, 1020054481, 2799627326, 2889224753, 1804262867, 33), None)
Loaded weights: -6.973036096926708, -11.933328911054048, -0.37166777291385067, 0.0, -2.3645865530985097
events: 
  ----
(3, (2026891547, 487587498, 962386604, 4051380413, 2384780512, 1358989325, 3087547290, 2985467934, 1239452263, 1276583209, 2691535875, 1325891584, 2934695997, 3184293923, 3344434844, 4245377463, 4151971853, 3933945021, 4089808980, 3278267308, 460756320, 4095855819, 3462517186, 1599982087, 2059887032, 686053430, 179855868, 1162190789, 2715744546, 663325641, 862878741, 1855302262, 3799447006, 987627503, 2193750526, 1288222766, 3973328828, 3108094695, 1268362385, 460494524, 1959544075, 511495321, 919996420, 1156933825, 1845128809, 2726591200, 4084727568, 3838823702, 3045865804, 795915793, 355951921, 4174819231, 4137250970, 676616192, 2450176172, 145051079, 1897182135, 798213565, 1740333696, 2883795663, 3561442782, 4141509136, 1010957651, 4222089139, 1273447405, 1845204960, 3171742797, 2525031384, 1905682633, 2847982281, 330323921, 830217162, 150905290, 2881107800, 1783079097, 2579883130, 3386217863, 1201552046, 3781814144, 500246259, 3203929200, 3876711351, 3497640689, 3875313430, 1262078175, 3182425803, 2626813431, 3819026415, 2677698320, 2904156052, 3290517022, 3240515463, 3588326116, 3395952349, 3600821668, 2790703234, 395054731, 755449076, 3566505394, 1701433785, 2457896268, 788876675, 188307146, 4080858021, 3435989605, 3581406981, 1058657201, 343938968, 882232464, 4180305816, 2011781832, 975394733, 3986990153, 4149047861, 1615086423, 2092057685, 1962950828, 1566265687, 2732859559, 2187294397, 1808790876, 3122250985, 2611890767, 3499114409, 4110164784, 4279750555, 3497014553, 2898721835, 154223653, 634475527, 3352078483, 4281613977, 922092831, 3441076328, 2306818159, 921731165, 810920935, 3761181893, 2756875801, 1880233337, 1233144809, 1988869039, 3528721784, 1566126596, 1296055051, 225848291, 100479695, 2650540077, 2190202602, 1283989893, 1651796032, 3466110295, 833867328, 505775407, 888307040, 2313297339, 1332000236, 1340307050, 3385959499, 532729057, 300127043, 3093610113, 4096307918, 2697491571, 1900225432, 3381493086, 1326830316, 1061093160, 3389829431, 1555399776, 3334826274, 2249741779, 2399767639, 3778148875, 1827614308, 3130546088, 2064721718, 3663128083, 689346761, 17704838, 1582750385, 2473482413, 301970389, 1580286973, 3831069896, 3472691031, 802565548, 3649289396, 3219324765, 2651914002, 333519903, 2028731479, 4176389725, 513869976, 2702663449, 4209075476, 2190502572, 783337721, 1460268816, 3388883034, 2058950499, 960436690, 622310474, 556349441, 1948023108, 1974820094, 494754797, 56375439, 1934216114, 1199249898, 999011467, 3362641455, 3573421902, 3295867996, 2134682211, 662295466, 2077778210, 1478260068, 2763819943, 3642801894, 357017334, 3960590869, 3163344782, 824024957, 1921535476, 2388823797, 1217116496, 198113617, 3748898220, 1878020941, 1508498191, 4093405475, 1383678487, 3682828825, 3816689029, 2505300403, 829439486, 3101963018, 3223362991, 3323768408, 3379047295, 3644715912, 72260108, 4067816299, 3872799569, 3895345441, 3366004084, 1237905461, 4061138167, 2607397135, 1971853570, 1382610999, 245345884, 2514420676, 3890397348, 2649660593, 4294162684, 3321841700, 2776674811, 1638592684, 3063988593, 3309950754, 3419058126, 2203209719, 1634037940, 72079388, 2008288078, 1920353083, 1428772174, 2601773227, 983615665, 152088629, 942158031, 212477216, 3221850275, 2639742259, 3374988823, 2071274261, 1445703403, 3808899536, 1814307677, 3509784279, 2201772640, 2801555361, 2439706875, 3662217274, 849088315, 247078831, 3639664674, 803003115, 2963846319, 122913175, 3985072499, 2149008664, 3586792481, 2704139188, 2167202102, 3161931053, 1145559502, 1391823732, 319350454, 632967483, 3641132151, 168689862, 1564556993, 892191124, 1588029821, 996215216, 1728125533, 1152944581, 254730029, 1798470680, 1698994961, 2063416726, 1311332002, 2991788998, 3163606310, 2727932564, 4078276570, 3312880897, 2131656709, 4180629980, 2743425271, 3052659766, 447966551, 1584904468, 4204300351, 1783139802, 1523362597, 3398874210, 83160106, 1649674807, 3576581198, 2228186664, 575991371, 2782750182, 3961444424, 3514778316, 738489776, 3692849944, 1960881856, 4113279158, 3178180777, 393126546, 3128825702, 2184225192, 1104911929, 415324396, 251158485, 3829499526, 1784207768, 2348856109, 90443440, 2399538779, 833852890, 731414599, 4207724052, 3131233820, 3163699646, 2060812768, 100229625, 1917556342, 3846654613, 1292737711, 2770806663, 3385722427, 3976467206, 2944258807, 810471606, 4095845107, 1746364285, 1935391813, 3839879455, 3194051100, 3422694266, 3114606245, 882543264, 2802044083, 367453054, 2332852731, 1247889923, 1838204454, 1920320003, 3150143663, 2933017643, 949331270, 2560926581, 4153361368, 1072635623, 2717444804, 1435317176, 4290854896, 3643557041, 609915098, 3416023627, 3695966074, 3415743975, 1507690996, 2496466151, 531025871, 2194780680, 1844187998, 4014816530, 3874217626, 3926162961, 808403383, 707169181, 788243531, 3896233585, 3926262857, 1779346411, 2876044211, 1458149964, 755015909, 1489425633, 817136662, 3922289021, 4251617675, 893749177, 3510136737, 3378860115, 3059146990, 3863481195, 3560319779, 2720978079, 2564848126, 1100173118, 1708276760, 2635021955, 1694250415, 1092588333, 2507675657, 4026487588, 465444584, 1992552728, 79577043, 4132531078, 144058872, 1675605529, 329008841, 847234959, 875968077, 3705793636, 645274191, 1985135813, 3460751124, 776401291, 3124708019, 491182156, 370740394, 3626278083, 136776000, 1441364069, 3410840957, 2419166374, 270272949, 470954374, 3527953361, 668405829, 3080984530, 927131461, 1961813186, 3537662031, 3398100009, 1920135529, 267853845, 4022253016, 3932649273, 4228409512, 911344975, 3912215139, 3149535951, 121981239, 4096498476, 2741363054, 2564434556, 174531854, 862069235, 179486630, 72979168, 1861371375, 1519671144, 1795776196, 3439192060, 1875037444, 3037989180, 2461370785, 1921269700, 3766272207, 1864162115, 2411597746, 613431334, 437863105, 1388529152, 3959366123, 2718168006, 2483840191, 197047113, 1228836937, 3106266543, 3466438746, 152564082, 1274842568, 3963796638, 2836188555, 3347303845, 2431404415, 2309080752, 3923988126, 3884014498, 11919746, 3963101067, 3731866109, 759941645, 2588410241, 3400652017, 3657360398, 3383431181, 2233919494, 2447053443, 2733524078, 40673358, 3517279900, 776366806, 4036023198, 1961898094, 3156509293, 2532083628, 1938256165, 3732462035, 3128561033, 1730748626, 737819343, 3920725708, 2561739408, 973495438, 1058235762, 3995912145, 4047152593, 4214238341, 1002901209, 4216695407, 744114649, 151988062, 3717040099, 501511663, 4014135293, 1359181393, 1361992472, 1461661467, 2863542026, 2648637775, 2241462238, 3895111603, 4233086949, 1061214483, 1161212799, 2150104747, 2857159186, 2956835401, 1647029696, 3630725414, 1726149505, 1860008625, 2514247579, 3771212429, 865412880, 3669457094, 566839885, 1082314006, 2924961965, 3159842022, 1873440987, 647499598, 298055215, 2929036625, 2667825666, 2268473409, 2117711379, 3823543953, 3922860766, 141921729, 639206657, 3478033429, 2788024278, 1311912065, 1645251527, 3968768734, 209084021, 1972150405, 3886385689, 4052025808, 3650021052, 812976647, 818813742, 2118345199, 4104487773, 2685867842, 140812790, 896515235, 3533455357, 768829603, 2014394841, 432591377, 2358517058, 797429200, 1817515538, 1922034103, 1624800269, 1962061391, 1123256182, 1864469524, 1597892600, 1972469882, 3482085959, 505122234, 1931185337, 574441191, 419790831, 2307506324, 3172648981, 4199475494, 1770673649, 787962293, 168), None)
Loaded weights: -10.181804619390627, -11.933328911054048, -0.37166777291385067, 0.0, -2.4597611308029834
events: 
  ----
(3, (1254151643, 3379459078, 4294843125, 4179745912, 250495966, 17926935, 477881259, 785547410, 2669322716, 2641431923, 2979381940, 3015248594, 3098807949, 1582601566, 3128744285, 4040948424, 3048126434, 1277942200, 116540305, 1696756072, 154464594, 954165212, 899335568, 1489248381, 1815412210, 2250108732, 3098032568, 3288238686, 822131035, 3839218006, 2418366077, 3142616714, 810840806, 3555754027, 4232347265, 3669195618, 1726366459, 2016243016, 2620628706, 285938048, 3105581031, 3060450205, 3914874152, 2553987714, 2938085402, 1834262007, 3860513844, 1675087117, 1471073906, 1360086518, 449140797, 826229492, 2058880568, 4077306682, 1152820713, 1960490963, 2574262179, 3584927061, 2896523819, 2361037836, 2987598319, 1195351062, 629677263, 2604528446, 2113268209, 1222392373, 576079567, 3896777581, 565010906, 1680279771, 305419496, 3425657246, 2258477053, 2337176765, 1675321856, 4141117344, 2945657078, 2085218839, 3859500358, 873793901, 132620447, 733158137, 3161960806, 2883522448, 30367059, 50973431, 2249350220, 4132238186, 1266343937, 1510065405, 756829515, 1973232260, 3947624927, 3853309243, 1117414240, 2926499156, 3346173881, 3217660639, 478957495, 840748303, 4204587210, 289383865, 3863553330, 4290087946, 4257167904, 2007263289, 266906299, 3978157577, 338207172, 1642027320, 3981311521, 2832696276, 1919789801, 2425669, 2062620669, 3601891196, 810687530, 2208516534, 2639259784, 1695532507, 588326328, 2601659367, 2988192167, 330395932, 3483065091, 2948778160, 314235515, 582207033, 28725211, 1709840989, 3355389135, 23399366, 3360448907, 592784461, 3583838696, 3577919444, 2464295414, 1895542271, 2543062998, 3738072626, 3558450306, 4203919070, 1838984530, 2580121597, 1590475395, 3660570474, 1609556872, 2368655180, 2087553935, 987622782, 3293375076, 493836125, 2215712371, 1458327483, 1575592881, 3763230352, 1765064220, 3599718317, 4236259861, 1372210142, 386221947, 3109607496, 1711079415, 675853303, 2773699567, 4099426722, 349187952, 4076291832, 2587316369, 1884817347, 3954632813, 4272459817, 4124548739, 2018248900, 3629754487, 868656384, 1262511803, 743951956, 1128877470, 1079638368, 1731580269, 1799876942, 3368216554, 3062885773, 3763746165, 202302943, 2535424796, 1351700413, 3412185915, 3024994160, 1681842746, 3103028501, 306283354, 2235429730, 4087985398, 3352989601, 1025143112, 1600048084, 1046350066, 3870898338, 3172729946, 2939906403, 1990018172, 3056288495, 4255005863, 3139101129, 2396319521, 2760900401, 1283612046, 3199532198, 3352419121, 2804915381, 3447571110, 894596925, 1915794067, 2989205302, 679718633, 1408225508, 3187754510, 2418687181, 643609322, 4133267218, 1216692472, 681876872, 1497009217, 1966528878, 35085312, 3933734802, 1818642734, 2493014424, 180460641, 149712944, 1252097457, 679358771, 1951329117, 1274975294, 1643403760, 1443950045, 2489458158, 1519737805, 1491320013, 4082979794, 3966373572, 1777666757, 1237292114, 2639298145, 3425241397, 2001680216, 3463182893, 1322238661, 4028363714, 3693784683, 2222672616, 3972736651, 3329986676, 855560268, 3445839193, 1039360569, 2378666139, 1480204466, 3047412293, 1214018954, 2268971875, 2863628532, 2996847540, 2893764638, 3196624043, 280053886, 2532369023, 1118618473, 164757248, 3039660145, 627273052, 831121278, 1211043934, 4244013157, 482253382, 1805674288, 4208533347, 3018952588, 2262480033, 4049709442, 1041753715, 77302421, 528288333, 2531174352, 2296910595, 3917833616, 3926637044, 2014575010, 136971459, 2019954633, 324277781, 700342221, 894434295, 1268142558, 602245935, 2745838314, 3525476486, 1161176270, 4257427114, 622085366, 2489835085, 3079540692, 3822072637, 399794663, 2952619294, 2137515639, 3155751306, 2727008672, 2035367015, 1096531530, 4208345474, 98676631, 3829811490, 3981763531, 2492955559, 604245584, 432874428, 1577565103, 2441462989, 441469928, 810890995, 1710347329, 3516492035, 3693846929, 2416728862, 4101985254, 3760149183, 229325938, 1497372528, 320493997, 2363993716, 967785392, 4098457620, 3965464300, 545029228, 1497930472, 1289610021, 848596678, 4215261514, 951971381, 4174522230, 2267087197, 1489021627, 2712260712, 3050235014, 1615115758, 2990757084, 1110490936, 3101799836, 653564711, 368177380, 3517625696, 3353651754, 706660276, 2494904265, 3623217080, 2271892241, 2815352919, 1584372737, 1219466910, 289963176, 771422342, 2515754763, 398612474, 741718070, 1944924006, 1708742941, 2374266287, 1275916239, 2389414073, 1439050332, 2730751629, 2689043596, 4636771, 2625744296, 3183075035, 2800561995, 921585120, 4177501549, 771922434, 1165202276, 2719457491, 1481329463, 358505407, 2324056292, 3694047018, 816649716, 2887620091, 1974407572, 1658164395, 3413475861, 1384784775, 2436002550, 3085861256, 1218292391, 3718725523, 639902407, 2554813074, 1995347917, 4089479271, 457776526, 3540428477, 3236826091, 3658664458, 4262565594, 1533354478, 4095429881, 427059227, 889265390, 653062872, 1658510397, 4176713044, 1529956839, 1151649566, 1296683740, 1305376402, 4252818235, 288432578, 3634692830, 3086331659, 3527903940, 1889247637, 2144196490, 1878515126, 1964010557, 3118895272, 3946786589, 2313609109, 2606087846, 1019893473, 228222758, 2510363527, 1027369304, 2643356046, 2176646687, 1063664541, 2830277929, 620522966, 1055087203, 3962124798, 3539995612, 1031710925, 2616355856, 2154381416, 1595253638, 3035162424, 1412478402, 2309444437, 504769373, 1504330992, 3550868133, 3010173101, 2445079971, 2921313371, 454432068, 1843875924, 3763747284, 1352336568, 1452116825, 2894635017, 1303838630, 2446650543, 3196979997, 553384751, 2114003727, 2779004522, 3440928408, 2508169208, 3061714265, 1118078264, 1190249684, 425233766, 3880035387, 143113018, 818899285, 631435781, 545077772, 2662795561, 1875778009, 2591445743, 1567776851, 309717995, 1607322594, 3039792091, 1120917800, 2664312133, 921939186, 615665970, 4177643182, 1850982245, 2314907014, 3947439156, 1812695258, 337748, 1437100795, 1554407270, 3388892233, 2406094455, 2496165218, 1248449602, 575466355, 3307239012, 1816090866, 3441927728, 4143713903, 2148754942, 176160472, 3824155770, 79371993, 1941386133, 3194126175, 1158387892, 1012951806, 525940967, 4086294946, 532321549, 2763873930, 2334770747, 2654231303, 1305323911, 1527628377, 3366615811, 2472783788, 3677204298, 3416544885, 3106882950, 2728494299, 3082352727, 695317489, 2491257185, 2015229990, 4132375548, 3280141674, 2049550752, 3102466208, 2594710006, 2644993400, 2122920736, 827273057, 1254984327, 3618501366, 23074722, 1276488381, 3501077595, 1572505995, 838760890, 2859427874, 2851740718, 2882501078, 1771355801, 1366354084, 2467202976, 530877237, 4211787320, 3464757793, 3165878571, 2445177153, 701785181, 3728735638, 3851022589, 1486696570, 3626824464, 3117207672, 2926456705, 3762350825, 620738352, 3104006819, 3041524041, 1314780655, 919586606, 2317976177, 1847186228, 1012687033, 1727919757, 3711036716, 3624148567, 1872915951, 2771572812, 2550160912, 4187491937, 423342251, 2302758723, 2653602954, 1301774790, 2944872622, 1555446115, 1827415737, 2842223564, 1892118405, 4243698746, 34033571, 1909615363, 4072207292, 924875023, 840399962, 1459072945, 1393220138, 3307946144, 3777059173, 1082691949, 4193844108, 512574677, 916226550, 1991354433, 2286685254, 193384018, 2305524351, 3973101440, 2025469349, 1198654617, 708255924, 700590075, 492925347, 3579900799, 1182913190, 570214923, 3380328444, 1264194691, 1809416149, 3243798981, 3037347304, 3035984021, 241), None)
Loaded weights: -13.370261083026481, -11.933328911054048, -0.37166777291385067, 0.0, -2.481487323580733
events: 
  ----
(3, (3208648508, 3721148003, 2858793225, 2711919248, 886543749, 3376368747, 3569931372, 2003508283, 830777879, 3234756031, 797158161, 2373083335, 388641528, 4029839217, 312058388, 1404599836, 2510644182, 1463788280, 2305786380, 1074219870, 4260707633, 2218718917, 1009124555, 3687568679, 3855829087, 1065501892, 3484629285, 2143413725, 3407676992, 1638462521, 3368563712, 3445450113, 33990144, 3260457863, 1436328439, 2440750865, 3135170067, 3211344377, 3231042712, 2089906878, 2579523606, 2484950235, 955863298, 3389690427, 1689144703, 371018372, 522298685, 1247403402, 3236622739, 1337456659, 2352990604, 2089136860, 43396862, 3378433091, 2011552009, 360808223, 941131489, 3157549281, 778340735, 2238742625, 2142480757, 3676329801, 3565574638, 3857481890, 1999902245, 1946495246, 1797969296, 1812178298, 4153087443, 2540032829, 902439845, 3548090465, 3520170639, 678451241, 3751003482, 1786659788, 519179948, 4211219514, 3244331695, 3443414231, 3382440331, 940702924, 2024502122, 2350026895, 1870761219, 529977810, 3978819894, 1169797796, 2514790076, 3957463606, 685752587, 3497683430, 2862464731, 95438586, 560276633, 2221656971, 3774338973, 3552640818, 855404383, 1988829174, 902220331, 1469227337, 4226453379, 1325484497, 1240656903, 1143034262, 4167739400, 3785745698, 4277546333, 3101399679, 2940667407, 3960784860, 3244192228, 531832532, 3200903920, 2804726976, 2700145138, 1476914933, 630315667, 791453380, 3738003611, 1680708234, 1327317995, 1757370138, 2746517273, 713488177, 3094789571, 2937463149, 2563670563, 46503554, 299643234, 2086425049, 1338318307, 78146193, 3274632354, 1572847793, 1181431117, 4083082129, 3797851408, 3609154471, 1999125879, 2749311147, 2415187121, 2531057928, 288046928, 3085734256, 3906460653, 962013771, 1234962400, 474634920, 3222136668, 2018101045, 3409188579, 3325351866, 1300638961, 3853306975, 2911944550, 1253589896, 1873650355, 1765323992, 3652553948, 3420905053, 1544193901, 3566106194, 965184733, 3780948025, 2255153406, 3985387649, 893475439, 1468997220, 2060749890, 2255685753, 4002835738, 476258200, 3079938879, 2679694657, 1946795558, 4265852794, 1925610641, 4022177898, 3357372661, 944377536, 4172003542, 2718533888, 2043476108, 1944896776, 346585356, 897997822, 4046877955, 12177027, 3850476326, 1670935159, 1603420232, 3989125289, 2293148596, 255746421, 2466244389, 1693168248, 1821141901, 1489714064, 2377822147, 2250482472, 600619979, 2150379173, 1332174342, 3611044492, 2023613294, 3801556271, 2435739408, 4251624250, 186412538, 3884173107, 3882459739, 599414521, 3387414389, 3029525763, 3756928952, 3417688971, 1664033391, 521755914, 1954204295, 931058183, 2954471422, 2986520515, 2985952530, 943169355, 426456668, 1275035935, 2656014519, 1162332610, 1092843868, 1203853829, 3822290898, 183329922, 1410292449, 4218126939, 1545987859, 3760110008, 1056121398, 2879441651, 1051782863, 204904116, 2047990640, 3262211846, 342261562, 3221665333, 2900901701, 2465308856, 3554774838, 2996051934, 1972118331, 245362164, 1193202905, 262948761, 1193257834, 2065398730, 3234575939, 1794253373, 3107135054, 4222073841, 739025054, 2180236906, 1420578960, 991452862, 1639015659, 3134320742, 604907302, 3111585589, 3949288237, 3374332430, 2419607111, 949514182, 404164627, 3978333979, 2949187613, 3138836819, 3135726884, 3206477965, 3725562860, 3023535056, 3550809565, 3528516142, 1157972123, 1525212230, 796775209, 3938224948, 1601370194, 1437699459, 3968228623, 940331725, 2448041041, 2571202781, 2228701718, 3506368518, 2386857597, 2183381069, 2376504676, 3080070553, 895498822, 2626600110, 2812936693, 715117593, 900876125, 2988686132, 1072553979, 1933316644, 4017997547, 3303973691, 1020646559, 3915714196, 3286704780, 2111419743, 2903738661, 3702304943, 191017615, 2154148247, 256596790, 1439379264, 2926604815, 2505483550, 2761299167, 3484511569, 2926902381, 271768401, 4210650588, 312310983, 27255689, 2285108616, 79843608, 810053213, 1357248496, 1976948041, 2974262980, 629094577, 1475789334, 1694798877, 1924968003, 3958270185, 2387058434, 2453302772, 2112127141, 2957514403, 1525887620, 462150828, 3905985599, 1685010278, 1709469776, 311529546, 1516791327, 3881670461, 4005906276, 1675940074, 1434800093, 3960370291, 2476899675, 1161754614, 2203877650, 608903772, 2563760476, 3829598464, 4110326817, 2919136588, 2793914247, 659277369, 1109343428, 1249140447, 3213554261, 62609898, 2923186810, 2341856501, 2959010892, 1443394820, 2149541451, 2204780623, 869812850, 203353022, 2757748667, 2150775311, 3347997524, 2537830483, 1518498516, 405426734, 3963290064, 2440378434, 3695453879, 3580655323, 3736924759, 2908618181, 235355235, 3751039793, 2361548436, 2551474223, 124132870, 1076897463, 1676330343, 3435370085, 4208547096, 942133993, 1306426817, 337355569, 1456791558, 2368625216, 4223031653, 4081244580, 122660682, 19796102, 4067485295, 3964469307, 3128219692, 3410399865, 3143609693, 2642425619, 130605500, 468721489, 2085280370, 3738006965, 403079156, 3047875793, 4098799579, 4086625116, 3580651587, 431912344, 2424769610, 1125067629, 2312551829, 2823452439, 3020858946, 3262995490, 536198736, 4082843922, 3682131651, 4124866096, 1990185475, 2531791448, 3864426413, 2593175028, 3517643239, 1477459752, 776653206, 796930853, 790222655, 1206844247, 1341101232, 1925130134, 212911085, 2903072023, 2933096826, 2072540797, 2334125186, 2173866455, 2233173167, 2450505691, 1525502693, 2378229498, 1018884926, 3249517743, 1456422506, 1443421729, 1027057981, 856148827, 2355775546, 2279363718, 473986347, 2433081573, 2085207380, 854340409, 1569971292, 1912305216, 1098821171, 714693273, 3016559411, 3901946845, 3601634894, 2276110179, 1610802006, 3457669016, 3627721884, 3096880942, 2282716698, 4293275757, 1216032623, 1978083542, 2968150611, 690498781, 4060844817, 109585006, 1125967955, 2545220537, 2100619338, 3806965638, 1025167352, 3510874550, 2822616011, 3466660635, 1717280167, 2559595264, 1175430112, 4276857884, 2199047761, 1828739404, 3950572676, 3254452717, 3451584877, 3460566831, 4143327469, 520551936, 259796461, 2386493909, 3409386937, 3881717541, 3727938376, 1064446626, 3331376955, 3877340859, 231772486, 218219759, 2783411316, 1395452718, 2273400501, 4259800176, 1920816050, 1438276244, 3514749718, 2982907117, 2005104463, 3997596546, 581584979, 3883379170, 258165450, 2907902804, 1294238499, 2221740819, 3716646168, 3110006033, 2678559005, 3782614709, 3808420403, 1606180438, 3089096448, 1399646284, 1060872771, 2473654437, 1024662518, 671995010, 2838747271, 2188962424, 792315376, 2337197991, 285734623, 3465622497, 1839064019, 3750147980, 3370493000, 1402394325, 2379967135, 2266991870, 3536135747, 3148564578, 945037939, 2628912544, 1701588056, 1463124741, 3291342431, 1296750764, 1399239613, 4073231963, 3334463156, 3022434125, 1612801861, 1072657324, 1678715345, 966601970, 760418129, 954594221, 4141762364, 4141497357, 2809899438, 1498357061, 1787260722, 2846780721, 2709373939, 3323291718, 2450731770, 3695712275, 3491439834, 2478244948, 132835165, 3684292326, 2352427009, 1668714233, 218609661, 215234035, 2584024610, 1770262641, 930345830, 2075774988, 3125655474, 586431236, 2551006437, 3299935879, 1193376417, 3645621015, 1441235130, 1584017263, 471964086, 4002467469, 4041049065, 1008911734, 4105495196, 2252536072, 2662432350, 945742290, 1255771963, 303289001, 2101821715, 2094633854, 1042036733, 1009179291, 3932312524, 3306662466, 4200928102, 2685682793, 3781003953, 3849936518, 42), None)
Loaded weights: -14.515960132507999, -21.738303667899952, -0.37166777291385067, 0.0, -2.3238401760855805
events: 
  ----
(3, (107488521, 1869386895, 1869275841, 1172454021, 3982147891, 911477980, 82055465, 2026837424, 609349661, 2360385451, 2950881510, 314139608, 1034576730, 3702022094, 214890498, 1692176567, 4262658106, 65382067, 2020568489, 2017690902, 1014378882, 875269457, 128660334, 2309231335, 3404761867, 1386005967, 3212098948, 191205066, 255822722, 1981332848, 3003902248, 3266152232, 3078783055, 2025796135, 1414279517, 3343964610, 3352779527, 3701802530, 2134733727, 3852929247, 2742711884, 3266466978, 4158031234, 1670488246, 3726680446, 978005882, 2760659492, 229001103, 1173836088, 1725311842, 1512750715, 3302809959, 3347821682, 3858941295, 3737479434, 2142288581, 1130277996, 2032835026, 1972064081, 1914545151, 2832344711, 2803105677, 1954732584, 1892440283, 611249365, 2543454393, 1005744901, 3962530564, 3045520034, 530810088, 4097155956, 2342132154, 2605297915, 190216622, 2396134240, 3711578742, 929507360, 4121446630, 4076121976, 1561801845, 1819385824, 3494376473, 1211982435, 1078079175, 2011114968, 2958120614, 2058365628, 1399338310, 1840206499, 473144847, 1272955343, 3874507722, 1152041055, 1122844673, 959258669, 3743835291, 1384070058, 2197807602, 2277812395, 1916929273, 3679600405, 4270251755, 1677589261, 3124741451, 2185275478, 3126249586, 419327363, 870974671, 4165194529, 1432741533, 704110312, 782131964, 3614069623, 3251563179, 4083279192, 2420925045, 853035111, 2393502050, 1424452448, 1669896192, 3737217439, 3003168112, 36990537, 4068824743, 3493861031, 1991135774, 132624279, 537750488, 1022243903, 528848413, 788199481, 604772568, 2499684221, 1444984741, 3899380016, 4120082228, 1782439891, 1795227035, 2133603252, 1265678410, 609453129, 2053677559, 2358690016, 3893565702, 3820427873, 941793763, 3953330277, 273141031, 2558165075, 2305839486, 1146545582, 2205667281, 724527426, 2448466282, 1177638005, 3940612340, 2301910568, 1931363031, 2248821266, 24388250, 2498396936, 3488481138, 3671752303, 557049011, 1363160697, 1882313107, 1269709016, 1034781192, 1217571321, 3637048184, 2971032054, 4148423737, 667789208, 1239965051, 3403390650, 336354433, 4089782412, 3621281169, 773974226, 1499270842, 414716264, 2605677630, 3925140277, 1881283207, 77624237, 1676997180, 2471247612, 3131108868, 901343303, 3377614374, 685893831, 208251032, 3347991130, 945485689, 3276894875, 3690095222, 2310719400, 3814152559, 3900015075, 3666655463, 3307014650, 3258509931, 1545426888, 1290194422, 605587721, 753465907, 2184650326, 2683968402, 1763080787, 1578221771, 2983319835, 3944409505, 2944655220, 34092785, 1641807853, 3246410448, 4185625300, 551986577, 4110546831, 303158725, 3194571241, 414923371, 1026258901, 1288774334, 2393323620, 547502318, 516425034, 209441381, 560550, 1069127820, 3304998869, 3127246975, 2102046586, 2872791511, 1683413359, 3165303823, 2746126811, 2336912469, 4096910897, 2932433562, 3328284239, 345880335, 441261635, 3803914698, 852206780, 3974381763, 1252787354, 161459479, 3546403702, 2655109383, 1453279050, 1323380437, 3413791146, 2611452398, 974139815, 3754327989, 883270794, 4272497151, 59942927, 2150202624, 3793327751, 257330663, 3800825014, 2469248494, 951651293, 3174222141, 1239981651, 643299197, 2370847, 4266442640, 3205192023, 909099372, 3937125365, 2667217367, 2610242234, 2613880666, 1843379867, 525326235, 2640263863, 3760361272, 3378974935, 3832059462, 1359904775, 1680350860, 3905290669, 896790091, 465316925, 432819090, 3082123081, 2014511936, 1558151719, 269010428, 223982736, 1547402694, 2581833347, 3318980422, 2942391208, 830888918, 3798596648, 2629243400, 2706039772, 3403301036, 689174735, 1827257687, 1367223305, 1717216481, 2547105754, 3758381502, 4016055483, 3759948673, 1975621046, 3276431148, 3088383689, 2950089084, 2173452849, 1777692276, 3497752295, 111839765, 3980181123, 3392694608, 1360817991, 3946391676, 1263605689, 2490371061, 3643361459, 815928797, 1590209999, 1073189894, 39525685, 898656512, 2736498167, 91427497, 589600944, 575461518, 858606996, 2893240376, 2802274316, 3991966161, 1075270009, 2178588672, 628648226, 1319161794, 3268865711, 1464664760, 3225111072, 1160078753, 359214814, 984750645, 4289859614, 1807435667, 392125385, 3619839498, 1572322962, 493285628, 2530129865, 2845354376, 150273065, 1053409173, 3608426824, 3046711103, 259806106, 3982547648, 1740298957, 1647127535, 1673285208, 2550294791, 1047011052, 3311225141, 2188907607, 1344362636, 3248058088, 3374677783, 4171902398, 136376749, 2838072649, 3680877722, 1227856586, 3137870494, 707975017, 2086094253, 3327573290, 2812014433, 537635960, 2453912863, 4264556360, 1536669743, 3781986457, 1190315087, 3203066273, 4115469108, 4135053139, 1966563014, 2108059336, 2068330847, 3112878759, 4107585819, 2100595960, 2558375858, 939502975, 597838911, 3544942234, 1496416181, 2440183695, 2155386823, 3424495013, 3856493073, 3438553076, 921145545, 785356096, 4282414184, 2754605033, 2457265693, 719126786, 3803861160, 594669459, 1898500916, 2240750024, 1554981997, 3206061365, 1138249538, 2619978505, 2497112612, 481443060, 2373161212, 3826803961, 4079013791, 1169765015, 3982032424, 2242481017, 75186997, 3350448152, 4089385688, 866502435, 1455055082, 3956593697, 3057535527, 1126906977, 2462220611, 1347044953, 3365519324, 4022124871, 6402238, 3916042854, 179745322, 2476187239, 3810636888, 4246954228, 2807942585, 1294319020, 3020259668, 1122874897, 3202068543, 247760125, 3642492057, 872220239, 1239151617, 2593193213, 1036127145, 202753486, 2451083850, 2799476678, 2640520508, 602621509, 4165771549, 869583192, 760401797, 3857116552, 1318312629, 2894421906, 2541489805, 1094979208, 1648810658, 1559934216, 969085734, 3083194307, 1264238592, 19659270, 2597025784, 1558114804, 4022236601, 3198761421, 1549801471, 2721239865, 2738783456, 1776834215, 4221482298, 4166013684, 4257862821, 4178442368, 4073216504, 1291723074, 1168035515, 155201444, 3100599207, 697154873, 2652169375, 696434603, 2261358334, 2324056699, 2045630083, 2485702477, 1856521452, 4180164593, 896029549, 3675801216, 2555004063, 3820042663, 1961829228, 2763422710, 2581573243, 1477584633, 2439753761, 4162264548, 3350406109, 1606156610, 2213650386, 2916867899, 3412427749, 2081836678, 3692209981, 783040242, 985329365, 188567937, 4211748981, 1787755274, 2389089328, 2575089859, 75618013, 237001341, 4001613350, 2488252068, 573734195, 904636639, 733260882, 935526982, 1386032025, 255570550, 3836091383, 3475564833, 3213090766, 2114119928, 2359755067, 2827398807, 463899523, 984408561, 2148443105, 4079054938, 1368343880, 3982112408, 4146351463, 2504491663, 1819374194, 2494922766, 1743283113, 1540442982, 1192772650, 1052353832, 286568036, 2344571692, 803106093, 1608150929, 671776839, 2677884595, 1503068616, 1181365097, 1212341539, 704149181, 3242340268, 3070891870, 4004379248, 966768332, 860798213, 2419529831, 3858975410, 890539468, 688636419, 4265707216, 2654498589, 1458191266, 410293104, 1905147056, 2979698560, 3893988442, 3428594280, 2085847177, 1373616245, 3962227160, 369347114, 948332543, 3262989817, 2021923350, 2819478383, 751699490, 775325467, 1074165906, 2013373574, 3131504785, 2491838188, 1447039892, 4126020334, 519729259, 3016011840, 1695495767, 4008064341, 4134325733, 2147311658, 1266044422, 34586599, 558013802, 1146875326, 1238214435, 2408734105, 919545597, 1049844293, 1015388332, 2471271148, 2368770582, 494473945, 27189844, 1295376883, 2802929454, 2494398863, 2094149294, 3876073123, 173), None)
Loaded weights: -17.627763715535472, -21.738303667899952, -0.37166777291385067, 0.0, -2.472373424956799
