Starting iterations: 50
(3, (2701217586, 3100749376, 2856032545, 1927198254, 1068658645, 4111653952, 4197325806, 4017158043, 2308948662, 504757825, 3093355242, 1277450423, 1763772005, 797364684, 1289141484, 2414409030, 2268109617, 3782528970, 1703591750, 2185408685, 3439527404, 451131624, 3341373304, 1141327804, 3448247888, 3961493135, 769063145, 3701436994, 2220270993, 779002801, 1170687381, 2420187988, 1444583516, 1479421421, 2932770799, 1807409098, 2462281879, 1831881821, 2265420607, 1758152492, 290756831, 913311505, 2023908112, 3883103937, 42080850, 3187425250, 3604737901, 1448328748, 2592608129, 3161419483, 1590925105, 2413070873, 301114064, 4127633525, 3310878847, 2874983060, 4129125012, 540169399, 3759271600, 1639876491, 875204433, 2980965521, 3879592685, 1978574101, 534877340, 108114454, 367656136, 1724900284, 3927922491, 1138226002, 3801975739, 2683465542, 1283141764, 2504362107, 4197420987, 1910297816, 2089204780, 3209207777, 204770220, 2341886190, 681065990, 707072768, 105387173, 3164170987, 267116766, 2997826652, 4067732890, 4085959652, 2742776291, 955978357, 3533014843, 564121218, 2818013456, 3626116782, 1978412631, 2637786837, 3091733821, 4151892376, 4217601951, 1860750536, 1592577695, 1435273049, 203840824, 4036274279, 3393738901, 887127620, 1085781687, 3361651184, 728817391, 4266091689, 4100929182, 3359185187, 2830241102, 533196089, 4136571223, 2204924037, 279955986, 2892949506, 216454301, 1268159274, 3351360559, 565236107, 2273314510, 3129882996, 3961123903, 4066894099, 3769914742, 4121390501, 1636848217, 4272973633, 1035421622, 3026987847, 1480241803, 945849244, 3322475486, 1317716852, 666262988, 3543387562, 956887750, 2502721253, 1490578835, 597074888, 273945661, 196739205, 419327422, 3045944970, 2167206016, 3997360437, 3409279369, 2856057338, 1683385804, 1997711098, 1179789795, 500219865, 3389284244, 2204135301, 2728054967, 189249135, 1532066137, 494784098, 2953883800, 1715082999, 2046531860, 1805667794, 2110965129, 3196394354, 202735678, 2958870781, 3523042040, 685181691, 917386891, 1492790468, 549994668, 4128747213, 3714932736, 2482335201, 2991757909, 2423289807, 499030831, 375612828, 2201203410, 1569914107, 2640185044, 476471202, 2879510452, 694139897, 507898543, 2415291958, 2563035836, 2487606317, 4145989988, 3076098631, 1546198066, 1666491056, 1218197502, 2488546222, 3778287372, 4175665277, 2131156024, 1726602258, 3000043656, 2471880513, 4058251145, 1429769498, 181375440, 642613347, 3357473804, 3397261217, 2804794367, 2576686611, 1576373615, 1462884610, 1796772626, 2278120715, 695604237, 3960146316, 2146521361, 1559935342, 2486313410, 3267863599, 2134595199, 1578732567, 510739239, 2458411661, 3129985822, 3880321344, 1776108224, 1868890419, 2175639965, 636483451, 821508368, 3482611628, 2041688367, 254921890, 3024108618, 1601635183, 1363589176, 907054339, 2056539470, 182457140, 4003314149, 434191212, 3766580593, 3981311996, 655878139, 1977485486, 4198912830, 2131959921, 2968320874, 2455186445, 1471329667, 2207266906, 2617278182, 636951797, 176286581, 2968124270, 1003899759, 486588786, 1715501440, 1720041068, 1434946345, 2795437773, 298669967, 3164214903, 1605322583, 2901166519, 1567551813, 1076589244, 3513910311, 3642837600, 2222070482, 3168820302, 2778368499, 914845971, 243156643, 2180941871, 1696701026, 1237145585, 614359323, 2954671150, 482995346, 3410081848, 2438575997, 471271166, 865028834, 979705670, 1758796632, 4257704652, 51857054, 4100920907, 97845354, 234497290, 2575685955, 1836620126, 3252322610, 970119982, 3643352490, 3048846090, 2234065718, 629532757, 1675829991, 1574401557, 2283075356, 221351879, 383113612, 2266771458, 1607277765, 2281484517, 2066576426, 633815654, 64386462, 1320202928, 258836636, 2418138285, 1302901160, 2746214070, 100565618, 2207703578, 2805564971, 2304980671, 3338616772, 1103264929, 3543556740, 612713225, 501971898, 2470520788, 4269994577, 4089367763, 796442411, 2859855731, 1700623818, 1156273313, 3461468652, 4183770546, 3277835670, 966396327, 2162816851, 3187339888, 3537358006, 1784776587, 3928488549, 1346600964, 3680033095, 726855481, 635333244, 4217313526, 2208841654, 3095751211, 86737779, 1798026887, 606315270, 1737752953, 4250078379, 1167174476, 2628473123, 1118298082, 3504354682, 3210339170, 615094066, 1102111360, 1185153230, 2724791998, 146296726, 996581583, 2175222773, 1803600919, 1629927044, 3279521947, 1307499222, 154590982, 3256744536, 3048844482, 1944116823, 2253826416, 759133860, 1929104573, 3953109932, 2843403243, 541651561, 173319351, 3484899092, 456264840, 3949646539, 2295245196, 3154301842, 1556905890, 261174167, 669186856, 917249126, 1712306870, 3763227892, 1835720226, 4045078806, 1375168623, 3835518951, 3898711339, 2452563834, 19463044, 3254158522, 1575993797, 117679393, 1648717256, 4246555561, 2119057542, 3447257703, 1232052361, 1827487188, 3485870698, 746842647, 2927842418, 3087448786, 4266655500, 1241971702, 2221360196, 3243544151, 2823557248, 3852552307, 3206409952, 2384888191, 536721274, 3644033681, 1138290737, 2121904869, 849245418, 3568838277, 3924182447, 2112711267, 2458849242, 1834786825, 2820309269, 2340000790, 1705839533, 1244474300, 2785629606, 1957434070, 1399945614, 1901554922, 1813050977, 1958541118, 3717051267, 2985840076, 1706648331, 4025325405, 4188627577, 4047260212, 227359525, 3949708002, 2782470457, 1443894601, 1654382976, 4125429965, 4153338180, 937339217, 486217245, 4036057061, 2589628558, 2384035658, 1240866667, 2421026494, 1563293126, 3027097421, 629779657, 1804480296, 1226526047, 1664411117, 3027098757, 1358912692, 3881775818, 258832101, 1729248471, 4147855861, 3793076452, 478517819, 3992600977, 1355920283, 2869988703, 2969586069, 2746570743, 1993730002, 2626952897, 2127391889, 1339066536, 2108115549, 1098679926, 1974810266, 3314816600, 402366498, 2337487966, 937204006, 1676368555, 3029968068, 345800743, 247302448, 1948400197, 2997782940, 392689180, 3041127700, 2093224228, 3004963192, 422398753, 1720599528, 1069104050, 210133062, 2618293958, 3596483677, 1452556081, 1757374704, 3265845135, 3475306618, 1916315645, 2867999042, 1461880911, 1046046438, 4271164241, 2870097442, 4166014168, 2952401416, 3681993720, 3920088079, 3895784938, 3516236289, 3704538396, 3673877186, 3178666504, 2829400096, 484060499, 1537958467, 2015110875, 3062154601, 2753175901, 1522937493, 4205811759, 752362600, 193614085, 2636320376, 1922447949, 2564332449, 4228043554, 2690686259, 2033922742, 2027106724, 802456965, 1389153674, 2451165319, 2403981750, 1243037889, 264414043, 632692423, 2335515230, 2637383700, 1657887731, 4004690693, 3996234354, 323173811, 3952888713, 1417003277, 2878191556, 1401138966, 2174477684, 1352365104, 3717797048, 3683087822, 379140445, 3767162219, 67621342, 1616021430, 3900523672, 3904125555, 3399460232, 2839725336, 1392589087, 1798619429, 358912150, 3227818875, 2732472941, 1544996005, 2579254133, 2801978189, 2305815512, 1723823069, 3908568702, 2971462100, 2494130918, 3448046059, 2887783595, 2099880395, 3739562135, 2937166638, 2342862932, 1199997852, 16507273, 1385505601, 3629763296, 1899260375, 2588089053, 3027448624, 866671443, 740736791, 3253424887, 1263252381, 480341257, 1671032695, 1619584184, 2686081980, 3385402669, 177071925, 3105113384, 3565062183, 263655396, 2049326353, 2129391707, 197609251, 1348222945, 1968887420, 824086716, 4112121978, 786406505, 3488649459, 851750939, 4170353315, 3958979841, 2734435713, 4052914420, 3266281699, 1), None)
events: me killed itself, 
  ----
(3, (2701217586, 3100749376, 2856032545, 1927198254, 1068658645, 4111653952, 4197325806, 4017158043, 2308948662, 504757825, 3093355242, 1277450423, 1763772005, 797364684, 1289141484, 2414409030, 2268109617, 3782528970, 1703591750, 2185408685, 3439527404, 451131624, 3341373304, 1141327804, 3448247888, 3961493135, 769063145, 3701436994, 2220270993, 779002801, 1170687381, 2420187988, 1444583516, 1479421421, 2932770799, 1807409098, 2462281879, 1831881821, 2265420607, 1758152492, 290756831, 913311505, 2023908112, 3883103937, 42080850, 3187425250, 3604737901, 1448328748, 2592608129, 3161419483, 1590925105, 2413070873, 301114064, 4127633525, 3310878847, 2874983060, 4129125012, 540169399, 3759271600, 1639876491, 875204433, 2980965521, 3879592685, 1978574101, 534877340, 108114454, 367656136, 1724900284, 3927922491, 1138226002, 3801975739, 2683465542, 1283141764, 2504362107, 4197420987, 1910297816, 2089204780, 3209207777, 204770220, 2341886190, 681065990, 707072768, 105387173, 3164170987, 267116766, 2997826652, 4067732890, 4085959652, 2742776291, 955978357, 3533014843, 564121218, 2818013456, 3626116782, 1978412631, 2637786837, 3091733821, 4151892376, 4217601951, 1860750536, 1592577695, 1435273049, 203840824, 4036274279, 3393738901, 887127620, 1085781687, 3361651184, 728817391, 4266091689, 4100929182, 3359185187, 2830241102, 533196089, 4136571223, 2204924037, 279955986, 2892949506, 216454301, 1268159274, 3351360559, 565236107, 2273314510, 3129882996, 3961123903, 4066894099, 3769914742, 4121390501, 1636848217, 4272973633, 1035421622, 3026987847, 1480241803, 945849244, 3322475486, 1317716852, 666262988, 3543387562, 956887750, 2502721253, 1490578835, 597074888, 273945661, 196739205, 419327422, 3045944970, 2167206016, 3997360437, 3409279369, 2856057338, 1683385804, 1997711098, 1179789795, 500219865, 3389284244, 2204135301, 2728054967, 189249135, 1532066137, 494784098, 2953883800, 1715082999, 2046531860, 1805667794, 2110965129, 3196394354, 202735678, 2958870781, 3523042040, 685181691, 917386891, 1492790468, 549994668, 4128747213, 3714932736, 2482335201, 2991757909, 2423289807, 499030831, 375612828, 2201203410, 1569914107, 2640185044, 476471202, 2879510452, 694139897, 507898543, 2415291958, 2563035836, 2487606317, 4145989988, 3076098631, 1546198066, 1666491056, 1218197502, 2488546222, 3778287372, 4175665277, 2131156024, 1726602258, 3000043656, 2471880513, 4058251145, 1429769498, 181375440, 642613347, 3357473804, 3397261217, 2804794367, 2576686611, 1576373615, 1462884610, 1796772626, 2278120715, 695604237, 3960146316, 2146521361, 1559935342, 2486313410, 3267863599, 2134595199, 1578732567, 510739239, 2458411661, 3129985822, 3880321344, 1776108224, 1868890419, 2175639965, 636483451, 821508368, 3482611628, 2041688367, 254921890, 3024108618, 1601635183, 1363589176, 907054339, 2056539470, 182457140, 4003314149, 434191212, 3766580593, 3981311996, 655878139, 1977485486, 4198912830, 2131959921, 2968320874, 2455186445, 1471329667, 2207266906, 2617278182, 636951797, 176286581, 2968124270, 1003899759, 486588786, 1715501440, 1720041068, 1434946345, 2795437773, 298669967, 3164214903, 1605322583, 2901166519, 1567551813, 1076589244, 3513910311, 3642837600, 2222070482, 3168820302, 2778368499, 914845971, 243156643, 2180941871, 1696701026, 1237145585, 614359323, 2954671150, 482995346, 3410081848, 2438575997, 471271166, 865028834, 979705670, 1758796632, 4257704652, 51857054, 4100920907, 97845354, 234497290, 2575685955, 1836620126, 3252322610, 970119982, 3643352490, 3048846090, 2234065718, 629532757, 1675829991, 1574401557, 2283075356, 221351879, 383113612, 2266771458, 1607277765, 2281484517, 2066576426, 633815654, 64386462, 1320202928, 258836636, 2418138285, 1302901160, 2746214070, 100565618, 2207703578, 2805564971, 2304980671, 3338616772, 1103264929, 3543556740, 612713225, 501971898, 2470520788, 4269994577, 4089367763, 796442411, 2859855731, 1700623818, 1156273313, 3461468652, 4183770546, 3277835670, 966396327, 2162816851, 3187339888, 3537358006, 1784776587, 3928488549, 1346600964, 3680033095, 726855481, 635333244, 4217313526, 2208841654, 3095751211, 86737779, 1798026887, 606315270, 1737752953, 4250078379, 1167174476, 2628473123, 1118298082, 3504354682, 3210339170, 615094066, 1102111360, 1185153230, 2724791998, 146296726, 996581583, 2175222773, 1803600919, 1629927044, 3279521947, 1307499222, 154590982, 3256744536, 3048844482, 1944116823, 2253826416, 759133860, 1929104573, 3953109932, 2843403243, 541651561, 173319351, 3484899092, 456264840, 3949646539, 2295245196, 3154301842, 1556905890, 261174167, 669186856, 917249126, 1712306870, 3763227892, 1835720226, 4045078806, 1375168623, 3835518951, 3898711339, 2452563834, 19463044, 3254158522, 1575993797, 117679393, 1648717256, 4246555561, 2119057542, 3447257703, 1232052361, 1827487188, 3485870698, 746842647, 2927842418, 3087448786, 4266655500, 1241971702, 2221360196, 3243544151, 2823557248, 3852552307, 3206409952, 2384888191, 536721274, 3644033681, 1138290737, 2121904869, 849245418, 3568838277, 3924182447, 2112711267, 2458849242, 1834786825, 2820309269, 2340000790, 1705839533, 1244474300, 2785629606, 1957434070, 1399945614, 1901554922, 1813050977, 1958541118, 3717051267, 2985840076, 1706648331, 4025325405, 4188627577, 4047260212, 227359525, 3949708002, 2782470457, 1443894601, 1654382976, 4125429965, 4153338180, 937339217, 486217245, 4036057061, 2589628558, 2384035658, 1240866667, 2421026494, 1563293126, 3027097421, 629779657, 1804480296, 1226526047, 1664411117, 3027098757, 1358912692, 3881775818, 258832101, 1729248471, 4147855861, 3793076452, 478517819, 3992600977, 1355920283, 2869988703, 2969586069, 2746570743, 1993730002, 2626952897, 2127391889, 1339066536, 2108115549, 1098679926, 1974810266, 3314816600, 402366498, 2337487966, 937204006, 1676368555, 3029968068, 345800743, 247302448, 1948400197, 2997782940, 392689180, 3041127700, 2093224228, 3004963192, 422398753, 1720599528, 1069104050, 210133062, 2618293958, 3596483677, 1452556081, 1757374704, 3265845135, 3475306618, 1916315645, 2867999042, 1461880911, 1046046438, 4271164241, 2870097442, 4166014168, 2952401416, 3681993720, 3920088079, 3895784938, 3516236289, 3704538396, 3673877186, 3178666504, 2829400096, 484060499, 1537958467, 2015110875, 3062154601, 2753175901, 1522937493, 4205811759, 752362600, 193614085, 2636320376, 1922447949, 2564332449, 4228043554, 2690686259, 2033922742, 2027106724, 802456965, 1389153674, 2451165319, 2403981750, 1243037889, 264414043, 632692423, 2335515230, 2637383700, 1657887731, 4004690693, 3996234354, 323173811, 3952888713, 1417003277, 2878191556, 1401138966, 2174477684, 1352365104, 3717797048, 3683087822, 379140445, 3767162219, 67621342, 1616021430, 3900523672, 3904125555, 3399460232, 2839725336, 1392589087, 1798619429, 358912150, 3227818875, 2732472941, 1544996005, 2579254133, 2801978189, 2305815512, 1723823069, 3908568702, 2971462100, 2494130918, 3448046059, 2887783595, 2099880395, 3739562135, 2937166638, 2342862932, 1199997852, 16507273, 1385505601, 3629763296, 1899260375, 2588089053, 3027448624, 866671443, 740736791, 3253424887, 1263252381, 480341257, 1671032695, 1619584184, 2686081980, 3385402669, 177071925, 3105113384, 3565062183, 263655396, 2049326353, 2129391707, 197609251, 1348222945, 1968887420, 824086716, 4112121978, 786406505, 3488649459, 851750939, 4170353315, 3958979841, 2734435713, 4052914420, 3266281699, 243), None)
Loaded weights: -0.12997021678219017, -0.5540858411145065, -0.0547847903653014, 0.0, 0.0
events: 
  ----
(3, (1564486820, 233044213, 612408018, 2178032148, 1489765352, 2148157022, 2432600980, 2310478652, 2674782070, 1893552289, 819771118, 2166086138, 3107994772, 2658002084, 4189816239, 2425751217, 4108133281, 3012678132, 811989001, 2199964293, 4067177108, 2914133699, 2113803428, 4294410681, 2900331433, 2979692110, 483511755, 261866642, 668574888, 3322312822, 2595200624, 106032167, 486876988, 85354302, 275801160, 3661898536, 1234813783, 3995560854, 655677976, 3774189658, 3995092278, 1223542454, 2000468028, 4038672613, 2068282618, 495505460, 2457910639, 1701903659, 3400678551, 487242149, 993776874, 518603809, 3230665061, 239181869, 2720040974, 1288704027, 3588918425, 3231293629, 1938647956, 218400829, 3358087676, 2061217559, 3201439635, 3147635971, 649164226, 1635438924, 2054995073, 3476291247, 3582338348, 4172884406, 2829452649, 1766911655, 4105717813, 321140471, 2600184456, 583451693, 1800847038, 382465613, 2933629224, 3846985366, 3064454775, 3975765343, 466623339, 960011518, 1451692678, 77405328, 951706500, 3170909876, 14757821, 2813973344, 3684490015, 606545326, 268061180, 1466368816, 2198374290, 3415291761, 262035081, 1444382348, 1611894904, 54344324, 3473597015, 3037673444, 3094327245, 2594365309, 1707672720, 3050638274, 3089146430, 451748853, 4039065018, 310965183, 1069345729, 2608725725, 2765349310, 146606390, 2409366738, 1980662767, 3903045456, 1953098931, 3717930317, 353532096, 312876002, 3932671848, 3044272464, 1049741505, 1022723402, 2862661753, 1588435973, 1097179603, 3129650732, 91275672, 4213343143, 1133587699, 3089784979, 2042779514, 2649422229, 1057163918, 571717584, 3248977691, 3775444448, 1841044919, 3989406406, 826419186, 3857613355, 1957431163, 890385088, 307934666, 2083524802, 1943786925, 520797244, 2112460221, 507465146, 823428720, 181643047, 1205040185, 906640408, 645163766, 3488110171, 1597786106, 1523263036, 3011899272, 3113620658, 3177589246, 1699435225, 2054735523, 3301308535, 1351874882, 1638695370, 1828289698, 2905715220, 1780674306, 3301518353, 3673916894, 188850849, 1035438367, 3150366474, 3578096995, 290721859, 1963575077, 1462204011, 2552599068, 1354958319, 2277568690, 680287244, 4247317924, 2092664055, 42151790, 3397269232, 3762454005, 2919497474, 2775208997, 1840639698, 3853635149, 1982649028, 615905910, 1488927382, 2831401318, 2488079670, 3854595265, 2265439545, 717283095, 4236573800, 538058220, 567801104, 432448993, 3921125273, 1149737662, 1546510515, 56062989, 3746552035, 1323709248, 4293289126, 976963181, 3771343691, 3008907906, 1036174309, 3064735670, 1529318091, 990347357, 225534642, 3360327561, 2046092839, 2767495511, 1759382330, 3065960590, 3512249633, 2239508884, 1813360805, 3298708661, 3323769751, 1023084122, 2786596290, 3172756384, 2274533391, 2329843121, 2130979412, 3083776874, 4074612479, 227971145, 2221658208, 386289849, 3533535506, 1358139336, 3861969231, 1046372483, 2306790819, 222744982, 1705110114, 3927592737, 2106654746, 2402287290, 4265581972, 3806311642, 2053718251, 2157545646, 401553701, 3812241856, 3364231375, 2844762800, 890450705, 2932757111, 2404493447, 3248389968, 1560385740, 3209089059, 1633288082, 3500872293, 3235916036, 1603401722, 612197254, 889566549, 2932436674, 2961344732, 3754154082, 213331681, 4236708323, 3089297830, 2698814082, 2960938168, 115809846, 2398420780, 736197681, 1938088815, 47944548, 3425511912, 3718983454, 1206380088, 870792539, 2309225139, 3655636205, 4231567270, 3177189254, 3011193276, 398892515, 1519516696, 2480575288, 4178753529, 2724589619, 3929183474, 2728045138, 1547790745, 2764520738, 2666647814, 4250317585, 1614566008, 356904524, 1479909269, 2142944827, 3409011810, 4263181420, 440082852, 509658534, 1362220744, 2508538393, 1584249680, 2899824111, 1109290628, 2792530541, 285780181, 4187885102, 1820710430, 2928577983, 2861807312, 14362154, 23849812, 1605834086, 2254068111, 3823823922, 29232413, 960327810, 3401651496, 568313330, 1122102374, 3380259099, 3650045173, 3743979513, 1774417612, 1282771591, 1456934298, 2001046983, 147369043, 1620887860, 993581230, 3132048556, 4199320174, 1237737672, 2622423702, 3495460106, 3376114308, 1190831348, 2808232147, 2488498338, 2606019520, 3362264543, 3387982923, 540429858, 2465903761, 1524379689, 2843101246, 1665752499, 2608357620, 1761006629, 3652640350, 3149457974, 3150489333, 762291663, 3516657314, 3574098213, 2336157613, 903432305, 3303046919, 779145498, 3588943156, 292675954, 716155792, 3551429420, 717580778, 2958840983, 3608380497, 2906023156, 755502253, 172651133, 2595743138, 1645428272, 2447982482, 828012587, 3289059112, 2691994140, 2730498689, 2388784293, 1433171107, 214804914, 4232607996, 2707488170, 3404373734, 2176910056, 3827704233, 716608192, 3828510284, 755291619, 2445852910, 211107835, 474010113, 2858568992, 2933972399, 2293671870, 1632757889, 3217458985, 2676637755, 2424396427, 1955529061, 2182025762, 431552780, 11570508, 870105348, 3026482613, 1172040676, 4209288021, 3014532786, 2857309680, 3283986259, 3696308913, 4270543675, 2978806547, 655996587, 138143433, 1626986711, 596072698, 321002675, 2904026553, 1684750107, 4061696232, 3433105991, 1468215405, 645655000, 720357578, 3890507414, 3790010543, 3317178169, 2381655923, 3090548141, 1485589464, 2470230164, 1399858773, 599371729, 3838422288, 952402883, 61777866, 2348047452, 2511950231, 3408147331, 3447303212, 331303254, 302582341, 3444943752, 2310209778, 2165312562, 3238574384, 2923356829, 3549073731, 78445430, 1091760906, 1254309312, 172729626, 1515152598, 2393427668, 3960766010, 615107036, 203649727, 4201783676, 1151723882, 1330938097, 1580509281, 2729656705, 2495710064, 1721416017, 3155792911, 1207821726, 2236968573, 1973226341, 2617722492, 2809253114, 2956209364, 3280237307, 4066149250, 2336598428, 2129584896, 2875706456, 3569345556, 1768121050, 1196247726, 1811947759, 1711749898, 1941094296, 3652677066, 337775860, 1054643468, 1265089991, 3074908798, 1696374163, 3968137622, 325825336, 4207163840, 3055881925, 1392176243, 1111423999, 850963022, 916988980, 1282605068, 2475688014, 396528581, 1052040464, 3263667309, 3785700175, 1718494794, 4119580895, 2384043497, 2441344602, 1354455390, 3345044297, 3859082300, 888577686, 4272416345, 2812934909, 4130827299, 1029124740, 373795756, 4182231595, 646836041, 1442083191, 154997892, 3294834352, 1126825080, 3304589256, 1898658055, 728943003, 1803420003, 1681541173, 3612883936, 766267283, 2850872011, 3499051341, 2243013418, 3524933144, 3788918454, 3976968298, 1735913308, 3881200034, 2870221968, 3825865434, 3904584460, 2939815433, 682609759, 1458796425, 1328314665, 4069285188, 754690912, 2734736035, 554841928, 715937406, 3887473479, 3024944658, 225229704, 3230592166, 242639464, 1727942209, 1132146571, 3852075445, 97721328, 1872345634, 1244096764, 1457412643, 1131686019, 628490228, 406835427, 1043904521, 3542888849, 1844178346, 3504636238, 1896069873, 4229175008, 2441015457, 1784871761, 1831896251, 2512685731, 1323968516, 3576919335, 3438325091, 757363727, 3128270736, 583903789, 193628042, 21184703, 805923478, 1092703380, 3506927157, 4110800135, 1274777683, 2542651582, 692552741, 2250893097, 2188111092, 3823825264, 986203188, 1303410398, 190695188, 2981906016, 3728734305, 1301411215, 1051479029, 3295573698, 218246364, 2155665156, 4272317462, 3103513154, 2555189948, 1074170446, 3952905221, 3433513312, 1493798258, 1301599221, 43792633, 4178070162, 477712647, 1142326418, 451), None)
Loaded weights: -0.16154668042288395, -0.7314190559412647, -0.0547847903653014, 0.0, 0.0
events: 
  ----
(3, (2076910313, 1061460106, 2434912740, 1626553871, 474345774, 3793553642, 3929755697, 3338686469, 2151149582, 2812861534, 2668080326, 3424732353, 1002042167, 1742364714, 3371911819, 3822496835, 1779706366, 1969109358, 3712171641, 2211625503, 2088746252, 3568312226, 1699665744, 322324410, 2789633052, 1726786857, 550786274, 467088541, 1140516076, 1859164098, 3372374655, 2744483367, 1725959300, 4196442828, 3783465939, 2856804633, 292051987, 2036704710, 3617498811, 2532760116, 2714696802, 3060495213, 425858304, 623900069, 2650329230, 3275278397, 3356058011, 1486357380, 4014567374, 506678719, 495472275, 754574842, 353129290, 3697928235, 3974099332, 2717187286, 873581321, 4034245944, 513472755, 3843855822, 1247512009, 1441475157, 3228222760, 306858475, 2055099750, 2927446917, 3839765342, 3832273986, 2420697825, 3924982711, 3783505203, 1495709113, 2487173838, 1110005173, 2522839720, 2534940382, 111986825, 1912039877, 3468672836, 2242296442, 1780576269, 2709370383, 2157643779, 2352104889, 2994381468, 3755508537, 3973881048, 1379765917, 1831996080, 1604391176, 2259449539, 1855866404, 1828637494, 1837392678, 2596737133, 2910135299, 4072451724, 606848200, 1061292110, 4125785139, 3988846988, 2686712490, 954017527, 1636774256, 3761159201, 3929366490, 2256850262, 2053203234, 3807667022, 2961105163, 3636809661, 3254382737, 1409027934, 964353913, 545811781, 3589598439, 2236768460, 1112469158, 3297812873, 2563832747, 1703460586, 2648221665, 541374595, 713841715, 1929328314, 1375175712, 1334643733, 538076562, 1426049888, 1574845223, 3729639919, 3504992737, 1977368377, 1402921637, 480803135, 3589397536, 3371184725, 1542886251, 2225651559, 1390315862, 2415470617, 2253635161, 1253206441, 3389411373, 2359095759, 3959570041, 1093866687, 3801015924, 3230373213, 3897151359, 3013500840, 2020307350, 1381642703, 3024033797, 999684388, 3893357691, 548559572, 3756641882, 892951716, 4291545338, 2141266871, 3238088653, 1132654793, 254194422, 1696941865, 4032343107, 940235833, 1885771595, 912939018, 1593190242, 1756289311, 3006389165, 3455327404, 1262303654, 2967351021, 4107749130, 3149104046, 2359538659, 3745446047, 2625822594, 3540318487, 625317111, 3263193138, 1982562821, 1797483750, 1208983491, 2095907974, 434886533, 512684010, 3123337738, 2264146934, 3244553970, 815224598, 668277441, 354590732, 2049957901, 2865356331, 193734774, 963447379, 1975119463, 3347367496, 967605933, 331482374, 800625639, 2175351855, 2379613362, 3574823943, 3186793402, 3603914688, 3788294706, 2307188326, 2546068111, 2646758275, 3404463601, 2603271391, 171774380, 1014016691, 2666900453, 4247484757, 242110409, 1205182740, 761694447, 1456193458, 4080590518, 3149288024, 4084939146, 4283503127, 2177747965, 1631132583, 2184043269, 1048382431, 3330544118, 1048244973, 2511947035, 3706128816, 1615958958, 2020287653, 2637317366, 514513986, 318197694, 262383566, 1659602675, 636562653, 4154717168, 872239525, 4019440456, 802630992, 45563137, 3542606079, 441522586, 1650040279, 1115323574, 1721788798, 4062935215, 709504125, 3199293524, 974603930, 176386856, 771418051, 3091228696, 2599394660, 2399393717, 753711575, 1640276954, 3359153195, 3085873721, 4181598665, 3018870177, 903944472, 235315809, 2104406475, 4061740223, 476835730, 1866618293, 76118871, 3207020175, 1175283683, 1593557384, 730045036, 3656670605, 2091067715, 3987879990, 2279761954, 1522818182, 2475050532, 2657212033, 2026231880, 3215032160, 737632646, 2665136875, 1274535221, 2828381000, 2201335177, 3979567810, 32126817, 1483907623, 2632659406, 2966347802, 2920198570, 2254232671, 223460662, 1912378367, 3875944418, 202260399, 3303347920, 1751797894, 2688419915, 355208763, 3965724381, 2410375888, 2762649309, 565228367, 2968411793, 1673513712, 858962399, 3875793753, 2385376701, 3127079380, 417115435, 3803266358, 953006158, 3668607864, 2915094953, 3714524223, 3188611280, 1320648279, 742247010, 4049486285, 2235789374, 1748157454, 1090504515, 1570461811, 536497535, 1880634997, 243326532, 1573263058, 2601871302, 2054109569, 1553274471, 1672637380, 619098926, 1038077715, 2832378320, 3786494120, 1281978349, 2898042636, 4232924905, 116780176, 392235863, 1785529554, 1730545107, 2411957386, 2886170330, 529935108, 2959576837, 2694407083, 1231363896, 920770537, 3713384859, 2561664500, 2135264650, 1098124324, 287129477, 122638445, 1933272122, 1998863146, 2387168863, 1276984574, 1026240773, 495583524, 3774031543, 3290694006, 4183157681, 1759794473, 3085718145, 1101860809, 449363336, 3842338258, 3085420319, 3463952430, 3110398676, 1251763772, 3774575538, 3776435742, 4260121038, 1694700970, 933459301, 2711185722, 851428675, 1172579344, 822251144, 898972156, 2502812464, 2028625229, 2608674624, 1664160106, 1827606596, 2804155185, 3151346650, 313930638, 3692421241, 2783905917, 984586498, 4293447793, 1694758780, 1507134420, 1246711616, 38593677, 3322586266, 3280464163, 989331075, 1803233856, 1373765441, 4292316803, 2063999607, 3136556703, 3825030483, 3553863950, 968201604, 3350691473, 3247965059, 3572264282, 2964032391, 937205136, 2734191810, 682534446, 3844100321, 1208451147, 3532739071, 718163314, 3504383515, 1935676614, 2666262622, 3227818082, 2382408945, 1060410184, 437810545, 1450623232, 1389516934, 4051990127, 3279266235, 1805281066, 2196338331, 236223547, 1537170139, 4244384432, 194273767, 2483140864, 3522961905, 813132196, 3135732253, 733636517, 3587304526, 3146289774, 3242577380, 29181759, 1278876308, 3467703201, 2228382797, 519277416, 2967002107, 3653425981, 1299587525, 2134852559, 3946347499, 1291729068, 2381203006, 849000304, 12153414, 2605964410, 1102124831, 3148628410, 2784168688, 3314729255, 2243119065, 2967015984, 2180193915, 2174724282, 1283055496, 890801923, 2855366341, 3531646431, 3349092757, 2142605908, 1978925736, 944308719, 3525286418, 3999149065, 2896524002, 2212764031, 1388789343, 4058104807, 2603943132, 3006212019, 2896037671, 2304407332, 363139934, 2531807197, 3294314612, 1440626190, 1377847637, 3331542250, 1330837609, 4263160515, 1202164911, 819431542, 4291681675, 1969957220, 1064029451, 2562197162, 3801031279, 2052878172, 3981886884, 3674767608, 1638203723, 1664522923, 4136070724, 4048536654, 3684162902, 3645831874, 1265115441, 3409345216, 3126961385, 3259017356, 3152885196, 195421280, 1276287780, 3198367058, 1969363389, 3308757178, 1838858643, 3868792116, 2314697946, 747625561, 3113991765, 1198895640, 2751952672, 1802779083, 2890821365, 1101089512, 560406373, 1514119891, 2548616194, 4171770248, 3386410618, 729258490, 3074110334, 1254666531, 2935430910, 1666540146, 272134863, 209671115, 4029280796, 360441024, 2804126845, 231449008, 951836586, 1437199484, 4148754703, 1172058742, 917400497, 784836631, 452798438, 828567609, 3269074587, 4149257826, 559670844, 321547839, 416054125, 448082974, 1493431350, 1590923287, 967559074, 2052694578, 3060483207, 1637154178, 1109345397, 2259642484, 2982774778, 2108735061, 4088391283, 536313223, 863213093, 772803386, 2238766501, 572860405, 1463119660, 1652507202, 2300209645, 349731904, 2665890029, 1799344497, 1471451488, 1069696410, 2945935010, 3252570611, 374138235, 760763514, 1580745277, 3093306827, 420556177, 3934810267, 1735734438, 526802434, 4259008226, 1106283504, 834138678, 1060798449, 1756061021, 2793039324, 3777609116, 2193587141, 964622475, 2072377403, 3248106525, 2658743198, 599229600, 1569081393, 2321015001, 225136531, 1148090372, 1279864604, 1094341411, 3355587055, 520), None)
Loaded weights: -0.35123241381326, -3.282235141423474, -0.0547847903653014, 0.0, 0.0
events: 
  ----
(3, (2549237583, 1250878167, 2704434265, 1508614522, 2344226606, 2151611076, 1543866304, 4028501983, 2434582957, 336671137, 795817586, 1350016822, 2165785925, 2991563647, 1098233881, 2304387810, 959543049, 3863436472, 1076880819, 2557200864, 1000148207, 1284825943, 2544622328, 943772433, 505230415, 1218571069, 721086618, 2828387963, 2093924591, 1374650809, 2436815058, 1230071821, 38828668, 2144351151, 3300736425, 1403380692, 1492967966, 4076951439, 2154684718, 3445863790, 2341125929, 595972506, 2222042887, 2432087443, 3106403098, 3362266604, 1865250362, 219130728, 195096430, 3530268043, 1316362388, 3131841893, 1338039465, 2831212226, 2373724587, 4219930553, 986612381, 2438850516, 2353072055, 4245097283, 2708447583, 2059571124, 2197403153, 4110448165, 3037723812, 254673081, 3133892944, 3304677009, 2135031586, 343822095, 4093180115, 2909689810, 1521339628, 3107994961, 1329672866, 4228859686, 1446922843, 4050778174, 2839463506, 584259220, 2669973945, 4215457392, 1816266201, 3446200734, 3882519976, 3821979029, 111474233, 416811259, 2968397422, 554582831, 1704444474, 4066136247, 3968340942, 639345956, 2190970131, 3100815195, 483897219, 3745874822, 4212690314, 1822726701, 1329526446, 2237171838, 1556851508, 445749156, 1376338222, 2004080137, 848346809, 3072812774, 2369072402, 2246090116, 396766668, 2741203633, 2786944183, 3548907702, 2691482350, 3872057994, 728176589, 1107689490, 3538436118, 2698477647, 4248326819, 3376540504, 2352478330, 3230328713, 155907133, 2121663732, 696233645, 2348143360, 2341939141, 3293678636, 60011541, 46662973, 3943446339, 326056314, 1902728221, 23332674, 4091270870, 1252946521, 1151073416, 3578592663, 3724321833, 1645655984, 2945308317, 3787353819, 2502746051, 2435087095, 2967381153, 987874017, 3345292808, 1314035825, 4092302102, 691541891, 2067074835, 2830781134, 624990785, 2991316890, 4021069960, 44189814, 1179128149, 430065291, 2845241342, 4290603269, 567381085, 3573023759, 2746282463, 2901870194, 973783112, 3043517208, 1910706542, 3594395141, 2673472623, 1979712430, 1184644765, 2704183711, 2069888738, 2127885469, 3161596209, 171644202, 533648779, 2588863328, 3160331514, 499649420, 2292509784, 1307923079, 2665816200, 1258740705, 2800721666, 1878985522, 1650916390, 2734877329, 1867591387, 3248388665, 2875221445, 1793492893, 1600349001, 1272798081, 1579341687, 1730305427, 255581182, 4013688510, 1103881848, 1476277409, 3488447405, 2976707294, 4035660894, 1028359791, 3922034099, 1434310891, 3263226775, 2508458249, 1128821196, 1983626044, 3132480801, 653681505, 2359738937, 1657196009, 610893014, 3663843961, 2089176057, 1561581085, 1262795575, 11745283, 341898186, 942796382, 2603067073, 463710142, 1918145965, 458715306, 1417049700, 8412300, 2844341109, 805697082, 3048676606, 1990059158, 3883936868, 3568702465, 2484686199, 4088734637, 4070746753, 1340094917, 796092071, 1323872570, 311811873, 75629329, 632346260, 1122449270, 636160512, 2710078784, 2140205803, 2926108435, 2124516550, 510878448, 2133386189, 617889237, 3388170554, 3409070714, 3481212730, 383179221, 604340574, 830478952, 2663546656, 1651446468, 3930851630, 1742778694, 585484388, 1549967190, 859219907, 1387681282, 1297595318, 4072103097, 3194689410, 3514926428, 770348405, 444405608, 1702769831, 3409630443, 12414513, 2688213869, 2326075885, 1927812043, 1838217458, 2963661312, 4273975881, 3277463340, 4143257386, 44981479, 810846423, 556170809, 4208762856, 2385454183, 733713639, 1221005054, 3160224550, 4250519188, 172816617, 3093914055, 477973980, 45108964, 4288535456, 4128331142, 3633420227, 2249767628, 2668027935, 2102563399, 368555290, 3053721314, 3897759266, 4132454054, 853543927, 3894730367, 1189973188, 511009847, 1029665200, 2875090855, 2082203982, 4199969485, 2654799704, 1884718795, 536123917, 2574561355, 1590049213, 3363812798, 1053092699, 2053220857, 1477557552, 1130447493, 3078631353, 2896447130, 2876241562, 985069194, 2435259848, 3716934498, 893840817, 3347536214, 270183390, 1668411015, 1090945108, 604000879, 2765894302, 2416909589, 3177969210, 3489623077, 2218988235, 221954214, 716840983, 1752961909, 1138145690, 938818476, 4136370241, 1875146417, 1130714760, 1828239330, 1473213048, 85247510, 2811080792, 1857936649, 1634183748, 1861883415, 1205950148, 1597678204, 3834930105, 1182610174, 1905577173, 3211882624, 3418206759, 719657550, 1461744250, 4069642527, 3514040253, 2710846830, 285014559, 228972920, 1839475646, 2491105593, 1602095822, 811006966, 877770029, 370644641, 2923999934, 3059999085, 2688326838, 3560288418, 3497479199, 3895718133, 1524232102, 3088516243, 3599868617, 3207560736, 1272107006, 573505119, 256535400, 4277551729, 990674652, 4147752322, 1531891007, 2879710244, 1746852279, 3304014353, 1377105849, 257002786, 80862921, 1511559595, 353660108, 1399953168, 2521480964, 177434839, 877034481, 293019123, 807881607, 2976190152, 74806372, 2333479284, 3183285215, 2714571234, 1142686577, 481667342, 352347058, 3281582332, 1802089110, 2489382630, 769160647, 1601708920, 1046572641, 4162152329, 1139480267, 4067528819, 441964424, 3650905508, 3440412644, 3008626480, 2045708151, 333498276, 1921023187, 2371234272, 133491372, 883893130, 3084485148, 2500126406, 4268338719, 1132577698, 2416979966, 629684993, 1314819515, 676718158, 1294692578, 967348140, 1291212866, 2009104094, 3254623824, 3889703431, 2009058465, 2785589025, 1661265568, 1983292721, 3304899050, 3433969295, 1435113466, 1045906336, 2332582335, 1673700539, 3134514945, 2740291395, 3344338744, 1731116938, 3038517026, 2094084842, 405907723, 764667070, 2107483569, 1589217875, 273528245, 3685201054, 3033521397, 4099771756, 392532766, 3053173158, 2763369754, 964864190, 3239937870, 814062117, 3465659983, 3615007470, 1639170117, 1400478125, 1555140233, 3880389567, 4033975835, 1403874719, 3163073105, 56216386, 1043440425, 3545155084, 3889051784, 2939496615, 938167073, 3014863581, 4117200666, 1015646415, 941820415, 12877321, 3379896464, 1577933239, 1993167402, 123129673, 1560360857, 3354842940, 1285453700, 2011590583, 3109796191, 2232425582, 563819508, 2812266474, 3098288010, 2840524166, 4241390286, 3751399032, 756347291, 1515944010, 307829848, 1575198217, 31451354, 3026810034, 1371189841, 915879447, 3774635546, 1003367001, 4068057651, 1896179104, 2024004265, 2779316843, 3981125042, 1340008344, 1926545783, 1393457682, 2519026801, 3441135725, 3000858324, 3170929444, 2059379393, 3116725582, 3663099366, 653394585, 462468911, 2463831438, 4048666170, 3429508240, 1044210862, 2277920103, 2317208015, 4148765638, 1088279300, 4196104886, 1734115365, 265712193, 3625496987, 2419258209, 1302187288, 4075695078, 3392025458, 809919587, 3978774431, 787690072, 3506959067, 1631323331, 1072747587, 2871898449, 1973588700, 204338542, 790925116, 4261041888, 4228208378, 3315128385, 3556165976, 1102712816, 2016635662, 2297049413, 961358171, 1785340076, 1495619022, 353338362, 4029653908, 1501126929, 524810268, 961817953, 1449062366, 2204067186, 2093368712, 1985554026, 3814468758, 3995540398, 2788618894, 3696645088, 3598095871, 3921622916, 3035350296, 2957513329, 764358306, 2736927174, 1726250007, 3338813118, 1342921047, 2754667966, 1092320623, 2116991629, 1720639300, 3011141839, 3029545204, 3777287097, 487257382, 124316123, 2373406405, 1355247127, 2208461538, 3878992563, 2172325590, 2102399929, 4140342491, 3139866500, 4071321566, 3219475893, 650120431, 3958159116, 532841139, 4209986255, 203), None)
Loaded weights: -0.3544024540451933, -3.274714034860645, -0.0547847903653014, 0.0, 0.0
events: 
  ----
(3, (950043557, 3682956618, 1671716255, 17619294, 436726985, 2065084204, 4067827744, 1204579085, 3650312408, 603054280, 961335912, 2846120442, 1900703656, 4257683639, 2411398149, 2016221316, 2465120190, 3171107191, 276844030, 3519436058, 2094676360, 1622958058, 1363685297, 3151912767, 3793774137, 723261996, 1968649323, 2760164963, 1133437040, 315145185, 607936893, 3426269914, 364074552, 3266914684, 2050111054, 1593707996, 769536760, 1203903035, 1377761597, 1796500823, 3301314059, 1700383043, 2465343924, 3431192179, 1102853623, 969422502, 785527802, 1224410965, 2308305334, 734876680, 4087267507, 1058357467, 4088939878, 2819188907, 1120109602, 2808813361, 2123912923, 466940654, 723846129, 2620749706, 1127613562, 326896232, 2152345462, 3763542355, 2110404544, 3660790672, 2623184925, 3401377971, 4024870322, 3099944381, 2066009943, 281756615, 3675333668, 2012032228, 3852474125, 1188579591, 3437588851, 1140518967, 3834786540, 841962777, 1143196550, 775173501, 372373226, 3173286043, 1066889467, 3152612230, 3323800847, 1153867198, 784702199, 3267000070, 4086035739, 3402408886, 1347688912, 2792543615, 372187518, 816668566, 2157439332, 1248267748, 1558828820, 3539469389, 1042664688, 1447484517, 227325403, 3765534727, 4240179820, 4136484265, 482704442, 463184144, 2231802366, 122511714, 4284442160, 1935522779, 3973322805, 1907184259, 3573199535, 1947673779, 2286810511, 3585759941, 385531520, 3397412885, 1056673254, 1413668965, 2762890514, 3698467355, 2337437384, 3691894232, 862838679, 1010793767, 1508305999, 716753126, 3916027873, 3559748055, 3961429718, 1291272035, 1332536377, 1262037532, 2941383649, 3026760245, 2125815417, 1160483871, 3423326460, 4101110096, 1343419132, 164145880, 4150824765, 3673642400, 1453540385, 3538104638, 843831415, 130592037, 1246951033, 781188761, 3809740449, 2339712763, 3812529531, 277533793, 1317492346, 1647577582, 99311867, 1498856167, 339226555, 63849859, 2201147067, 636981167, 2022224225, 2348978943, 2072524111, 1191271668, 423235212, 2735134772, 1999500473, 2506236077, 1952820976, 2175445387, 1677333200, 1422354719, 78087525, 4007440660, 2244822261, 1734492966, 613295466, 1568089058, 3942488678, 4284298192, 2784148542, 204486557, 1319872760, 1735233997, 198615269, 2456183354, 3483282345, 803516075, 39643327, 277869557, 1622167295, 1617907355, 1126607250, 3010865383, 2278953262, 1298849182, 299211593, 3625611550, 2679392209, 676265848, 1671272022, 3975246697, 2375607847, 3737525840, 1622201492, 3577153554, 3661172263, 2572725097, 3441125556, 304914182, 3098327100, 2442579081, 1393353552, 1714461685, 3402713192, 1247965599, 578265946, 4170913339, 2751314586, 2992336720, 2789041363, 3219159226, 4148490906, 312195223, 3687144204, 3999823098, 1494098499, 14443190, 5791079, 3249944082, 3030372818, 177688252, 3273900481, 3642046455, 1465710023, 4294667300, 3669180458, 536435530, 3815025107, 2151077108, 2624641740, 41273598, 3238139834, 2585456674, 4001398972, 773384658, 3035098695, 1153214208, 2692658201, 1370391798, 3239961438, 607218669, 3232458708, 910074322, 3573069806, 449997224, 3012468766, 1326723801, 755914111, 1017960138, 1777554832, 3532462595, 1112491606, 3798848464, 3305822144, 3452412533, 2755859677, 2386677650, 888585490, 2238028150, 4100906495, 1355019889, 2732103009, 801438874, 3748264417, 3312466207, 2958793131, 2761223641, 3334871207, 98753870, 3280694338, 2852648773, 363788361, 2119715726, 3445827716, 1285510618, 3291520556, 1675931219, 2761939162, 1081371830, 1333848207, 2715288412, 3114091215, 1156194951, 1808001284, 777084698, 887189890, 858511325, 2709106939, 3323898878, 1492712262, 2428221949, 1225214538, 2220588706, 2200890013, 1967599752, 722895455, 557369379, 927893642, 3088112040, 3773109255, 1641748827, 597263548, 1702430914, 1602112332, 2789193169, 2186088352, 3494241292, 2492808117, 2896115708, 4074708089, 3726733335, 2225743616, 1804744637, 186492704, 85932863, 2394191286, 1058522219, 3578663170, 1422404053, 3005998732, 2777012692, 2353395850, 3979444095, 2723317134, 2992759592, 2405061710, 265521941, 847922400, 68703579, 2022499232, 923918925, 3514496451, 2629123353, 3131599842, 2233267798, 3926817258, 2696269812, 3733436115, 548079547, 3530105724, 1767192941, 2228056882, 3399056515, 4222623977, 1197219797, 801744412, 4004393612, 1417777756, 1401395757, 3776593682, 1428514628, 3849047119, 1035640829, 2763778023, 2170830636, 253380196, 3250232034, 1237468643, 958153030, 3402124485, 2976625214, 2513163946, 1568059174, 3971399408, 3003795706, 3782211242, 302875563, 4254833860, 602644905, 3879156600, 4155179328, 113313271, 1909540932, 2345765491, 2224546575, 2206473800, 621710863, 3080602686, 2401755919, 1389571814, 4097692296, 410634723, 2268020666, 2462770748, 4010144075, 900616577, 1768957110, 2105516695, 260233959, 849197472, 115788242, 4140924160, 2778017910, 1170580614, 2831622228, 4208343914, 1646560526, 1557577580, 3048020383, 1765229898, 22450492, 3014270532, 3123344098, 634705368, 3451413123, 1060364873, 3867691280, 3312274816, 3151729192, 323375105, 3405642474, 1638199116, 2002639035, 2176028294, 2051765429, 566140074, 3285522656, 3931793305, 3462566769, 3297873813, 2069632410, 2679470961, 1006987767, 4170730168, 3306389323, 3655348825, 109792830, 2243706798, 1972984609, 2061818915, 3970589769, 1904365296, 42560626, 310359015, 1093331989, 945259551, 3619624835, 502504189, 3577385583, 3989050127, 2969587953, 4047754538, 3313672771, 3895820340, 2218434104, 152323436, 3610547790, 2030047609, 3652045392, 2810031746, 3259797917, 3912408699, 2104828461, 2846699196, 1917502422, 2917469883, 1595901033, 2019233352, 2326847029, 2162633969, 3168425521, 1926872461, 2489920992, 2247547597, 507439073, 974312833, 684503971, 2491750372, 2012942415, 2626884818, 902351932, 3926683576, 885147113, 246994808, 2870883380, 353088972, 437537236, 471809679, 2159170329, 1656551009, 3216599117, 176936653, 559554813, 388710473, 273427802, 1936426354, 3473437930, 3395297546, 357613170, 205494020, 3106325027, 1737211419, 905901531, 3860653038, 2517336413, 372063931, 2682086279, 4271934854, 1808385326, 294956210, 48357526, 1639115263, 3441168384, 3558723976, 2758814903, 1514198767, 3193241976, 597371016, 2313383362, 2147846004, 3421997250, 1456729546, 2444766217, 3103254071, 3621528098, 2716981298, 4170853154, 3107751156, 3676134573, 2078148171, 3661648375, 734491930, 3477201888, 1037726340, 1516614265, 1918986299, 1948647247, 1756795804, 1529961377, 55319178, 6355227, 1020535741, 1581996952, 2883679727, 4110144055, 2442300071, 410643636, 1086519784, 833539858, 3129212626, 1842561452, 1013460684, 3953355791, 4265363077, 2060780050, 61976825, 44085054, 1276341098, 179642996, 1638864648, 3632516320, 3027704223, 2563249104, 825139301, 1284042653, 4292643236, 293046028, 1473045941, 3982704708, 29922660, 2131120016, 2955535872, 3332166413, 2855407113, 3868223257, 3575580652, 3721060210, 3975651074, 2950825181, 3409366586, 2245198381, 2087750880, 510111831, 2579349339, 127593243, 1034728413, 321504562, 570096774, 3206426307, 4237698586, 4068241590, 2431985615, 3848325296, 3795551677, 3100596631, 721695641, 860701357, 393502631, 2794240264, 3720556446, 3070174858, 1519423993, 2951384121, 2293319577, 1646824313, 3531646589, 3873833481, 490335430, 1182565020, 2524049735, 700282049, 3640960205, 4208044455, 3824457738, 2113335958, 3134306441, 2218450784, 1346553648, 3709941998, 365), None)
Loaded weights: -0.34652321328740543, -3.251188334018549, -0.0547847903653014, 0.0, 0.0
events: 
  ----
(3, (2867692831, 2047899692, 4018380260, 2711951162, 1425765152, 1145352839, 4117520318, 508827084, 1461598646, 3933672500, 2974227595, 1029739346, 254549200, 604178871, 506595660, 1436672179, 1914964475, 561472437, 699775921, 3452371584, 2322881815, 2490921695, 1231027651, 3609944458, 3003532294, 1724802922, 814825926, 1921065017, 1519458245, 3937562413, 1363248598, 3412731290, 1528291339, 1554483085, 3970571790, 4239752933, 1955278515, 1956004820, 3621688302, 618581163, 3617668489, 4058078818, 978986157, 540448893, 443503981, 2463442515, 3370936404, 2116953336, 3108818509, 3511000694, 3289087168, 732139860, 2351360159, 1496729102, 1560423620, 4223074639, 3637570328, 1633559080, 3206212404, 2430129943, 3426527095, 3893401487, 1830527566, 2012307084, 4197256070, 2921722280, 637210326, 3499031643, 119968668, 229132559, 3961008913, 2217065646, 163337636, 104707554, 2776305717, 3340830254, 1917130481, 2997761415, 2093304930, 1355307086, 444303233, 2397970872, 2577667955, 4241612067, 892876384, 1854091708, 362307216, 318335350, 345372607, 180430314, 1369707570, 1720900496, 556789332, 1578902899, 37938719, 475318845, 3850491371, 1288183275, 265149108, 1436102837, 2473721360, 2296752763, 3111935366, 221611076, 759569121, 2214764311, 412970746, 247258107, 4202721938, 1478757635, 3579353321, 1233018667, 2010486979, 2774062899, 2094940417, 1670301598, 2551994515, 1525281778, 3198772291, 1053765388, 2117456109, 3326803713, 1396804965, 535424395, 3495160724, 3810883484, 250897294, 905855372, 3735809201, 4218402533, 1655055421, 3472402780, 682560844, 525277937, 3708206636, 933023195, 404862312, 2643204520, 1641884455, 230858084, 3044613960, 1439894522, 1585571605, 3504185210, 425612703, 2599387475, 1916846910, 3277932142, 2592874326, 2163599454, 3489928203, 56870496, 675935637, 2030399685, 3375642203, 1736528597, 11848677, 561970800, 3631262720, 2944174542, 1934425617, 1722653959, 2972087578, 2801621142, 2645120670, 2833236242, 691375118, 1831997518, 3372261626, 1458131740, 192000857, 1260156701, 3579120519, 2384560332, 2719777628, 3432486872, 3658291406, 3659958209, 213347843, 2725180597, 3894887164, 2672608058, 2571042545, 2280020467, 47871075, 3416411006, 89947364, 1473588887, 2363503408, 2193058283, 3499972573, 26967003, 2530583102, 2499552381, 3122057888, 6924367, 1068337775, 3212652173, 2496208505, 18307764, 3379425343, 887690890, 3974637099, 449509554, 2621262790, 3367017579, 3387930144, 2912634324, 2623840899, 2927928885, 2051959122, 3996971971, 725533946, 3470195299, 925226130, 1958714734, 3966533561, 3004781939, 3582262481, 3359602016, 1603572325, 2987017543, 618349886, 1892137535, 3687506749, 736149117, 224679034, 2265917593, 220480081, 437009434, 2714445409, 3454004556, 1688185230, 2938353495, 1528803986, 4018629001, 536166160, 1138874039, 43853120, 1651883205, 1811915794, 3062427002, 364546761, 1008493725, 1615693770, 154447980, 2160753297, 4248051017, 3279160886, 3391404607, 3044356618, 976334549, 236528913, 270512233, 3113297168, 2059707439, 2980921284, 2067652129, 2248347982, 1120972804, 2720345662, 1663403118, 3806532992, 1081246843, 3302522378, 3069784261, 367535427, 3039057513, 235552647, 4050853404, 1729527732, 1075055588, 2422729448, 735295092, 2403823391, 824718370, 2259148859, 1924608239, 3490921732, 1292080277, 2457108541, 2808713288, 3108401128, 4178926905, 2908055893, 1824860111, 2952065744, 3935122229, 2388606306, 1325657432, 2668345722, 3898796011, 3458189299, 2603862606, 3227713013, 3269493284, 4141213843, 3657025427, 2467107619, 332197221, 2258693843, 751794327, 2754499537, 507079506, 603675046, 407300423, 1390798623, 3269739024, 4098734588, 354936451, 1967458797, 782201381, 1921736040, 4242695244, 4212937988, 89732577, 947757451, 2115711380, 3968184743, 1611229572, 910088053, 3506490138, 1243304387, 99019528, 3134199103, 1301858612, 3109591988, 2533305728, 325224251, 3190187869, 3417757358, 132190816, 2003712802, 17341884, 1551775505, 3164770007, 3082027619, 2222053934, 273591999, 813216484, 2075763302, 1704682353, 4169817580, 2757372227, 3630805515, 253537917, 3919380831, 593618204, 2227471402, 642167184, 1337133681, 639139874, 712524958, 666956336, 3629936101, 3704444200, 120305787, 2255914134, 878581353, 1061936706, 672662455, 3074848514, 2270670866, 682404577, 4145981962, 3395321311, 3390530117, 1043094628, 358683756, 420267047, 4026585611, 3837249457, 2254545392, 3459011971, 2614402929, 3496604675, 3998138317, 3865004915, 1525080605, 1493044928, 2836070863, 4160354361, 2944152286, 858740313, 1521188560, 35167780, 2543070700, 4021062647, 3186547807, 4041505342, 1836232526, 2254861441, 1984200778, 1079778173, 1462565130, 473232596, 1434373313, 1108656199, 2778087271, 378180504, 3130626711, 95150792, 1381911156, 3275998238, 3646284584, 937414787, 4037307534, 2328203455, 2335134480, 3830833988, 4143192948, 749808597, 1216116590, 1908923969, 1467901449, 2503293970, 3751956634, 2188852529, 3192912453, 1346692037, 2813853941, 3634394208, 1568956763, 4010152624, 2583942136, 3827001823, 2746287670, 3384031100, 3502513167, 4231489662, 991982786, 1880672469, 914973964, 850379061, 3493154585, 179744740, 1770955281, 1174555662, 364772537, 3737545993, 2375245180, 905694021, 2541453345, 1209442679, 474273672, 2907036585, 3380331353, 3483630409, 194478994, 2717399022, 3255861537, 205233820, 2557822869, 3801017634, 1183297598, 1971693764, 3787840996, 3587303035, 2411897424, 538282808, 2226781296, 3197569777, 3276901537, 1280043089, 3150917286, 4010597026, 2244451596, 2133406540, 3484257425, 2587934027, 3399161462, 1549795566, 2506387369, 1504795702, 978421390, 588277807, 3222285519, 1854336947, 3961941498, 2316893966, 2641451367, 3016994530, 2553388247, 3219436973, 567916607, 3003459218, 2176393775, 2776188290, 1990893172, 2825310054, 1299751057, 1407144338, 799582614, 4257148588, 871387792, 3527894078, 2027339453, 4119555919, 1211243849, 2849122385, 207064065, 3933699994, 2072013595, 2159553465, 4146913569, 987648726, 3472121511, 2709189066, 1969545273, 1800945770, 1878219813, 3523555222, 421643608, 2805900425, 3959276414, 663681346, 1770906968, 4110766526, 592593263, 976690267, 2216250098, 2444192177, 3323016389, 3067554601, 3154248690, 4167361990, 2182630334, 1137945879, 1193372038, 4107714504, 1651801795, 2137332700, 3972069326, 3053606117, 1993136692, 2712535921, 847714163, 732442799, 2594511814, 3534969258, 1610099508, 3477544138, 2982750446, 970697934, 3877895622, 1810305190, 1328333896, 3133594973, 846566110, 2614797391, 1239031122, 2595318219, 1431285437, 2753127645, 3759574358, 223776861, 318726533, 765478195, 2055967593, 4022227841, 5818915, 2054652580, 3120046061, 2271447527, 2821733470, 3548222127, 2082257676, 3123069579, 3671565408, 3345226046, 3974228677, 1787260942, 967642719, 2843298797, 484623060, 2630907690, 3691014345, 2208480682, 3428320113, 1089980264, 1227201929, 2921833060, 305457049, 1655758694, 1570223455, 1248219161, 2842736310, 3184422085, 1837347408, 9001251, 557336696, 3890467913, 1290263137, 3025957192, 1192387647, 3289593684, 1807523967, 404070410, 567860133, 1256917219, 1317159946, 157679741, 3274680455, 2158962690, 3173046326, 2930121278, 3590584323, 1952125660, 535104858, 523555135, 3646220162, 339183795, 556195690, 94659984, 578453832, 140787430, 344202802, 478733131, 4171042250, 4062506193, 37844173, 1057856146, 849635491, 2566962833, 533), None)
Loaded weights: -0.33669749391213644, -3.251188334018549, -0.0547847903653014, 0.0, 0.0
events: 
  ----
(3, (490745507, 3625215085, 3041527184, 2692407205, 3365870802, 1933477707, 3517810272, 3643539463, 876225250, 1581473212, 3486505731, 474699476, 3716208925, 2292987684, 3690716618, 2370562486, 263421614, 144075879, 3157007129, 833415519, 450414312, 2854947826, 1714870812, 3699902509, 2884849695, 1125453623, 4056087440, 1532897447, 1774209956, 1573966086, 2015398690, 1275162940, 3316401126, 3929888480, 2240834900, 4210942818, 1520279244, 1336529645, 2693291561, 1314139117, 1633139321, 2549817736, 1916805434, 3405192240, 1548966929, 2979256663, 1593812181, 1021941949, 1568234342, 3366847370, 2466812799, 1169526281, 1141836320, 2764385712, 2244038581, 205638164, 206119119, 3358851084, 3772423722, 3107276390, 1413842413, 3509749808, 1643314401, 3396299739, 3966208130, 1438196328, 3896421751, 3671392666, 3925989297, 2728581821, 3234233350, 3560653647, 4088556896, 546500085, 1999371828, 1788143051, 37458802, 3183677782, 752898283, 1657815659, 281417968, 1181960869, 3112543435, 1210477716, 3478068649, 3442121718, 640073362, 884495539, 3360600324, 1138375324, 1957446247, 3174571147, 1625379200, 4161865189, 1816789830, 1838908421, 457138508, 1612048574, 2919083706, 182688963, 3471959385, 2397535446, 943259961, 3828239345, 1045557505, 1352088257, 2357590506, 2297886286, 2883580701, 596257677, 3998507320, 2979656883, 4213462186, 2624125307, 3169036503, 1554630363, 4055045818, 273500177, 349116752, 3497439155, 3049927024, 1560052238, 2283869192, 1022670177, 597265990, 2681051663, 1561425105, 115528028, 3065512337, 1354271323, 2758467956, 649082050, 1829981740, 3916444128, 2534443417, 3161260338, 1101294718, 1353155784, 3879326416, 1655629640, 3414612719, 1894272905, 2254392497, 2166985647, 2359777536, 3129161017, 701302774, 2152696462, 784105713, 4239345661, 1649382169, 4080347372, 3629831105, 1792956099, 2272985369, 896581373, 739114101, 1251961667, 1002989519, 3753688586, 357405959, 4202593189, 2301130688, 451288407, 4268817408, 2404540842, 3022051322, 3092831687, 1491747219, 443268968, 2055264147, 3155100316, 1871043943, 206819676, 481087629, 1982470132, 4052143248, 2422049129, 4207984501, 2898390967, 218081317, 2558279203, 4273584493, 3538857922, 1164898520, 3744985411, 708880376, 2342633543, 3984112966, 2208282098, 2347352580, 1320940616, 1124826237, 2949988168, 545082300, 2166353709, 2274564555, 733276617, 2814160447, 2951199408, 1991422918, 3887248055, 2834313537, 4062285803, 690115899, 4006927045, 2140937019, 4045487745, 1958606112, 2765551701, 3850107778, 955682790, 4165182872, 500495113, 1135960858, 828428159, 4234317042, 839792839, 3087227090, 2323603795, 612993635, 1167037672, 2537174260, 1696086634, 1492890504, 2683424520, 2926312103, 1390991727, 3218012568, 2001165215, 1595211955, 581905250, 2596617292, 3215293332, 1722536528, 817997354, 887027815, 75690558, 2819777711, 1977408885, 4008867920, 1967345147, 812275513, 1621645106, 3301131482, 388338588, 1775252114, 2619955946, 1670798895, 3794520162, 3328817900, 413021289, 3017731989, 1306447433, 856690717, 2114160173, 1783662477, 2210380182, 1631467264, 4225736479, 4179685436, 3555374432, 4021914767, 3745659194, 1186938725, 367453446, 3877846307, 365384422, 3319035537, 4154175638, 1160421900, 2519325526, 2085499813, 1044425189, 1396159125, 3790029169, 1218143717, 2139274603, 1797094429, 3264550220, 3739279672, 3440302488, 3146286826, 393827201, 2444854640, 10265879, 3335128975, 3257563103, 34489486, 3534819698, 1487309701, 1534447403, 396875307, 3836264010, 2475426988, 479384776, 1299218504, 2903034897, 3585610569, 1838828716, 2061852818, 3003792952, 3616929896, 4089401804, 3762557690, 1447817095, 4063454076, 636867185, 3088232654, 3713040646, 1456316624, 126378, 2829159996, 1387876890, 3021540946, 3279808890, 526850751, 2142284969, 705394534, 503960294, 1030093580, 1862516826, 784527718, 1917979876, 3347765457, 704509407, 2949599467, 515018235, 3417226308, 1480547702, 406992257, 636794973, 1148949543, 3927928324, 2390613245, 761488463, 628846349, 276935453, 1174495587, 864289531, 715389171, 3747796495, 1125309582, 1898460501, 2061166411, 3268415024, 3067331017, 3047589525, 368162269, 246930243, 1182027129, 1792815179, 3544898798, 4127536126, 3167293639, 3255063563, 1132243826, 2064372139, 2282102184, 112804614, 1333562316, 1491033388, 3184035752, 808277210, 2097259223, 1168619901, 1196849402, 1312796447, 2215270576, 802262399, 2368589197, 248774760, 2630339958, 3714673520, 2727776086, 1153185035, 4213782563, 4073999379, 2866538121, 168566319, 3761590932, 405963255, 2692865124, 1251784279, 571345509, 898615924, 1723137050, 2171629477, 1179262796, 2054894310, 1887112275, 1297776282, 460107735, 1820158977, 4253526792, 3988123661, 484052019, 731429835, 3189199610, 3373285567, 1587682864, 3206631497, 1859007319, 4046291546, 2248363165, 1508169521, 822142391, 2030909087, 2831619417, 2444337220, 3305828852, 1037448146, 927857672, 50216607, 3042180728, 2910485670, 3532497911, 3221754685, 3139887396, 1262154225, 307697654, 3349719051, 1742897252, 3090069053, 2551993756, 1742235488, 1869267108, 250435054, 330638597, 2554080239, 479205692, 2061616338, 1147413703, 1748806678, 3618681495, 2846339241, 1494450746, 3681750844, 3526452750, 2564426179, 2595412147, 2737834947, 350340454, 2473559432, 2749489802, 4132212096, 2799188268, 2039468082, 271068231, 4016212373, 377194841, 3814431056, 916414169, 2202641989, 87120346, 3789833628, 3602558212, 2290072939, 3383845838, 3373772103, 888475128, 1068634787, 3821099412, 4236827595, 4005444672, 595663367, 1541886601, 3803725849, 810920072, 593189202, 2674298356, 3891432373, 733006437, 904702779, 1180210612, 3708741745, 2755129789, 1728481073, 2150325801, 3068744784, 3679110346, 2704010620, 221412804, 2283350141, 1422564294, 3159855235, 4161201275, 2032948710, 591572416, 922912729, 3363767414, 1355180358, 2356431501, 3285008957, 3404660070, 3323830836, 2512408280, 353336980, 2865387425, 1913042542, 1822156412, 3914037987, 3040775070, 1058088928, 2352078009, 3034808996, 3973765790, 1729858933, 196177932, 3251122478, 704729497, 1417101726, 53304874, 165562601, 1311177915, 1434152064, 1168258261, 2288448674, 879323873, 3831369908, 204867830, 585901024, 470411154, 95638291, 2034818614, 3897290853, 997361630, 1034371591, 1127397867, 894280508, 2147688030, 97479903, 1364420198, 4281805319, 1893958979, 1908449, 1713656549, 3850504737, 4172355428, 1207168027, 2472297590, 2210795359, 1217330858, 3760934506, 1734833013, 637879148, 2507441640, 4066636953, 2268345549, 1739818520, 4225786451, 3164559673, 1290845488, 3157971044, 532862344, 3372955125, 4078374227, 709703585, 1388551142, 235592296, 393680545, 3853143128, 1490767061, 466687817, 2438156283, 3012836478, 2375138738, 884559851, 307706582, 3204491783, 4082896194, 3483365978, 1945610725, 1313473190, 390513650, 2770116027, 784071780, 1288258747, 2757493140, 3561255574, 3960513927, 3343275610, 2908337321, 2544760557, 2000583686, 2622441283, 376677048, 3856023495, 3747519367, 806952080, 2802938454, 498112666, 3665367984, 866790045, 4260211359, 2951059284, 463835880, 3742829048, 1175419101, 760634774, 1971500472, 2037182545, 2566653475, 1309569453, 1531655542, 2384718939, 1185620040, 1637300963, 1210484774, 486081726, 4249680752, 1274442279, 861325213, 1152188780, 2305040980, 4057471768, 1309115501, 3018051283, 191646083, 1503246289, 3020789181, 1804868307, 2728498743, 3413289917, 225), None)
Loaded weights: -0.3579739062430089, -3.251188334018549, -0.0547847903653014, 0.0, 0.0
events: 
  ----
(3, (2660907298, 3836891186, 2465714, 988647513, 1605804851, 1176039527, 78852742, 3692977644, 1992653295, 2414852329, 925408757, 521128200, 3588733910, 2834767633, 2071185161, 1888764767, 2680010867, 843924267, 1822734550, 3756114051, 3575486148, 3359476778, 4235609400, 3735424806, 1059757903, 1594097068, 1284051633, 2902224974, 1227886563, 1400538421, 686681456, 828572918, 3978461343, 1582837654, 127874403, 690678689, 3605067199, 1593584988, 1468339584, 4038127577, 3499007992, 2870048403, 3181479899, 1838401124, 586241975, 3801524179, 336853257, 2371702585, 3525020741, 1985265740, 2187175913, 841984343, 4244643661, 3449003612, 2776333402, 2847112801, 2807277123, 1968969423, 3179210415, 630251309, 2699491699, 541109601, 1965598837, 1120324025, 1433306007, 1322696688, 2447530758, 45508423, 3956852614, 998534282, 296571233, 1233952312, 3927613303, 2767418094, 1269844367, 715981788, 722281360, 2300579102, 1970174363, 2891251141, 3711406780, 98647187, 3539624474, 1709570753, 3351158919, 1579229837, 189641467, 1894630212, 3719990733, 1532523927, 4273531772, 1395787008, 2449651188, 3193570773, 4278393755, 2179725867, 4089951842, 3692046907, 442817674, 732957867, 1383907583, 1876846562, 3642303305, 2864426531, 1476941660, 3011278699, 2070568135, 1087804904, 2083399613, 3689998850, 2799683571, 1982028377, 385154380, 3984078125, 2737508908, 1005901175, 3639630910, 1145139219, 3829959558, 524758125, 3860379045, 813293797, 590150363, 502976469, 3020054072, 3951684901, 113392573, 4212944417, 421463447, 692582244, 1862228070, 1975197437, 32881612, 1384376909, 1543105606, 830558297, 3613714531, 1132424235, 1900703045, 3673132877, 83795258, 1653998051, 2658112787, 3574589686, 1200563484, 476609873, 3758918445, 2838594514, 2170179661, 2103180475, 3422118127, 1913777650, 2345934246, 1632981504, 2133833368, 3288265685, 8246554, 2603505328, 3872746224, 549025551, 2390407852, 374841350, 3664864284, 676292769, 2718137485, 46868264, 3740649845, 1680793581, 3198280650, 702113444, 717147813, 4238173370, 3106489001, 1677907419, 4102748576, 1261752237, 2674685645, 4079365271, 1786043071, 4056717481, 3657427829, 1107848701, 3174245751, 2393365995, 1909792292, 4168738645, 192259601, 25305765, 3716193722, 1401373626, 2190198243, 1741919590, 670270260, 4147107720, 2218254291, 12070794, 4286115494, 2000375135, 4162210316, 1627179787, 1975967868, 2340409506, 3444452028, 3088789498, 3608030700, 2117778273, 4019609138, 555077606, 88088750, 873913737, 1038908688, 1946639082, 3407597029, 3700837117, 3394151751, 224887268, 2225253840, 2506460733, 770644846, 2236346755, 2435056807, 15815673, 722840292, 2557496441, 1684864343, 1822219195, 990803925, 2172470766, 102321442, 3064442676, 733611496, 1389640981, 432688557, 2011618222, 3296628473, 4121081091, 2377040374, 3123257213, 4243134317, 3802040318, 1264453939, 4199439434, 1086351558, 3185318430, 2044693221, 1481417119, 3522522614, 1037961484, 4180174875, 2671941710, 199337421, 3217905754, 2699307607, 3423185504, 183829383, 3843095802, 1386568190, 1483929328, 2508487590, 2444425345, 934114598, 3914023931, 1183577916, 750246610, 1410293727, 4246485966, 3126019754, 1802245231, 3504123608, 3744782045, 1720134607, 3319725754, 1690190846, 2759889052, 614883166, 794725992, 3499961894, 786147640, 325395441, 2456842193, 2870276752, 4173283119, 2064082814, 2945410299, 2887447707, 118707639, 3717026845, 3789675316, 152577496, 2155044200, 4134838003, 3350583389, 2088952021, 3626260816, 1291783459, 3445655458, 3020470877, 3799640090, 1061271662, 3613929278, 3178655218, 544912827, 1400023866, 1529817837, 2064468482, 1282918437, 1738974242, 3242117851, 1799978000, 3114054258, 1709509652, 3555616665, 930974592, 289486290, 290666489, 184660045, 4253586204, 3955052751, 1547103347, 2360363122, 2312889848, 3898762024, 3099786329, 1225419477, 300310539, 2492187680, 4259445385, 2007736029, 63031641, 1278249302, 558449362, 3812437392, 2255732841, 2774270566, 2406455056, 4154138852, 1253606227, 483903389, 4142525435, 2595074538, 1539436277, 3265428587, 2590539522, 2090180420, 1697216267, 640277437, 3701268472, 904454036, 2922036635, 2568907960, 2979817263, 2644979791, 2425058522, 3249406721, 51836155, 2023837742, 2378870638, 1794922162, 921157502, 642514474, 2129413339, 1159573394, 1771567668, 1894549975, 4171497546, 1390498104, 1694033949, 117158242, 2893444995, 32621322, 2456152258, 1240253351, 1927071977, 2974272646, 1382492552, 633764995, 2637785709, 127673204, 2921288250, 3150886124, 3024396836, 1869568170, 1069029409, 2289197303, 2179576714, 3582924029, 3104436226, 3982472458, 728381813, 2068075242, 249714668, 918395833, 2919047671, 3761642737, 2348586804, 1774474508, 2770176926, 901081048, 18740282, 3598208433, 3801795872, 451236052, 1940000384, 1164271708, 115144656, 3959167163, 1413657401, 1419038982, 181452255, 3753270669, 3494691842, 1785978912, 1611548869, 299653421, 1463753974, 768539806, 2861300475, 3742938481, 2605079873, 785909967, 1307784018, 4156989409, 2242364491, 3010905192, 81231599, 3483576926, 1737122300, 3843342881, 510227850, 2198218274, 2238434707, 1815383888, 1243934058, 1564915622, 3972966253, 1774838195, 430922263, 1425329687, 2707615444, 524947811, 336003011, 2151565300, 80757536, 3578944661, 3997419773, 2122516472, 4186708378, 3711579, 2923997164, 4179680919, 2849865937, 2787893988, 4096833606, 2039929656, 2978965280, 1833180064, 1804648798, 1331868687, 2941737833, 1135659857, 4046938656, 4120781363, 317614137, 4210155478, 1927357089, 1209143030, 1254758189, 326425975, 3957584099, 1332948540, 1462628123, 3037683464, 3685893341, 4074317612, 2320616939, 842735642, 1976134409, 2466036230, 3837391474, 3443607602, 2627493086, 1282162021, 2014631963, 952112157, 3746664046, 1888467268, 3978613362, 638329798, 1807921352, 1655993607, 1154805361, 3409824326, 99756559, 3743692825, 140690805, 2587658676, 2511563159, 3941249216, 3168642445, 1391702208, 153984306, 2117671569, 1893080472, 1334669477, 1957324906, 1695043262, 2029328820, 2932624022, 3629852600, 3071246189, 2243216436, 2911656846, 2599731484, 1670814367, 3411832180, 2999029613, 2218796857, 893950812, 4120563719, 983164078, 3377612960, 1123811050, 1454481140, 2293028166, 1330946295, 1660484481, 1353924322, 99058136, 987522085, 1400054805, 2160077917, 1403320625, 3940871673, 2262816348, 1480127860, 3243500989, 307562429, 431851430, 689905995, 1054058939, 3383394978, 1964263596, 991172472, 389257849, 4173328761, 1452060295, 1820918497, 1397313345, 2612764708, 473595311, 2387441302, 2006859411, 2325130258, 2986381389, 3391534328, 3812818735, 2149491289, 136875809, 3828891812, 348191718, 2542347338, 2047508901, 1669012383, 3675886705, 1159584162, 2954966306, 1509533376, 1391096734, 1143642551, 3821435299, 458909289, 2245661478, 17619694, 3611278849, 3194888598, 4185342889, 645037626, 2746378213, 4152690948, 2139854534, 2718771244, 3434258032, 2860456839, 4132802925, 4258481612, 2111729186, 2376618262, 2286664135, 487662042, 2048869151, 1043645850, 3583543698, 2453468329, 3271986573, 1359575752, 3785670391, 779765750, 1751835763, 1598549356, 1209897525, 351863921, 3339819590, 3687445642, 2963075286, 2575656326, 3444228638, 302881090, 2421679671, 1628691189, 18769305, 1954670907, 21651611, 4158231627, 3183206696, 2511583366, 3579923356, 4223468892, 3529294834, 2205806734, 787700726, 217358663, 61140208, 2507517965, 3931150095, 469), None)
Loaded weights: -0.38161883746448966, -3.3451650739111596, -0.0547847903653014, 0.0, 0.0
events: 
  ----
(3, (3584366320, 444662938, 1403409202, 2082307791, 2708256849, 2159396396, 110173825, 2217474716, 2698997999, 2487666973, 3620716526, 3483698196, 1249956254, 2319904646, 586017654, 383414517, 2914889226, 3362726750, 1633331790, 3202535661, 3300909626, 2689192790, 1657165671, 3001509319, 325726795, 2142711606, 526106730, 2890929715, 1122570481, 2177451562, 2048521322, 3615376136, 427004159, 2696429791, 2016940585, 2612908228, 4126626373, 310748823, 980073467, 716939777, 3384308443, 2800909633, 4066770362, 3700423388, 3077682843, 592673245, 2399903048, 3201369378, 3688334024, 1244136938, 3252696498, 3851928171, 194355932, 1479170075, 3383918605, 1613326052, 2838877244, 4161287723, 518064714, 4199019614, 753746078, 4029764847, 332858014, 2213025525, 2585737144, 536728917, 2436690755, 193373462, 3230375715, 3154243858, 534267598, 1533356375, 3596509984, 2126413117, 3732990057, 680307043, 2939548438, 3221430391, 3717322581, 2962192942, 1497253982, 3184022211, 25483442, 2608753984, 2241364845, 1249838133, 3710363647, 2369075331, 1066365786, 2200963642, 3061930914, 955701252, 2638435466, 3989379293, 477850893, 2922436404, 1657219326, 3060976040, 3358797319, 1094188622, 1028865016, 1007171290, 3012776674, 419176908, 2075604586, 2110936503, 3158364018, 2674486615, 3166910001, 577197783, 1535782631, 2561391439, 3633585553, 2001520416, 596449660, 752802387, 1375826588, 1889231655, 3237532897, 3766186109, 4229277980, 3880707643, 2064514716, 1924921629, 2508285164, 496445050, 3236651589, 574862213, 4008017630, 3411250877, 582352882, 147626328, 3042786162, 1378039812, 2407561027, 4069605203, 1796932612, 4288094715, 691899863, 1080581008, 3719004794, 226595806, 3724141079, 58796408, 964942549, 1235987189, 2339685335, 3411296481, 987876959, 99679853, 1301370177, 4026277375, 2656540973, 1017923908, 3053620409, 4158646025, 4276984890, 1632097006, 1826582262, 849292985, 1110145363, 2602693512, 466204036, 1222850579, 709476852, 1478727042, 4082225582, 3302968302, 22338290, 712801136, 3619584978, 1372476274, 2514788041, 2489533000, 2704507061, 979965234, 44682302, 3013540729, 3531094404, 2309243676, 1195433590, 2304749023, 158516515, 2134575438, 1372765120, 2773628829, 3705286201, 279446007, 623243201, 2780341976, 2253319546, 4218218810, 3567874744, 3139201934, 372461795, 4010990893, 223478546, 175560251, 2728985223, 3333549398, 1690323855, 4114639185, 3212480265, 2157611324, 1746714701, 2549098186, 199994119, 2781302647, 2362305477, 2998658008, 1093081670, 2870227302, 697186053, 2621080233, 1269534805, 3326576457, 67064718, 2187876168, 2624553625, 724461777, 3608362345, 654952891, 1233491559, 576417347, 4125128580, 789881371, 939139382, 1636028435, 426549057, 4173013748, 3214133512, 2221458779, 831761015, 1160156754, 80298038, 280426766, 326762167, 644947668, 4170477402, 242060576, 115801536, 1459027936, 1288760848, 513068691, 142712572, 3072786462, 4054821686, 3520199623, 2012796219, 2978666427, 1668364153, 1025353269, 3657627968, 985406388, 3883019329, 1829496559, 594692145, 2466373751, 3430942389, 3648772943, 2026285280, 2519943159, 3676704728, 2302036576, 3243594914, 3989396645, 3955121064, 413458735, 2115937834, 2905157751, 680921245, 212968926, 4127750974, 2348769746, 824855963, 1505551617, 1650914926, 3440933475, 430884556, 1150167558, 1394014017, 3516787840, 179549165, 2674461546, 2964150583, 401406491, 2602882072, 1788102658, 4240811157, 2532496803, 3644213322, 2165932849, 823615527, 2028651205, 552128439, 211243611, 3356022332, 703679170, 2059270542, 2117245823, 3813050463, 2748649527, 225143602, 3294329228, 2271641196, 368827512, 4007620450, 1908082045, 1323574239, 2480306117, 3952804318, 4086666949, 49605499, 2804002728, 3494020588, 1624780000, 2675145194, 1573129336, 147374819, 1870501166, 521473213, 3317557143, 1809312107, 88968302, 401621029, 2879343940, 599856623, 3019598601, 2718022966, 3653812936, 178471236, 3252504510, 2968657284, 829706785, 1546893548, 1999833647, 2352705323, 2377735885, 2005582544, 2930277493, 4234225866, 2665921011, 3964085765, 1806911559, 1435041819, 4204823966, 1145264723, 2111343671, 1209208461, 2034882878, 1099102328, 4009928121, 3200998064, 2477457215, 1511823431, 3887866394, 3589488222, 1983143065, 711909623, 730631542, 561034856, 1780001037, 176482261, 4200683793, 162773550, 3651073472, 1594787291, 3796361014, 4198135761, 4130341511, 581312576, 1021270252, 484953439, 2651598936, 2550837783, 2855335801, 3261023968, 4114784222, 766373886, 610904373, 3246021679, 80142203, 3362674273, 44347765, 1510921429, 1410956339, 3964200901, 2708644963, 1835411736, 1428332140, 2342982086, 3981183365, 1658820067, 2098126865, 1727421166, 3756395389, 1550411423, 1467466768, 4094132525, 987428735, 757535520, 582697174, 4177826899, 1039985780, 2135842966, 2929692778, 3930801382, 3173757973, 1957447798, 1587408564, 528461202, 3142580499, 1583044623, 4263515286, 3314085894, 3449662385, 1798627458, 2785593094, 2295624067, 1850208422, 85671175, 741253124, 190982104, 4046673597, 2935343949, 606880091, 248088314, 3791195841, 3533095102, 1656755521, 2190576114, 1229717613, 4031569132, 2844229939, 285540160, 3540603850, 4022959564, 79331357, 2579443429, 3034452868, 1207628426, 1757363790, 3327387245, 3304405047, 1650843696, 2784373128, 4230126749, 4003905629, 471537514, 3403868568, 3492735092, 2205736150, 369123631, 1322996598, 1447663224, 98431478, 2382327128, 2575148203, 4246823129, 2975209167, 4154879039, 1134509494, 166449399, 1598749311, 1358025365, 2281466662, 486307273, 4187628553, 1000523999, 1536796471, 249419661, 3034147477, 1330282843, 1264887860, 1279348808, 2113817864, 3269499684, 415205140, 2907018659, 3642804447, 1306177027, 2012019588, 2352333749, 3186272379, 4166545449, 1744173862, 58932429, 3029403121, 3162620165, 1350177418, 3624894633, 3502260257, 3456033302, 1815380076, 3763400913, 3695759729, 1222540393, 2821920492, 741499144, 2840713161, 3544062510, 952021435, 536193037, 3395462810, 3755832287, 1999396881, 1032022834, 3764744048, 2833232128, 3527590104, 2408113275, 3429484771, 1278611735, 1132166965, 3631325664, 2640540216, 37089008, 1950801665, 2286658960, 3058407984, 2224067838, 2426740888, 4292538225, 1899177794, 3539745193, 1511835937, 1298502297, 3220069512, 188484558, 3387522975, 1610621144, 2712983008, 3953125896, 894921713, 2821185793, 1655669749, 122112143, 3629047617, 1325044506, 2000295454, 3554845217, 494220973, 4096550836, 4195842548, 2016408490, 4188562276, 3685596291, 3326336985, 3336601719, 2673017087, 3110744869, 259917067, 3132785465, 1969428970, 3369630686, 3415145890, 3936174795, 2764353514, 3881684903, 3604749678, 3894039034, 1545855227, 1418522758, 3077024576, 1844725591, 353998711, 3306873747, 590938407, 3503777878, 4104187461, 3947558136, 4040713239, 913042523, 1269450791, 209815117, 2049873778, 116178141, 3562122355, 2634165991, 784040422, 3874553035, 3394912110, 2442244013, 1831642602, 3101121384, 643444550, 1259455451, 1075884204, 1493563130, 2130685416, 3659059614, 450521640, 1568658277, 1418013762, 792568664, 455045805, 2317883724, 2215290181, 3912332153, 2171043003, 613289514, 2122042379, 2240292833, 2947218997, 4028269518, 3882728477, 1939834656, 3915856018, 3886460568, 3137939264, 2946474311, 237578916, 3501928456, 130514014, 2093234180, 918451115, 2719971704, 4200029745, 636531146, 415936190, 1669354781, 2999924290, 3844284850, 1992027623, 9), None)
Loaded weights: -0.3885883365109928, -3.365915961464924, -0.0547847903653014, 0.0, 0.0
events: 
  ----
(3, (3584366320, 444662938, 1403409202, 2082307791, 2708256849, 2159396396, 110173825, 2217474716, 2698997999, 2487666973, 3620716526, 3483698196, 1249956254, 2319904646, 586017654, 383414517, 2914889226, 3362726750, 1633331790, 3202535661, 3300909626, 2689192790, 1657165671, 3001509319, 325726795, 2142711606, 526106730, 2890929715, 1122570481, 2177451562, 2048521322, 3615376136, 427004159, 2696429791, 2016940585, 2612908228, 4126626373, 310748823, 980073467, 716939777, 3384308443, 2800909633, 4066770362, 3700423388, 3077682843, 592673245, 2399903048, 3201369378, 3688334024, 1244136938, 3252696498, 3851928171, 194355932, 1479170075, 3383918605, 1613326052, 2838877244, 4161287723, 518064714, 4199019614, 753746078, 4029764847, 332858014, 2213025525, 2585737144, 536728917, 2436690755, 193373462, 3230375715, 3154243858, 534267598, 1533356375, 3596509984, 2126413117, 3732990057, 680307043, 2939548438, 3221430391, 3717322581, 2962192942, 1497253982, 3184022211, 25483442, 2608753984, 2241364845, 1249838133, 3710363647, 2369075331, 1066365786, 2200963642, 3061930914, 955701252, 2638435466, 3989379293, 477850893, 2922436404, 1657219326, 3060976040, 3358797319, 1094188622, 1028865016, 1007171290, 3012776674, 419176908, 2075604586, 2110936503, 3158364018, 2674486615, 3166910001, 577197783, 1535782631, 2561391439, 3633585553, 2001520416, 596449660, 752802387, 1375826588, 1889231655, 3237532897, 3766186109, 4229277980, 3880707643, 2064514716, 1924921629, 2508285164, 496445050, 3236651589, 574862213, 4008017630, 3411250877, 582352882, 147626328, 3042786162, 1378039812, 2407561027, 4069605203, 1796932612, 4288094715, 691899863, 1080581008, 3719004794, 226595806, 3724141079, 58796408, 964942549, 1235987189, 2339685335, 3411296481, 987876959, 99679853, 1301370177, 4026277375, 2656540973, 1017923908, 3053620409, 4158646025, 4276984890, 1632097006, 1826582262, 849292985, 1110145363, 2602693512, 466204036, 1222850579, 709476852, 1478727042, 4082225582, 3302968302, 22338290, 712801136, 3619584978, 1372476274, 2514788041, 2489533000, 2704507061, 979965234, 44682302, 3013540729, 3531094404, 2309243676, 1195433590, 2304749023, 158516515, 2134575438, 1372765120, 2773628829, 3705286201, 279446007, 623243201, 2780341976, 2253319546, 4218218810, 3567874744, 3139201934, 372461795, 4010990893, 223478546, 175560251, 2728985223, 3333549398, 1690323855, 4114639185, 3212480265, 2157611324, 1746714701, 2549098186, 199994119, 2781302647, 2362305477, 2998658008, 1093081670, 2870227302, 697186053, 2621080233, 1269534805, 3326576457, 67064718, 2187876168, 2624553625, 724461777, 3608362345, 654952891, 1233491559, 576417347, 4125128580, 789881371, 939139382, 1636028435, 426549057, 4173013748, 3214133512, 2221458779, 831761015, 1160156754, 80298038, 280426766, 326762167, 644947668, 4170477402, 242060576, 115801536, 1459027936, 1288760848, 513068691, 142712572, 3072786462, 4054821686, 3520199623, 2012796219, 2978666427, 1668364153, 1025353269, 3657627968, 985406388, 3883019329, 1829496559, 594692145, 2466373751, 3430942389, 3648772943, 2026285280, 2519943159, 3676704728, 2302036576, 3243594914, 3989396645, 3955121064, 413458735, 2115937834, 2905157751, 680921245, 212968926, 4127750974, 2348769746, 824855963, 1505551617, 1650914926, 3440933475, 430884556, 1150167558, 1394014017, 3516787840, 179549165, 2674461546, 2964150583, 401406491, 2602882072, 1788102658, 4240811157, 2532496803, 3644213322, 2165932849, 823615527, 2028651205, 552128439, 211243611, 3356022332, 703679170, 2059270542, 2117245823, 3813050463, 2748649527, 225143602, 3294329228, 2271641196, 368827512, 4007620450, 1908082045, 1323574239, 2480306117, 3952804318, 4086666949, 49605499, 2804002728, 3494020588, 1624780000, 2675145194, 1573129336, 147374819, 1870501166, 521473213, 3317557143, 1809312107, 88968302, 401621029, 2879343940, 599856623, 3019598601, 2718022966, 3653812936, 178471236, 3252504510, 2968657284, 829706785, 1546893548, 1999833647, 2352705323, 2377735885, 2005582544, 2930277493, 4234225866, 2665921011, 3964085765, 1806911559, 1435041819, 4204823966, 1145264723, 2111343671, 1209208461, 2034882878, 1099102328, 4009928121, 3200998064, 2477457215, 1511823431, 3887866394, 3589488222, 1983143065, 711909623, 730631542, 561034856, 1780001037, 176482261, 4200683793, 162773550, 3651073472, 1594787291, 3796361014, 4198135761, 4130341511, 581312576, 1021270252, 484953439, 2651598936, 2550837783, 2855335801, 3261023968, 4114784222, 766373886, 610904373, 3246021679, 80142203, 3362674273, 44347765, 1510921429, 1410956339, 3964200901, 2708644963, 1835411736, 1428332140, 2342982086, 3981183365, 1658820067, 2098126865, 1727421166, 3756395389, 1550411423, 1467466768, 4094132525, 987428735, 757535520, 582697174, 4177826899, 1039985780, 2135842966, 2929692778, 3930801382, 3173757973, 1957447798, 1587408564, 528461202, 3142580499, 1583044623, 4263515286, 3314085894, 3449662385, 1798627458, 2785593094, 2295624067, 1850208422, 85671175, 741253124, 190982104, 4046673597, 2935343949, 606880091, 248088314, 3791195841, 3533095102, 1656755521, 2190576114, 1229717613, 4031569132, 2844229939, 285540160, 3540603850, 4022959564, 79331357, 2579443429, 3034452868, 1207628426, 1757363790, 3327387245, 3304405047, 1650843696, 2784373128, 4230126749, 4003905629, 471537514, 3403868568, 3492735092, 2205736150, 369123631, 1322996598, 1447663224, 98431478, 2382327128, 2575148203, 4246823129, 2975209167, 4154879039, 1134509494, 166449399, 1598749311, 1358025365, 2281466662, 486307273, 4187628553, 1000523999, 1536796471, 249419661, 3034147477, 1330282843, 1264887860, 1279348808, 2113817864, 3269499684, 415205140, 2907018659, 3642804447, 1306177027, 2012019588, 2352333749, 3186272379, 4166545449, 1744173862, 58932429, 3029403121, 3162620165, 1350177418, 3624894633, 3502260257, 3456033302, 1815380076, 3763400913, 3695759729, 1222540393, 2821920492, 741499144, 2840713161, 3544062510, 952021435, 536193037, 3395462810, 3755832287, 1999396881, 1032022834, 3764744048, 2833232128, 3527590104, 2408113275, 3429484771, 1278611735, 1132166965, 3631325664, 2640540216, 37089008, 1950801665, 2286658960, 3058407984, 2224067838, 2426740888, 4292538225, 1899177794, 3539745193, 1511835937, 1298502297, 3220069512, 188484558, 3387522975, 1610621144, 2712983008, 3953125896, 894921713, 2821185793, 1655669749, 122112143, 3629047617, 1325044506, 2000295454, 3554845217, 494220973, 4096550836, 4195842548, 2016408490, 4188562276, 3685596291, 3326336985, 3336601719, 2673017087, 3110744869, 259917067, 3132785465, 1969428970, 3369630686, 3415145890, 3936174795, 2764353514, 3881684903, 3604749678, 3894039034, 1545855227, 1418522758, 3077024576, 1844725591, 353998711, 3306873747, 590938407, 3503777878, 4104187461, 3947558136, 4040713239, 913042523, 1269450791, 209815117, 2049873778, 116178141, 3562122355, 2634165991, 784040422, 3874553035, 3394912110, 2442244013, 1831642602, 3101121384, 643444550, 1259455451, 1075884204, 1493563130, 2130685416, 3659059614, 450521640, 1568658277, 1418013762, 792568664, 455045805, 2317883724, 2215290181, 3912332153, 2171043003, 613289514, 2122042379, 2240292833, 2947218997, 4028269518, 3882728477, 1939834656, 3915856018, 3886460568, 3137939264, 2946474311, 237578916, 3501928456, 130514014, 2093234180, 918451115, 2719971704, 4200029745, 636531146, 415936190, 1669354781, 2999924290, 3844284850, 1992027623, 254), None)
Loaded weights: -0.5792635691501743, -6.140312363599398, -0.0547847903653014, 0.0, 0.0
events: 
  ----
(3, (439830109, 3721701556, 2648504519, 2761555927, 1658954688, 591702988, 1072238906, 3056166974, 2108965947, 2175572753, 3673765407, 300687545, 1539217783, 1309235241, 690647478, 1216712458, 2585232697, 3039143201, 1273262872, 158011807, 4130090669, 1623190255, 3996971674, 3584464125, 334837663, 80725997, 2115235195, 1451881450, 617144910, 1942322383, 3393597253, 120043550, 3952379377, 1736781881, 1150478351, 331334929, 2043536039, 2503545442, 1599877653, 1377694846, 3469413986, 3767390264, 3667521258, 2236258584, 2686333567, 3252037833, 2610805414, 260972884, 3236047741, 3704784452, 90542519, 1506919940, 2147448138, 1845434541, 4083969956, 43682609, 2883057852, 423170909, 956173273, 3683241239, 946716163, 3033194902, 699051370, 3131701219, 2506713027, 2558335369, 445229300, 3921456603, 3657208751, 1393579694, 1293942909, 277739855, 3184404854, 3096777574, 2039975675, 1490057424, 2993522896, 3145796413, 632942623, 2927607563, 2673024682, 3985111546, 3567255167, 2518572906, 2346436929, 1001300117, 1652065509, 2812266884, 1718484539, 1489211676, 3907676659, 2988469056, 3214290491, 255493872, 3352832955, 3164436073, 1997399224, 490854157, 3167956566, 1450697109, 3057061249, 905693305, 3845113647, 4008018203, 2673814463, 30789556, 484352238, 414472216, 3205987237, 2303642782, 1966604808, 1570574103, 2850333512, 2655938757, 1124996373, 1698080857, 3795746425, 1627749199, 1951824601, 2084518526, 2666077379, 4123876062, 371119713, 2387617416, 3731796901, 1185410700, 3105508959, 3851323078, 2797452960, 473918816, 3146256420, 294819447, 2700665757, 4274564006, 1106573974, 2652006410, 2475969491, 1706137397, 1117498941, 697469362, 2660112046, 4178498254, 922387106, 1445724052, 2695385864, 1755231872, 112585051, 3159860314, 1649978509, 1684907772, 1756717561, 281279550, 3238339677, 996394406, 3986245200, 3318500644, 96530589, 4273458341, 1271519777, 1384140477, 2840876590, 2864256357, 1805988280, 4248744192, 1882335802, 1831082065, 3574075063, 761145902, 2599631, 4005944954, 1272850590, 1127061485, 3197194081, 584811645, 2917985934, 926878276, 3412952388, 1706924687, 1056749308, 1699533798, 1240910403, 1085537449, 287704385, 3457786155, 1107006591, 1727268974, 3161462222, 860691543, 881228842, 137803110, 1033290801, 860966822, 594647087, 134859056, 3025908833, 467063532, 3367434112, 2808189636, 2017952774, 1631620180, 664936754, 797213730, 3240769573, 3381190355, 1971576686, 1500857021, 608299345, 796182259, 3190836721, 319556099, 4243398689, 711525829, 740087499, 1396890034, 3020052959, 2437192143, 116611066, 2885372311, 4196529948, 278812435, 819661363, 2553989670, 2431625536, 1500540639, 2085476240, 4275974441, 3748836657, 2408167714, 3783866830, 3256163395, 2141531557, 2736834084, 30925029, 1032696097, 3195147449, 3976203199, 2459178107, 3870491058, 1457186345, 1489889175, 1701980121, 255985342, 3737606300, 2656520775, 2931172654, 859022979, 4169882787, 349762799, 3782357485, 109894137, 1377892152, 1056197439, 1502726711, 3567405956, 3104092226, 2893641353, 3813489707, 890150080, 4069713254, 2549600641, 4120126237, 687992803, 1462034465, 426199286, 2060782831, 713236417, 2269590582, 4056178039, 1863448796, 400185979, 2199014391, 2602176480, 2217318432, 1509960884, 3126387467, 4057026634, 1666583466, 1236464337, 2073481991, 3481058869, 1160900333, 792528525, 221122180, 1787421944, 3418873487, 896295381, 2932074774, 2668092566, 1723546520, 1160874319, 1663927972, 1424647951, 1023461428, 2482339824, 1996469289, 4260952241, 132707279, 1887370426, 3063677999, 358997382, 1886858146, 1059208034, 2063451158, 4057905126, 4051494145, 316032942, 1336577386, 556384154, 2103734983, 2706538128, 1994138839, 1403587619, 675182401, 173655571, 3623084020, 1775518414, 908171040, 1971763293, 2241765847, 689182906, 3035416036, 725315537, 3191582814, 3858592885, 143552943, 1950028926, 3598902478, 3879195418, 1495247133, 2692638605, 3456836292, 3341165949, 3227997819, 851934360, 3123015120, 537033967, 1452987175, 251487072, 3552674290, 3621009197, 1211466979, 2888120008, 2313665701, 1374834347, 1549089152, 2407491375, 3688615098, 602418010, 3379148353, 920627805, 551142539, 2164989693, 2524586444, 1293726371, 3595605963, 3427017103, 4264424435, 934793344, 72667340, 2957031593, 1389121535, 3720231331, 975860829, 3612186308, 1233055189, 3021233167, 414279209, 2057018777, 454976338, 1739166338, 1212437474, 936576376, 1738059436, 3552051343, 1883729721, 58134525, 516745491, 1046713862, 2617219195, 2024848021, 3758627524, 1353113023, 496411969, 2983143976, 1303626339, 3840219420, 2603723859, 3756475042, 2150128211, 1853274459, 311428381, 2555727892, 3400259718, 3866305472, 2611322703, 4145785183, 3313384562, 3906296023, 2269666445, 2818754289, 864429078, 140907640, 1774287998, 4106925327, 1928483514, 1272517775, 2731653427, 866184824, 1878854643, 513397640, 1253502333, 3084814503, 1508114981, 3736366541, 3431692624, 1092357227, 456316645, 3774106671, 1148368885, 3103045235, 505321778, 2984945549, 3125266797, 113550073, 1820263094, 2133018491, 3367287787, 1323909485, 3354148445, 3227712732, 874933818, 1302704408, 2495492859, 1824757489, 116420374, 3386176279, 3361340114, 1765410700, 1879444487, 1340190606, 1729971861, 237181494, 1781970187, 2009180130, 3103808851, 490211725, 4274358242, 2127987078, 3175857898, 4177059194, 416022708, 2923780056, 3652425874, 4099309069, 2372354521, 3883306850, 396590793, 2554146070, 1652784540, 3809240613, 1547841530, 596593693, 1538115167, 602164718, 3847042081, 2175560722, 4245177676, 2712400745, 3146147322, 1084294021, 489902034, 1344001372, 377615001, 3735811207, 707252843, 3221388415, 1255348851, 3716844854, 3412893583, 2792631785, 4015273542, 639033671, 1803850347, 107590880, 1190420819, 1784400863, 347595686, 853308224, 1094510246, 3794505898, 3893352505, 472546788, 1553555447, 778566785, 115901712, 2457237047, 63164685, 3574299507, 381310171, 3988165943, 2673329334, 749373394, 3571450631, 2511340186, 2871816710, 1700226718, 4283304333, 291386989, 1176266465, 3554856038, 2511712342, 886335195, 2379837072, 2197502438, 3518391690, 664915168, 3860485648, 1728599148, 265267735, 2135458379, 3685216188, 2417652558, 2237754128, 3080609732, 2222467317, 153517500, 177402818, 904474181, 2195600498, 184407162, 3775192342, 2226327557, 3514122889, 3266432309, 3380006591, 3889129055, 343777775, 295791962, 1748240172, 2563217038, 3723226522, 3991268398, 350223924, 1245081333, 1230146031, 1900072777, 3544008585, 1318335744, 4254752625, 2072385811, 994756143, 2363195628, 243964043, 4075739425, 2196811211, 3042556071, 4061933688, 615347656, 2890410954, 3026878086, 3319675962, 2422412691, 1001498959, 3110617171, 2641958916, 1749303524, 524289889, 1616785608, 1333653813, 4232234713, 2962672767, 2657648498, 866317283, 1150533443, 520052963, 1394039024, 2248133819, 4149240615, 3596017166, 1007349622, 674344212, 126939330, 3134354298, 3796262471, 1687865123, 3100934654, 2421219583, 2119087234, 3804360535, 388373650, 2585830352, 4274631864, 2656487982, 254785413, 3994850320, 504000500, 3164893439, 2782157441, 3999796218, 903850425, 1972196949, 3951807510, 3450519608, 1723967732, 3571316951, 3794820075, 1275274972, 2480622984, 220352031, 3545351485, 4141596538, 1710119527, 2802231091, 2773725265, 1571867560, 2435311343, 2320869020, 1080581624, 2486175563, 1650672343, 4279548129, 3912503190, 357494643, 1366110083, 441), None)
Loaded weights: -0.5854474583150292, -6.141203551156226, -0.0547847903653014, 0.0, 0.0
events: 
  ----
(3, (4080217535, 2896150976, 1285545160, 2930872779, 1392840385, 2190924689, 2628553658, 3563517417, 462103787, 3388733915, 342545310, 2177094347, 1363977102, 1525482729, 2816736523, 1546647653, 1343323253, 1879532862, 1959278678, 1664651500, 2774638376, 3398753808, 2069622146, 3451572340, 3760357119, 1990688203, 3433428651, 2185908559, 3921103551, 1471430334, 1031786844, 3147301769, 2511574115, 3727663126, 214891857, 2596565000, 1244176231, 2671944496, 3087310194, 3546182173, 4031362256, 2742432739, 3732110612, 2418753992, 1269528617, 3348923547, 2886911530, 1469354423, 1841119675, 1564795611, 3397539174, 1387593072, 3406356110, 1947736405, 94788082, 1346218323, 3441072468, 3969760064, 3392379168, 1369876338, 3758394721, 3255379108, 2552601907, 2591823169, 470425413, 346955811, 1594322622, 4260833348, 3900726316, 1132677708, 2415520891, 198317930, 690347595, 474022689, 1702052214, 3263201418, 262315948, 3876132355, 1476290030, 3226892783, 1899856018, 1674217061, 2171449389, 2321892280, 2084417923, 2122356072, 453473559, 1644366742, 2942522998, 2783080350, 1636711981, 203850300, 546407821, 949394498, 31228114, 1906642496, 3639253197, 3471115051, 1471040832, 1832348808, 3059237153, 3270068916, 564915330, 3562472959, 3870181619, 81222012, 48693256, 229029920, 21818120, 3078405616, 3851758637, 3263747932, 475265861, 1374181954, 112002033, 807283457, 1434945882, 922926673, 2264416270, 2998732849, 2357785268, 2880249278, 3171215748, 502020788, 3045968470, 3534987027, 1392567384, 2511132289, 3778124683, 204530197, 986969494, 2813825289, 2653807480, 1700342084, 2163864567, 2231425261, 3502524884, 3751799492, 3056196179, 2824250500, 937116800, 2052355400, 1472079826, 74977912, 3574148559, 2335674632, 3072018658, 2836451179, 1557462519, 1660485360, 464772011, 866250646, 3616536282, 1442004121, 2522893459, 2166710236, 355831975, 576041182, 3880722910, 3689667054, 3380744121, 2318718890, 652793709, 171800282, 3177228897, 1642783689, 2384530405, 1304495745, 200517364, 2107160382, 2701142543, 3213288714, 105708933, 1754557135, 4277766688, 1102612814, 1848463548, 537466586, 22478582, 883217423, 1708151024, 3883312331, 2207819806, 3083621721, 3189301777, 2171641168, 2560900165, 2097651777, 275464276, 1345058239, 846279223, 228973757, 2995460469, 2988688638, 3759966790, 260982268, 409372021, 2029590145, 2424158127, 85578082, 1401954331, 3565195235, 3660664282, 921109380, 3847867059, 2453778866, 3143530341, 3125144850, 1811361965, 3911540579, 3143554778, 3022406322, 3422620438, 3283722334, 3034192299, 3623601114, 4157458425, 424026104, 1998308743, 3316880897, 2513857405, 1618216703, 2753034959, 2972077766, 79125552, 3346231159, 916975926, 1047382535, 3998324260, 623679418, 397058445, 737722519, 1869198983, 2717430022, 3578027124, 158674422, 3253092163, 3124771072, 2219959539, 3833952301, 1150481759, 3925987270, 3760047664, 1692757460, 3589914779, 1106011572, 1932640315, 1761093306, 3146466743, 1595211315, 3256352964, 572595014, 3610168450, 3560065710, 1089557012, 4273693636, 3567614345, 3097078705, 3744282926, 4106510981, 3923489238, 306124503, 3151684796, 874996633, 938924662, 1718049902, 3827596258, 4154328984, 3918825712, 917518729, 1405732953, 785860392, 3717054354, 1230167806, 1458157066, 4175620684, 641351479, 2491621539, 1157312093, 100035630, 2505800548, 958927530, 514401569, 834999268, 402169153, 3300714126, 2955736997, 1072632342, 811787095, 2254719741, 2925567823, 3398138228, 3146018935, 1151397481, 1033101221, 3587676628, 3285875839, 4161807290, 3232933958, 2208169076, 3855562337, 2128574455, 1717744025, 1542374170, 2482584779, 3288461380, 1596405003, 4235479006, 1682200081, 433302153, 1686287921, 1408739339, 1638877828, 924283628, 2510217001, 996877073, 2649210100, 2436638830, 1405541036, 1873721483, 1521371986, 1739084661, 65345960, 3383022799, 1919914454, 4152589008, 2239986103, 3964732260, 1770340456, 2702638518, 2666182666, 2807578221, 1185617219, 3921463302, 3715425329, 3641837387, 4039171344, 3046335019, 670038713, 4174316329, 3921583311, 3048867922, 1387527982, 4204678205, 1294689680, 255446608, 2727625039, 1515702383, 170380459, 3876484364, 1104572611, 3392979169, 805821442, 3725492057, 2235504532, 2272727619, 2788756521, 2140338530, 2084874898, 1546769806, 3682750179, 217697606, 912478224, 2849821191, 364661437, 815694041, 3624025678, 932545310, 3903120845, 1016398979, 1363894884, 2317723808, 144997402, 1928418326, 445911940, 3044215676, 3539015121, 3524993918, 2025329863, 1894357894, 2953096774, 2963451412, 3566416125, 1929555682, 177542198, 2750282945, 437354520, 3528892427, 510045534, 2803279652, 4267959446, 434789675, 1013216983, 3176302339, 319676017, 1384761, 1018092930, 974290990, 276563660, 392504583, 2300016679, 1028511603, 715586701, 2845270241, 3454601383, 3903879445, 81745994, 2560107253, 1632678074, 2852731298, 2537846725, 4148469187, 976143234, 2601229227, 690528305, 253465132, 507513221, 3707256532, 4206605867, 3203861606, 1353691378, 1227330239, 987642402, 2604472082, 1896183035, 1643233143, 2556770829, 3514498152, 3716198250, 2399042925, 2304280897, 2980853063, 2127341313, 3435766967, 3507283132, 4245652120, 257657608, 3920951275, 1159049045, 1818782945, 1452979843, 35473131, 417623580, 358561081, 1724334300, 3560873108, 3973834190, 2244720086, 2493928638, 1444361842, 3773004556, 2647763353, 2062724664, 3440323076, 1129781949, 1939356250, 1950286767, 603873522, 3172808160, 536469542, 3334709826, 93804109, 2538897747, 815288832, 724091597, 1009108641, 2795866671, 4283018424, 2041028128, 1210649906, 3225282659, 724156528, 314938531, 1069307804, 3679519195, 83807618, 1157927438, 833303486, 50316209, 1403428341, 2596309598, 3285204087, 4102949508, 27694118, 3780811114, 3073318745, 485760277, 1605235939, 2739004399, 4258197361, 1368035573, 1096266912, 4190026806, 3678910463, 87402531, 4205884752, 3076108365, 3351428330, 3044424155, 1975424432, 3048119940, 2884641230, 3732860389, 4246309795, 1088241589, 2741999707, 251867014, 3118996115, 3116598584, 1905059978, 2389492464, 1428932070, 1733734557, 2018432074, 4186052837, 4224397759, 2538745817, 3375001020, 1256449194, 2845838383, 2120168570, 3490758581, 1544732321, 566940963, 341172308, 2468656203, 4036682632, 2817967840, 3829057260, 1981852731, 4000524222, 36277758, 690458158, 3038902295, 413577350, 3198840300, 2606805478, 358356676, 3528456762, 3706805948, 1043368602, 3842144411, 4055084130, 1816048892, 2697824127, 2139328380, 2860251873, 1257456233, 1133144374, 848555643, 4157367936, 131227091, 999702109, 216357582, 3403631935, 3955365830, 3014743727, 1615145601, 1322350370, 743162999, 1619997236, 1333325915, 1712499977, 2372775369, 2009711941, 2594134894, 2583719864, 2608071492, 1712121985, 3465315330, 1978363341, 1789004270, 3452158041, 3866680845, 2171820533, 3674037528, 1369042648, 2883989942, 3212943635, 1247745020, 3300706393, 2713262463, 2492690988, 3675091637, 306419142, 1093438710, 2316943554, 2576883391, 2255608579, 3132274115, 1851345792, 1775824789, 3987668823, 2413051769, 880148688, 2259520344, 3039598067, 3162706086, 501649642, 1222496978, 2222061804, 2426447190, 1164434349, 384872549, 1756566044, 928464116, 4165156146, 2494276966, 1927156626, 3034222890, 1349542148, 3733828730, 2418217780, 3542513722, 2870437406, 3123626196, 794857168, 2116156928, 1999203561, 2192527603, 2817976406, 354293006, 3488648551, 2621438850, 3), None)
Loaded weights: -0.5837086658859406, -6.136583965668442, -0.0547847903653014, 0.0, 0.0
