Starting iterations: 50
(3, (3722985336, 4127794652, 2296832902, 447690570, 1608507640, 1308373643, 2961809862, 1048222818, 2389435425, 3979199730, 3984871278, 1848703736, 2938342042, 346568274, 561510319, 36573218, 1586212511, 1510426571, 274858741, 1101718169, 518336115, 4128243174, 1659524614, 800604985, 2782327665, 3952850463, 1307953080, 4282371104, 254168255, 1464122229, 969606290, 2574514021, 1052480697, 3206088198, 2906135371, 1981514295, 2267048215, 3010928080, 510002199, 1192747765, 2512128885, 745122112, 1728658689, 422079892, 880546459, 604381341, 3702643920, 1605982466, 2984733068, 2783615155, 3696687195, 3088966115, 1701211956, 346645800, 3630875528, 4168286330, 3876944772, 3786739165, 4176645719, 400061967, 966048082, 1351426944, 79662025, 4086414793, 2289356830, 940421757, 2918008764, 148375127, 897508961, 467661893, 836908474, 1808606915, 1649354084, 1100136013, 13996478, 1983819502, 3447208637, 1682969381, 351643378, 3914558934, 619226487, 811903693, 76483478, 799254535, 1163449625, 2747820375, 2021138271, 2368106421, 1578905947, 2179195731, 3981243392, 2744121373, 3335073439, 3759033278, 4092797317, 2027446784, 146421969, 2425288596, 2161661303, 3180217873, 3066189487, 685445759, 2046706241, 3251065790, 3316368878, 3032226226, 909528846, 4143632084, 143028356, 2824936949, 637894905, 1875222587, 3825300012, 1352483716, 3747724772, 1868034771, 919525039, 735521978, 817403598, 3708235816, 1370201948, 2560296583, 104910920, 1717809512, 2057166032, 843590266, 2155337654, 565298766, 3141071351, 463065972, 1294481408, 3854324059, 1698406386, 1213074261, 1846779564, 2988583171, 3817858191, 1865356854, 2075269148, 1824424563, 1525192394, 1832350275, 4294485779, 3028618575, 2504939546, 161083332, 3031399288, 2231874356, 2526579400, 759913857, 3637462145, 2181267486, 1074571561, 1428740804, 2381632335, 4078064054, 865386211, 1894084718, 1130927163, 2231312149, 3813611236, 1130993612, 2513867088, 694967650, 641542374, 2418020407, 1360311429, 1086560648, 1268198314, 741688145, 183172823, 2478718495, 3891695621, 2223328774, 3083232970, 1110551174, 758892678, 572328296, 801241238, 3250143177, 1648712008, 2513679676, 904908145, 3278439060, 3252776664, 1374458289, 3097951378, 661220855, 1407295948, 2977178735, 1376286273, 2841809963, 1636734254, 1550738412, 1796696434, 3670998855, 748674650, 1085913095, 2422744557, 1059496204, 1858212161, 1931245630, 2086736325, 3037328865, 1927567756, 2325923954, 2817935028, 2004844285, 2903071888, 3484209758, 151301237, 1049396879, 909103203, 2142685124, 1158519056, 1689690751, 1761070730, 374682281, 3680150878, 2499936069, 269959707, 1347008136, 679799585, 1578731194, 1088722781, 2162476411, 2533514795, 235715135, 1946936770, 2946406798, 147429034, 3014319511, 3852685364, 559255070, 2697615198, 716106001, 733635766, 1653660442, 2873704077, 3883983024, 3772630855, 81357571, 462264657, 3234597702, 4052304623, 3606073333, 1863506637, 826801612, 3925170589, 3171372288, 3819874514, 922404842, 1881113156, 1243812307, 264094082, 1695139431, 3004202983, 4062706583, 1279108915, 2926770480, 1054435155, 2977754395, 3653629281, 562888201, 1010900500, 201581830, 1762153254, 1041841212, 2708591453, 3958352412, 2180828639, 573198012, 4032683497, 4087792653, 149384364, 509526013, 1884774521, 3480839070, 1954884948, 4142832468, 183464565, 3497314103, 1345691475, 90861177, 661686067, 928384981, 197025976, 3484034123, 664530625, 1211963898, 2707100118, 1085699145, 257745098, 938020428, 4281284715, 2895702347, 447308112, 2148202963, 1468990514, 3533569345, 2353543349, 855827630, 2367626853, 3612405046, 250678511, 1138926681, 2794952563, 1966992226, 4103601264, 2674949578, 288489534, 2659210182, 4131815451, 2095326106, 2023574315, 514061428, 1631734496, 1188038446, 1452469682, 3010921159, 583030984, 2166785200, 1640889228, 839392903, 1876485189, 1458578497, 2992296507, 1895916196, 3817970352, 4273429423, 3675920497, 3269980672, 425620934, 4012584413, 368081723, 515903400, 2003133971, 140925799, 3571547886, 2284752516, 3513455930, 1534827552, 487313721, 3023014152, 759387347, 161247666, 4026663714, 1946395768, 32478583, 1585812181, 425125648, 69687169, 3179190738, 3866616867, 2530380801, 3512276125, 493426396, 1474188617, 2147206140, 3936952473, 3892499520, 3537285724, 1767594937, 399909327, 3017757447, 3003399728, 2398120658, 298381660, 2709577551, 204725495, 581594502, 3534367663, 4092146372, 911853644, 3624687430, 584523201, 74244641, 3483408317, 85908706, 3673491188, 2732267361, 2489669898, 2755469324, 3537946138, 738841568, 545610721, 1393683597, 3031862404, 729187289, 2287353055, 2112076333, 3958328163, 394684418, 3174756193, 3324492012, 3320609838, 2783790312, 1421766651, 3745958976, 3827383667, 885893291, 2098395416, 4073301237, 748292951, 1614559733, 1320559341, 2944274607, 1837990102, 139653549, 2998238674, 165325798, 3325357448, 1594277178, 1128735049, 1621451455, 1439959548, 1847388141, 292995750, 1455406751, 3588657756, 3435499794, 1251333453, 2642645582, 2559044498, 904217288, 3620555209, 3966437878, 175962286, 3967917848, 1717915656, 3698724038, 2379303724, 1061482948, 3461779715, 2297185025, 32329290, 273102705, 2888552624, 3568646030, 1636819948, 1551783589, 174755071, 591552882, 672959120, 1154547003, 2908617903, 3492207864, 2445626094, 603119143, 363783509, 4142957691, 2230013492, 3375002459, 826523541, 2671165895, 3538687582, 1824871665, 3096262500, 4286647804, 2489370599, 1362737727, 3229500349, 2762122527, 3546679450, 2647095184, 2695917245, 2611090944, 1170552323, 2055049739, 1982268570, 497643225, 1025034636, 1953248638, 488114549, 2376831125, 2389505833, 3380934624, 505880073, 2572538054, 1037948011, 1903114651, 2228986933, 4079925093, 4179898150, 1061897617, 499732063, 534985376, 1012758689, 3644350226, 1410064200, 2696869225, 3520784281, 3915332020, 868367651, 3552729511, 1349440259, 1459445276, 3863945195, 2719895623, 3200018851, 2197115006, 2705239228, 261927770, 3581448948, 433908623, 2990278210, 3245993638, 3708055940, 2532450117, 428517397, 2524315770, 779479223, 3322967518, 2118468557, 1776066129, 1593474300, 3501262968, 1074587138, 4126773300, 1205661371, 695911140, 916184456, 2765308735, 3812131100, 1991616309, 1010724347, 1655392325, 258826417, 3437723239, 3432870341, 1145947042, 3331558495, 3457946749, 496868102, 1419619930, 465159423, 732241482, 1505037427, 3106880790, 3096979796, 344440399, 3623989417, 329260489, 3041450916, 3367477352, 2052093895, 2440414477, 1787802177, 3088149622, 2881655198, 3643455284, 2963276205, 4278331052, 3318114905, 116136097, 3910195375, 851136506, 3798179148, 212230360, 3336715884, 1786568463, 3624178668, 1787090836, 1705864235, 4027163142, 2526181437, 3803206577, 3756502890, 3006757860, 2535304253, 1264205545, 2587110556, 43187535, 2936254424, 3181783097, 852091810, 2401422611, 1446165396, 2270828812, 1019559121, 2000093314, 1920973706, 3999525866, 1056566297, 2928987912, 1773799256, 1636530796, 2807282314, 2656326221, 812988926, 3376675490, 3121503710, 3580773900, 2100934796, 2182941827, 3131944509, 1571663225, 4223224012, 155985876, 2214520887, 2620422638, 3553073549, 647283602, 1096783563, 408709782, 2477673669, 1235313608, 4117209675, 3757759423, 3599615581, 259770924, 3683726001, 1692569673, 337250594, 268871784, 3768930153, 4132007265, 2232415270, 183026636, 384964921, 4200321818, 3617177302, 2241669843, 2333694804, 1), None)
Loaded weights: 47.39006847647846, -11.438126736042557, -0.4206006985128663, 0.0, -5.0
events: me found the exit, 
  ----
(3, (3722985336, 4127794652, 2296832902, 447690570, 1608507640, 1308373643, 2961809862, 1048222818, 2389435425, 3979199730, 3984871278, 1848703736, 2938342042, 346568274, 561510319, 36573218, 1586212511, 1510426571, 274858741, 1101718169, 518336115, 4128243174, 1659524614, 800604985, 2782327665, 3952850463, 1307953080, 4282371104, 254168255, 1464122229, 969606290, 2574514021, 1052480697, 3206088198, 2906135371, 1981514295, 2267048215, 3010928080, 510002199, 1192747765, 2512128885, 745122112, 1728658689, 422079892, 880546459, 604381341, 3702643920, 1605982466, 2984733068, 2783615155, 3696687195, 3088966115, 1701211956, 346645800, 3630875528, 4168286330, 3876944772, 3786739165, 4176645719, 400061967, 966048082, 1351426944, 79662025, 4086414793, 2289356830, 940421757, 2918008764, 148375127, 897508961, 467661893, 836908474, 1808606915, 1649354084, 1100136013, 13996478, 1983819502, 3447208637, 1682969381, 351643378, 3914558934, 619226487, 811903693, 76483478, 799254535, 1163449625, 2747820375, 2021138271, 2368106421, 1578905947, 2179195731, 3981243392, 2744121373, 3335073439, 3759033278, 4092797317, 2027446784, 146421969, 2425288596, 2161661303, 3180217873, 3066189487, 685445759, 2046706241, 3251065790, 3316368878, 3032226226, 909528846, 4143632084, 143028356, 2824936949, 637894905, 1875222587, 3825300012, 1352483716, 3747724772, 1868034771, 919525039, 735521978, 817403598, 3708235816, 1370201948, 2560296583, 104910920, 1717809512, 2057166032, 843590266, 2155337654, 565298766, 3141071351, 463065972, 1294481408, 3854324059, 1698406386, 1213074261, 1846779564, 2988583171, 3817858191, 1865356854, 2075269148, 1824424563, 1525192394, 1832350275, 4294485779, 3028618575, 2504939546, 161083332, 3031399288, 2231874356, 2526579400, 759913857, 3637462145, 2181267486, 1074571561, 1428740804, 2381632335, 4078064054, 865386211, 1894084718, 1130927163, 2231312149, 3813611236, 1130993612, 2513867088, 694967650, 641542374, 2418020407, 1360311429, 1086560648, 1268198314, 741688145, 183172823, 2478718495, 3891695621, 2223328774, 3083232970, 1110551174, 758892678, 572328296, 801241238, 3250143177, 1648712008, 2513679676, 904908145, 3278439060, 3252776664, 1374458289, 3097951378, 661220855, 1407295948, 2977178735, 1376286273, 2841809963, 1636734254, 1550738412, 1796696434, 3670998855, 748674650, 1085913095, 2422744557, 1059496204, 1858212161, 1931245630, 2086736325, 3037328865, 1927567756, 2325923954, 2817935028, 2004844285, 2903071888, 3484209758, 151301237, 1049396879, 909103203, 2142685124, 1158519056, 1689690751, 1761070730, 374682281, 3680150878, 2499936069, 269959707, 1347008136, 679799585, 1578731194, 1088722781, 2162476411, 2533514795, 235715135, 1946936770, 2946406798, 147429034, 3014319511, 3852685364, 559255070, 2697615198, 716106001, 733635766, 1653660442, 2873704077, 3883983024, 3772630855, 81357571, 462264657, 3234597702, 4052304623, 3606073333, 1863506637, 826801612, 3925170589, 3171372288, 3819874514, 922404842, 1881113156, 1243812307, 264094082, 1695139431, 3004202983, 4062706583, 1279108915, 2926770480, 1054435155, 2977754395, 3653629281, 562888201, 1010900500, 201581830, 1762153254, 1041841212, 2708591453, 3958352412, 2180828639, 573198012, 4032683497, 4087792653, 149384364, 509526013, 1884774521, 3480839070, 1954884948, 4142832468, 183464565, 3497314103, 1345691475, 90861177, 661686067, 928384981, 197025976, 3484034123, 664530625, 1211963898, 2707100118, 1085699145, 257745098, 938020428, 4281284715, 2895702347, 447308112, 2148202963, 1468990514, 3533569345, 2353543349, 855827630, 2367626853, 3612405046, 250678511, 1138926681, 2794952563, 1966992226, 4103601264, 2674949578, 288489534, 2659210182, 4131815451, 2095326106, 2023574315, 514061428, 1631734496, 1188038446, 1452469682, 3010921159, 583030984, 2166785200, 1640889228, 839392903, 1876485189, 1458578497, 2992296507, 1895916196, 3817970352, 4273429423, 3675920497, 3269980672, 425620934, 4012584413, 368081723, 515903400, 2003133971, 140925799, 3571547886, 2284752516, 3513455930, 1534827552, 487313721, 3023014152, 759387347, 161247666, 4026663714, 1946395768, 32478583, 1585812181, 425125648, 69687169, 3179190738, 3866616867, 2530380801, 3512276125, 493426396, 1474188617, 2147206140, 3936952473, 3892499520, 3537285724, 1767594937, 399909327, 3017757447, 3003399728, 2398120658, 298381660, 2709577551, 204725495, 581594502, 3534367663, 4092146372, 911853644, 3624687430, 584523201, 74244641, 3483408317, 85908706, 3673491188, 2732267361, 2489669898, 2755469324, 3537946138, 738841568, 545610721, 1393683597, 3031862404, 729187289, 2287353055, 2112076333, 3958328163, 394684418, 3174756193, 3324492012, 3320609838, 2783790312, 1421766651, 3745958976, 3827383667, 885893291, 2098395416, 4073301237, 748292951, 1614559733, 1320559341, 2944274607, 1837990102, 139653549, 2998238674, 165325798, 3325357448, 1594277178, 1128735049, 1621451455, 1439959548, 1847388141, 292995750, 1455406751, 3588657756, 3435499794, 1251333453, 2642645582, 2559044498, 904217288, 3620555209, 3966437878, 175962286, 3967917848, 1717915656, 3698724038, 2379303724, 1061482948, 3461779715, 2297185025, 32329290, 273102705, 2888552624, 3568646030, 1636819948, 1551783589, 174755071, 591552882, 672959120, 1154547003, 2908617903, 3492207864, 2445626094, 603119143, 363783509, 4142957691, 2230013492, 3375002459, 826523541, 2671165895, 3538687582, 1824871665, 3096262500, 4286647804, 2489370599, 1362737727, 3229500349, 2762122527, 3546679450, 2647095184, 2695917245, 2611090944, 1170552323, 2055049739, 1982268570, 497643225, 1025034636, 1953248638, 488114549, 2376831125, 2389505833, 3380934624, 505880073, 2572538054, 1037948011, 1903114651, 2228986933, 4079925093, 4179898150, 1061897617, 499732063, 534985376, 1012758689, 3644350226, 1410064200, 2696869225, 3520784281, 3915332020, 868367651, 3552729511, 1349440259, 1459445276, 3863945195, 2719895623, 3200018851, 2197115006, 2705239228, 261927770, 3581448948, 433908623, 2990278210, 3245993638, 3708055940, 2532450117, 428517397, 2524315770, 779479223, 3322967518, 2118468557, 1776066129, 1593474300, 3501262968, 1074587138, 4126773300, 1205661371, 695911140, 916184456, 2765308735, 3812131100, 1991616309, 1010724347, 1655392325, 258826417, 3437723239, 3432870341, 1145947042, 3331558495, 3457946749, 496868102, 1419619930, 465159423, 732241482, 1505037427, 3106880790, 3096979796, 344440399, 3623989417, 329260489, 3041450916, 3367477352, 2052093895, 2440414477, 1787802177, 3088149622, 2881655198, 3643455284, 2963276205, 4278331052, 3318114905, 116136097, 3910195375, 851136506, 3798179148, 212230360, 3336715884, 1786568463, 3624178668, 1787090836, 1705864235, 4027163142, 2526181437, 3803206577, 3756502890, 3006757860, 2535304253, 1264205545, 2587110556, 43187535, 2936254424, 3181783097, 852091810, 2401422611, 1446165396, 2270828812, 1019559121, 2000093314, 1920973706, 3999525866, 1056566297, 2928987912, 1773799256, 1636530796, 2807282314, 2656326221, 812988926, 3376675490, 3121503710, 3580773900, 2100934796, 2182941827, 3131944509, 1571663225, 4223224012, 155985876, 2214520887, 2620422638, 3553073549, 647283602, 1096783563, 408709782, 2477673669, 1235313608, 4117209675, 3757759423, 3599615581, 259770924, 3683726001, 1692569673, 337250594, 268871784, 3768930153, 4132007265, 2232415270, 183026636, 384964921, 4200321818, 3617177302, 2241669843, 2333694804, 395), None)
Loaded weights: 42.72896208812709, -11.438126736042557, -0.4206006985128663, 0.0, 5.0
events: me found the exit, 
  ----
(3, (800783637, 2603990403, 2843125462, 455235799, 3269742722, 3935138838, 1940342118, 4261509946, 941670548, 3652990744, 446037418, 532886752, 4175521531, 2154422510, 3341018521, 3914062506, 4148966003, 4053586714, 3960064111, 4167483403, 712064085, 667587996, 1530004255, 1193695349, 2790309533, 4219040146, 2803371394, 3950957640, 1701291180, 4035873727, 2681058243, 718595483, 2045367051, 333623740, 1876179688, 2782688656, 2548899819, 1591210453, 3144552431, 2207351316, 4196336656, 2117671377, 1830540582, 3746098999, 2170629230, 219844378, 1203774993, 1545816573, 1721761833, 654643210, 1422068416, 1363274173, 536500161, 3670402495, 4174564873, 3131100825, 3633416612, 2051487283, 564614, 1880033368, 2429265572, 1691777223, 882944476, 352571952, 91236956, 2991851201, 235060078, 510702719, 878126144, 2203258077, 3911914941, 1264189625, 3488017251, 499361286, 101162747, 3419969791, 4130910264, 2278638572, 3133489602, 49812868, 2669542320, 2601669901, 3003429047, 3402359752, 204939329, 370804757, 1723836451, 3377327587, 2217742121, 1766146208, 4103222384, 592738434, 604830359, 1078973812, 2914440857, 1946850563, 998590185, 178701251, 2543927508, 2492777876, 724182539, 132759992, 2657075324, 3760239241, 4217413733, 1418171613, 3993367966, 1570755533, 1057241191, 192126469, 1944981830, 2767365715, 1908672983, 3116818056, 3235291393, 1149218390, 1806620048, 1904268598, 1887036648, 3093612502, 3578385822, 3067738128, 1961702927, 338963596, 801097909, 2766711012, 3017826875, 4062277393, 1911718977, 1145001029, 2763782339, 3195711902, 1907541168, 1933839604, 1183459329, 651384549, 1779044381, 1766105684, 3035510041, 114382127, 4129686925, 534502976, 2077368108, 1579192898, 2630698827, 167223413, 4157276734, 2214323468, 3053283800, 605738898, 730755662, 1092585533, 2169961724, 1188589132, 3374918006, 1069598978, 4256485998, 3192971875, 1919412218, 1125958792, 2211927722, 105719920, 2454982877, 2036484988, 1226582824, 2600877321, 1171038447, 3586275283, 427845962, 2127404037, 1328545978, 1506050873, 3579775806, 280563084, 4214028767, 336533772, 3188534124, 2856768626, 2333985945, 4261437879, 1557881098, 1151684459, 493993371, 398964718, 2206286733, 4063270307, 4098222653, 2271485934, 3892880816, 2441605523, 719994944, 4002617562, 507643912, 4240985627, 241275554, 2200021281, 3295532112, 320974506, 3846110907, 4089713926, 3258414291, 2926845929, 7512600, 3846329640, 3600219572, 1970266312, 2749929834, 249087198, 4101514730, 2485880109, 1932087763, 1575322449, 3914769855, 771557028, 1891816273, 1352234764, 2251825321, 1034681031, 858587156, 659193011, 2905288546, 2275542659, 973003364, 1126246507, 1323527348, 1460974873, 1427617428, 364842996, 2365256004, 3977407875, 2617214659, 2956327064, 3123163929, 1673686729, 845070189, 771617487, 3908328085, 2520371763, 1812153528, 294073735, 1527637424, 1408080366, 3375226633, 377496539, 65815615, 42472918, 3771023085, 2273517636, 2034840348, 719673206, 475741056, 2657058751, 1197492644, 2697391427, 1089636260, 3857132416, 278251179, 1625018501, 1038981379, 3213742205, 2455009262, 2587783303, 1813166667, 2311950561, 1490420566, 2414487164, 2627542026, 1940872545, 198102239, 3035431702, 2388510825, 541553221, 3988872643, 62099527, 3389302492, 3347251402, 12165573, 780246122, 1781965847, 3280297508, 1811363579, 163623295, 555567482, 1377925858, 4175725830, 98020826, 3469912738, 1510924571, 1086911546, 604840247, 3964688587, 48126521, 2845868519, 2828900228, 3509874693, 2030277864, 442417387, 2196543396, 4212936390, 281692134, 1145230417, 2575343894, 2691755620, 675841680, 1059627295, 814103204, 2020007989, 2773878152, 3567938536, 4221415592, 3314272811, 3994865811, 1751652824, 3287924073, 3323729881, 3029412441, 1244480311, 3755688617, 2749843774, 1970067187, 1088198444, 3713018719, 4094044831, 2506195988, 3101057340, 394565910, 3960763590, 451078995, 3787119792, 1792703643, 2169719689, 3083836038, 4196053740, 1039497436, 1392497689, 2646490033, 2521301865, 1503571505, 3773161745, 426869578, 3564834968, 1465645378, 1583901394, 2751975206, 1968106991, 1215882617, 3261404650, 1287041018, 9666981, 2017871239, 2402236307, 822117468, 1323035178, 1635882212, 59069824, 1061556015, 4141403710, 2605062461, 304517389, 95661712, 439309786, 2871997698, 3023107805, 3941402945, 818330956, 4086694000, 1312107905, 2146360053, 3234496740, 1787242991, 4001183562, 3845774889, 1390101587, 3687655837, 1268308787, 784574487, 2596416659, 1761680447, 1818561351, 1228130195, 216711881, 2604120432, 1454418447, 2880453534, 924516172, 3269960035, 1497858762, 1331996569, 2607711936, 1974304020, 3583860242, 48176937, 479459942, 652180633, 3073640900, 1266076478, 2375686951, 1620272794, 3000806751, 372338612, 774926592, 1530960762, 3679104120, 387680073, 336950747, 95056913, 2294718940, 3254429955, 1577054594, 1503455336, 886948138, 3959561488, 1251718616, 1562373053, 2911771408, 1175348889, 2570883264, 2562535376, 3294646772, 2015412353, 9049186, 10509189, 3479330024, 2661250356, 2714745489, 2467002944, 3069864273, 4101487455, 3712399341, 776578171, 2745888958, 2301920598, 3410761878, 2123761717, 1311663099, 1699942029, 2185129333, 427018772, 757232295, 1583431218, 2982211588, 1633936360, 1150759492, 1029238507, 2987242575, 1530818152, 1873336772, 1708847278, 343786742, 2609784966, 22318961, 3011438022, 2529024524, 3280234152, 2093548763, 1670441955, 4048877105, 3829334077, 1661807540, 1270079193, 3673554888, 4178009405, 1146025602, 2786582877, 1600738738, 567431096, 3933019737, 4282096746, 1761483683, 1592907962, 135022365, 970612352, 2500633011, 2132297336, 1505618703, 495667436, 4244531373, 284283875, 1505305941, 3873400246, 1000574854, 2691525833, 2574597139, 3594048700, 4147627893, 840696915, 950787314, 3200800871, 4030439203, 3846533152, 2015908850, 746168204, 1325631538, 745832454, 2190509119, 548430801, 516045884, 1180323989, 3859936843, 2897999356, 1395443225, 2378891121, 3980347824, 3579798749, 933207883, 176837444, 2902943462, 3112601990, 3691861418, 707152199, 2618506854, 3689725929, 3825056995, 1664374101, 1970528101, 1754296326, 1141592630, 3601633489, 4164459963, 3172851861, 3016784192, 1515544901, 144692326, 4161577902, 100340102, 1396791867, 2389985121, 4214873021, 1724295467, 3260420021, 2450124896, 3241024510, 2118711079, 1378367256, 830625576, 3245925581, 1313834574, 3642512544, 2991637561, 3139663392, 1995560418, 381987298, 2922727307, 779522819, 1006356885, 844438375, 2569256716, 1557405975, 2293326736, 2559799557, 1413035037, 3344396906, 3966704869, 912967753, 3076667355, 3102178125, 1542173245, 3338697701, 2495514032, 372010420, 301412650, 666746835, 912276859, 2924270186, 2346656496, 146110486, 1988252927, 2380311914, 2245894019, 2731394425, 2837305704, 2903450519, 1610166933, 96383273, 366108203, 2651478003, 324999245, 2357345045, 4134185707, 1967155819, 1488865569, 884252789, 4180822524, 3784485306, 4019919505, 585313339, 370832341, 3423456291, 4078283261, 2425424780, 3085576110, 1517395530, 2366299190, 3593673503, 3148922164, 924116615, 1465617801, 2866488480, 2110659309, 482572452, 723932548, 416463610, 2539967405, 2532055512, 4192111234, 146127523, 3934824041, 4196343753, 1769597569, 286084889, 527438361, 3697477559, 3370821106, 1363465982, 3862868210, 2034401455, 925533959, 2431205364, 2427364202, 566105067, 1293132786, 1827810418, 251291284, 1129305458, 187), None)
Loaded weights: 37.23595736001111, -11.438126736042557, -0.4206006985128663, 0.0, 5.0
events: 
  ----
(3, (800783637, 2603990403, 2843125462, 455235799, 3269742722, 3935138838, 1940342118, 4261509946, 941670548, 3652990744, 446037418, 532886752, 4175521531, 2154422510, 3341018521, 3914062506, 4148966003, 4053586714, 3960064111, 4167483403, 712064085, 667587996, 1530004255, 1193695349, 2790309533, 4219040146, 2803371394, 3950957640, 1701291180, 4035873727, 2681058243, 718595483, 2045367051, 333623740, 1876179688, 2782688656, 2548899819, 1591210453, 3144552431, 2207351316, 4196336656, 2117671377, 1830540582, 3746098999, 2170629230, 219844378, 1203774993, 1545816573, 1721761833, 654643210, 1422068416, 1363274173, 536500161, 3670402495, 4174564873, 3131100825, 3633416612, 2051487283, 564614, 1880033368, 2429265572, 1691777223, 882944476, 352571952, 91236956, 2991851201, 235060078, 510702719, 878126144, 2203258077, 3911914941, 1264189625, 3488017251, 499361286, 101162747, 3419969791, 4130910264, 2278638572, 3133489602, 49812868, 2669542320, 2601669901, 3003429047, 3402359752, 204939329, 370804757, 1723836451, 3377327587, 2217742121, 1766146208, 4103222384, 592738434, 604830359, 1078973812, 2914440857, 1946850563, 998590185, 178701251, 2543927508, 2492777876, 724182539, 132759992, 2657075324, 3760239241, 4217413733, 1418171613, 3993367966, 1570755533, 1057241191, 192126469, 1944981830, 2767365715, 1908672983, 3116818056, 3235291393, 1149218390, 1806620048, 1904268598, 1887036648, 3093612502, 3578385822, 3067738128, 1961702927, 338963596, 801097909, 2766711012, 3017826875, 4062277393, 1911718977, 1145001029, 2763782339, 3195711902, 1907541168, 1933839604, 1183459329, 651384549, 1779044381, 1766105684, 3035510041, 114382127, 4129686925, 534502976, 2077368108, 1579192898, 2630698827, 167223413, 4157276734, 2214323468, 3053283800, 605738898, 730755662, 1092585533, 2169961724, 1188589132, 3374918006, 1069598978, 4256485998, 3192971875, 1919412218, 1125958792, 2211927722, 105719920, 2454982877, 2036484988, 1226582824, 2600877321, 1171038447, 3586275283, 427845962, 2127404037, 1328545978, 1506050873, 3579775806, 280563084, 4214028767, 336533772, 3188534124, 2856768626, 2333985945, 4261437879, 1557881098, 1151684459, 493993371, 398964718, 2206286733, 4063270307, 4098222653, 2271485934, 3892880816, 2441605523, 719994944, 4002617562, 507643912, 4240985627, 241275554, 2200021281, 3295532112, 320974506, 3846110907, 4089713926, 3258414291, 2926845929, 7512600, 3846329640, 3600219572, 1970266312, 2749929834, 249087198, 4101514730, 2485880109, 1932087763, 1575322449, 3914769855, 771557028, 1891816273, 1352234764, 2251825321, 1034681031, 858587156, 659193011, 2905288546, 2275542659, 973003364, 1126246507, 1323527348, 1460974873, 1427617428, 364842996, 2365256004, 3977407875, 2617214659, 2956327064, 3123163929, 1673686729, 845070189, 771617487, 3908328085, 2520371763, 1812153528, 294073735, 1527637424, 1408080366, 3375226633, 377496539, 65815615, 42472918, 3771023085, 2273517636, 2034840348, 719673206, 475741056, 2657058751, 1197492644, 2697391427, 1089636260, 3857132416, 278251179, 1625018501, 1038981379, 3213742205, 2455009262, 2587783303, 1813166667, 2311950561, 1490420566, 2414487164, 2627542026, 1940872545, 198102239, 3035431702, 2388510825, 541553221, 3988872643, 62099527, 3389302492, 3347251402, 12165573, 780246122, 1781965847, 3280297508, 1811363579, 163623295, 555567482, 1377925858, 4175725830, 98020826, 3469912738, 1510924571, 1086911546, 604840247, 3964688587, 48126521, 2845868519, 2828900228, 3509874693, 2030277864, 442417387, 2196543396, 4212936390, 281692134, 1145230417, 2575343894, 2691755620, 675841680, 1059627295, 814103204, 2020007989, 2773878152, 3567938536, 4221415592, 3314272811, 3994865811, 1751652824, 3287924073, 3323729881, 3029412441, 1244480311, 3755688617, 2749843774, 1970067187, 1088198444, 3713018719, 4094044831, 2506195988, 3101057340, 394565910, 3960763590, 451078995, 3787119792, 1792703643, 2169719689, 3083836038, 4196053740, 1039497436, 1392497689, 2646490033, 2521301865, 1503571505, 3773161745, 426869578, 3564834968, 1465645378, 1583901394, 2751975206, 1968106991, 1215882617, 3261404650, 1287041018, 9666981, 2017871239, 2402236307, 822117468, 1323035178, 1635882212, 59069824, 1061556015, 4141403710, 2605062461, 304517389, 95661712, 439309786, 2871997698, 3023107805, 3941402945, 818330956, 4086694000, 1312107905, 2146360053, 3234496740, 1787242991, 4001183562, 3845774889, 1390101587, 3687655837, 1268308787, 784574487, 2596416659, 1761680447, 1818561351, 1228130195, 216711881, 2604120432, 1454418447, 2880453534, 924516172, 3269960035, 1497858762, 1331996569, 2607711936, 1974304020, 3583860242, 48176937, 479459942, 652180633, 3073640900, 1266076478, 2375686951, 1620272794, 3000806751, 372338612, 774926592, 1530960762, 3679104120, 387680073, 336950747, 95056913, 2294718940, 3254429955, 1577054594, 1503455336, 886948138, 3959561488, 1251718616, 1562373053, 2911771408, 1175348889, 2570883264, 2562535376, 3294646772, 2015412353, 9049186, 10509189, 3479330024, 2661250356, 2714745489, 2467002944, 3069864273, 4101487455, 3712399341, 776578171, 2745888958, 2301920598, 3410761878, 2123761717, 1311663099, 1699942029, 2185129333, 427018772, 757232295, 1583431218, 2982211588, 1633936360, 1150759492, 1029238507, 2987242575, 1530818152, 1873336772, 1708847278, 343786742, 2609784966, 22318961, 3011438022, 2529024524, 3280234152, 2093548763, 1670441955, 4048877105, 3829334077, 1661807540, 1270079193, 3673554888, 4178009405, 1146025602, 2786582877, 1600738738, 567431096, 3933019737, 4282096746, 1761483683, 1592907962, 135022365, 970612352, 2500633011, 2132297336, 1505618703, 495667436, 4244531373, 284283875, 1505305941, 3873400246, 1000574854, 2691525833, 2574597139, 3594048700, 4147627893, 840696915, 950787314, 3200800871, 4030439203, 3846533152, 2015908850, 746168204, 1325631538, 745832454, 2190509119, 548430801, 516045884, 1180323989, 3859936843, 2897999356, 1395443225, 2378891121, 3980347824, 3579798749, 933207883, 176837444, 2902943462, 3112601990, 3691861418, 707152199, 2618506854, 3689725929, 3825056995, 1664374101, 1970528101, 1754296326, 1141592630, 3601633489, 4164459963, 3172851861, 3016784192, 1515544901, 144692326, 4161577902, 100340102, 1396791867, 2389985121, 4214873021, 1724295467, 3260420021, 2450124896, 3241024510, 2118711079, 1378367256, 830625576, 3245925581, 1313834574, 3642512544, 2991637561, 3139663392, 1995560418, 381987298, 2922727307, 779522819, 1006356885, 844438375, 2569256716, 1557405975, 2293326736, 2559799557, 1413035037, 3344396906, 3966704869, 912967753, 3076667355, 3102178125, 1542173245, 3338697701, 2495514032, 372010420, 301412650, 666746835, 912276859, 2924270186, 2346656496, 146110486, 1988252927, 2380311914, 2245894019, 2731394425, 2837305704, 2903450519, 1610166933, 96383273, 366108203, 2651478003, 324999245, 2357345045, 4134185707, 1967155819, 1488865569, 884252789, 4180822524, 3784485306, 4019919505, 585313339, 370832341, 3423456291, 4078283261, 2425424780, 3085576110, 1517395530, 2366299190, 3593673503, 3148922164, 924116615, 1465617801, 2866488480, 2110659309, 482572452, 723932548, 416463610, 2539967405, 2532055512, 4192111234, 146127523, 3934824041, 4196343753, 1769597569, 286084889, 527438361, 3697477559, 3370821106, 1363465982, 3862868210, 2034401455, 925533959, 2431205364, 2427364202, 566105067, 1293132786, 1827810418, 251291284, 1129305458, 474), None)
Loaded weights: 34.89326769543663, -12.695407858196752, -0.4206006985128663, 0.0, -5.0
events: me found the exit, 
  ----
(3, (4093708420, 3865574964, 3265852160, 256006465, 772153713, 2727939787, 672873172, 1208292753, 695496605, 3314310921, 3457889139, 4169658912, 430446623, 3460596537, 2561142853, 2822052926, 634487344, 1115836408, 2738206275, 1426898485, 2337826078, 1894899876, 3267058788, 2326461427, 2099045196, 2632866345, 3944750864, 3548145863, 843353920, 1611923567, 940931405, 2025516727, 666434725, 2487283146, 2614804382, 431105980, 2297774080, 3398554835, 614190983, 4281462653, 4285003299, 464492596, 3905812854, 4050675251, 669951077, 4269773203, 2319579850, 408224900, 1220339309, 1170824356, 3564287151, 2189975497, 803498630, 3828701354, 1998991957, 4210368222, 665800046, 2093828632, 1536651215, 4180747619, 257723521, 2036170586, 1093810113, 3628985062, 2032529026, 55552821, 807865277, 1162004370, 3111352585, 133178456, 60697833, 3590708941, 269487033, 2449946815, 2235474464, 3994089903, 1022420878, 81742830, 1559708206, 4084241781, 3295693242, 2570309073, 2210042962, 3836784505, 845731868, 857888989, 1805030034, 740782142, 1186898947, 48416458, 4016202790, 2067092151, 3311573658, 4160456801, 3480511954, 3418987417, 2955891000, 2302682197, 1794769179, 3529482214, 1169076297, 3913160309, 1168317543, 3079939828, 2122417600, 3661476735, 580402660, 2970956711, 2520460441, 2498784837, 855075440, 1038606750, 918889987, 1701895737, 3117639874, 3593131563, 1542733774, 1297034513, 1956778989, 783268089, 2378198233, 457619043, 3070752467, 1023880645, 1210135863, 3362215332, 404006137, 3825918841, 3897966790, 86051807, 2751759218, 505400179, 4227074511, 675566783, 1263468627, 3527757814, 1720346162, 3002989947, 454622853, 3964941399, 2532424576, 2411318191, 2486386433, 3785344664, 3409430791, 2513487508, 1871405445, 1627749753, 1616408750, 2363786795, 3847443926, 2283412974, 4227810851, 1890427046, 2562135787, 3535107538, 4031383975, 3461465126, 2573801737, 1509955944, 2217144285, 77348097, 1788692490, 897131710, 3006665096, 3448692179, 497383772, 3340703317, 2933589707, 1360680098, 940203049, 2943490588, 3935388607, 226694488, 3876106001, 1090496291, 1352522512, 3377727672, 2013452279, 2100472008, 936914047, 1641727225, 2124657052, 3228981304, 3567540859, 437783613, 2720048717, 2610907209, 4079510573, 1131369461, 4215554126, 3157569017, 939367518, 4040879871, 3270113797, 4013700638, 2678312010, 271020726, 1324805124, 2940766015, 1693031307, 1039616993, 778195504, 1080896350, 1650805406, 2257624856, 3514858423, 3286407287, 3685271786, 169131615, 1306881726, 3302623361, 1207159883, 3189361518, 4096769073, 1392379257, 2526649154, 4289212664, 4092530217, 566169782, 1244695658, 3427913304, 2569418497, 1784812968, 3731932705, 611433950, 1234195080, 4068241446, 166098986, 375357630, 1465427213, 3927787554, 1248889200, 2822559165, 3354614825, 2215047688, 395839183, 3088748847, 1766643772, 875489991, 3887222734, 624537374, 2055060748, 3173978352, 1137067283, 174037482, 382545431, 4160552080, 1703103263, 3432432036, 479065331, 514639774, 361077847, 2337889474, 3784310023, 3808877770, 3379648754, 3219850515, 4269061718, 1855113042, 1079469398, 1960530532, 2220646163, 3835576747, 3445934061, 1792360834, 535752978, 1669865619, 31005119, 921415069, 945516494, 2282142299, 648997231, 2940447140, 2073330913, 2447935056, 1384747665, 2019645051, 2739597531, 3273081124, 2044571850, 1739101928, 3555042223, 467472365, 1042717941, 2097035934, 222225713, 792262300, 4065550110, 3994200955, 2783013, 4110229166, 1459708151, 3249898336, 969084390, 760523171, 109473674, 2114980746, 2657156414, 2872693070, 2663868468, 3573994770, 3124017895, 3127642078, 480007868, 4190929643, 3789264817, 2921692238, 3841791365, 2021114264, 179730415, 1180488944, 2346071734, 2442144161, 4016526797, 3131094343, 3020412737, 3197223097, 2559281425, 3842822412, 1079717137, 746569794, 2172213651, 3963904422, 3263326430, 1559247736, 103176848, 1970527761, 89888999, 3691121020, 3967019959, 59563190, 2227638033, 2465163063, 650288800, 1142398450, 1631029634, 2609719847, 1902059579, 486059599, 249373336, 2531745195, 3291034040, 3093035494, 4034654066, 1435539736, 1224011524, 344005844, 3194823807, 697884101, 1703374827, 1867300898, 4171734998, 433458745, 1654740017, 3543803865, 3515529118, 1948220203, 482745403, 4142113570, 1037291070, 2287979490, 1044085641, 1055471764, 2335636803, 3842693274, 1252780530, 3063217138, 1676865415, 2735580324, 168532307, 995286001, 557769349, 2471476419, 4016839085, 4096906808, 1634515179, 1248420010, 898322168, 1686280088, 2100722718, 1793585971, 3345836061, 2881975809, 1982506056, 4123711596, 3837459067, 2308025533, 2118812555, 1079240451, 3978173429, 3179277499, 1206506304, 104824254, 2728686538, 824097671, 559146991, 3094133337, 3832196550, 4253645631, 539187429, 3400399149, 2457523288, 3282030882, 1384743535, 2086766361, 2227653782, 1495782590, 1293201613, 1691177225, 4135016112, 2984870039, 2912897340, 3035081669, 1636879322, 4290128973, 254919709, 2574543028, 1496087910, 934844015, 1770157026, 3847804017, 2691927172, 1447862749, 1503842198, 2357422195, 1283189327, 2470604962, 4091226371, 1068968559, 83323381, 130238165, 1624452061, 1872755349, 1749266414, 1136610959, 1185766229, 3262965554, 3958019992, 1595126857, 3467131546, 3596887315, 3579495123, 379056570, 2453080012, 3292226251, 324167905, 1074687505, 3247888923, 1082441830, 1943889739, 2502830887, 1169395338, 2935775290, 1522316552, 2823074797, 4249399423, 652095703, 1456215953, 1728738964, 1303890940, 2782144360, 235254393, 2016193558, 2834544371, 3312641999, 1270031602, 180744896, 172049219, 3883085405, 2713862064, 3494421781, 1976810198, 2736483151, 4181285094, 3270823830, 501651594, 2841237126, 767784261, 1213488020, 40327801, 876467153, 2283452052, 736234391, 2146285541, 3793836079, 3908983742, 2705463832, 108653172, 4165498602, 4070739565, 3940877300, 2096038273, 2276328402, 2866323876, 246941601, 2362324232, 2455446580, 3730522277, 3593484988, 816735939, 218832953, 1649378529, 2421091819, 2099544025, 3049866152, 2681472487, 400235039, 2880635540, 3723246748, 4012105926, 3604017755, 2490147051, 2928654940, 460377759, 3495360005, 1548506060, 3846080807, 863723067, 250174551, 899121949, 1032644565, 290650228, 1148970825, 3468170824, 5402193, 1336773711, 1957465214, 1831166487, 4080026327, 3673885217, 4205878768, 3503855975, 4179278885, 395427575, 2212157090, 1425664968, 3398870316, 466448352, 4037991495, 2599583056, 1635075799, 1955810329, 821199700, 1051983317, 2484754071, 309227864, 1141087449, 4181641247, 1919775554, 3488602259, 767383155, 2664296323, 2225074594, 2953368424, 4054249766, 1720353873, 2787944815, 1218112108, 2352781188, 406390785, 2767859906, 1395782855, 618141946, 3755447852, 3541482139, 436795642, 3577437574, 1586040776, 2426920204, 2010437874, 110085863, 3460788563, 3675615438, 2190247922, 1858738310, 3067179152, 2277149249, 2363770312, 1307577241, 2592403164, 1580757199, 2750640900, 1062177289, 3160825321, 2395182350, 1240331756, 3713116703, 3222752804, 1708025950, 1406269361, 2377356120, 387704266, 393459560, 1947613294, 3512179100, 3059758836, 3991151866, 892561315, 883804231, 2670125502, 2111226020, 3209157332, 495189418, 2537229604, 2580000019, 2156243107, 2424453505, 4218020960, 1373491662, 486425861, 308278961, 2640884499, 3617956354, 1815632949, 4241977559, 1210546425, 2773043776, 1957189009, 1633682105, 809921415, 2782478464, 280580414, 458449837, 162), None)
Loaded weights: 41.96981145083241, -12.695407858196752, -0.4206006985128663, 0.0, 5.0
events: me found the exit, 
  ----
(3, (4093708420, 3865574964, 3265852160, 256006465, 772153713, 2727939787, 672873172, 1208292753, 695496605, 3314310921, 3457889139, 4169658912, 430446623, 3460596537, 2561142853, 2822052926, 634487344, 1115836408, 2738206275, 1426898485, 2337826078, 1894899876, 3267058788, 2326461427, 2099045196, 2632866345, 3944750864, 3548145863, 843353920, 1611923567, 940931405, 2025516727, 666434725, 2487283146, 2614804382, 431105980, 2297774080, 3398554835, 614190983, 4281462653, 4285003299, 464492596, 3905812854, 4050675251, 669951077, 4269773203, 2319579850, 408224900, 1220339309, 1170824356, 3564287151, 2189975497, 803498630, 3828701354, 1998991957, 4210368222, 665800046, 2093828632, 1536651215, 4180747619, 257723521, 2036170586, 1093810113, 3628985062, 2032529026, 55552821, 807865277, 1162004370, 3111352585, 133178456, 60697833, 3590708941, 269487033, 2449946815, 2235474464, 3994089903, 1022420878, 81742830, 1559708206, 4084241781, 3295693242, 2570309073, 2210042962, 3836784505, 845731868, 857888989, 1805030034, 740782142, 1186898947, 48416458, 4016202790, 2067092151, 3311573658, 4160456801, 3480511954, 3418987417, 2955891000, 2302682197, 1794769179, 3529482214, 1169076297, 3913160309, 1168317543, 3079939828, 2122417600, 3661476735, 580402660, 2970956711, 2520460441, 2498784837, 855075440, 1038606750, 918889987, 1701895737, 3117639874, 3593131563, 1542733774, 1297034513, 1956778989, 783268089, 2378198233, 457619043, 3070752467, 1023880645, 1210135863, 3362215332, 404006137, 3825918841, 3897966790, 86051807, 2751759218, 505400179, 4227074511, 675566783, 1263468627, 3527757814, 1720346162, 3002989947, 454622853, 3964941399, 2532424576, 2411318191, 2486386433, 3785344664, 3409430791, 2513487508, 1871405445, 1627749753, 1616408750, 2363786795, 3847443926, 2283412974, 4227810851, 1890427046, 2562135787, 3535107538, 4031383975, 3461465126, 2573801737, 1509955944, 2217144285, 77348097, 1788692490, 897131710, 3006665096, 3448692179, 497383772, 3340703317, 2933589707, 1360680098, 940203049, 2943490588, 3935388607, 226694488, 3876106001, 1090496291, 1352522512, 3377727672, 2013452279, 2100472008, 936914047, 1641727225, 2124657052, 3228981304, 3567540859, 437783613, 2720048717, 2610907209, 4079510573, 1131369461, 4215554126, 3157569017, 939367518, 4040879871, 3270113797, 4013700638, 2678312010, 271020726, 1324805124, 2940766015, 1693031307, 1039616993, 778195504, 1080896350, 1650805406, 2257624856, 3514858423, 3286407287, 3685271786, 169131615, 1306881726, 3302623361, 1207159883, 3189361518, 4096769073, 1392379257, 2526649154, 4289212664, 4092530217, 566169782, 1244695658, 3427913304, 2569418497, 1784812968, 3731932705, 611433950, 1234195080, 4068241446, 166098986, 375357630, 1465427213, 3927787554, 1248889200, 2822559165, 3354614825, 2215047688, 395839183, 3088748847, 1766643772, 875489991, 3887222734, 624537374, 2055060748, 3173978352, 1137067283, 174037482, 382545431, 4160552080, 1703103263, 3432432036, 479065331, 514639774, 361077847, 2337889474, 3784310023, 3808877770, 3379648754, 3219850515, 4269061718, 1855113042, 1079469398, 1960530532, 2220646163, 3835576747, 3445934061, 1792360834, 535752978, 1669865619, 31005119, 921415069, 945516494, 2282142299, 648997231, 2940447140, 2073330913, 2447935056, 1384747665, 2019645051, 2739597531, 3273081124, 2044571850, 1739101928, 3555042223, 467472365, 1042717941, 2097035934, 222225713, 792262300, 4065550110, 3994200955, 2783013, 4110229166, 1459708151, 3249898336, 969084390, 760523171, 109473674, 2114980746, 2657156414, 2872693070, 2663868468, 3573994770, 3124017895, 3127642078, 480007868, 4190929643, 3789264817, 2921692238, 3841791365, 2021114264, 179730415, 1180488944, 2346071734, 2442144161, 4016526797, 3131094343, 3020412737, 3197223097, 2559281425, 3842822412, 1079717137, 746569794, 2172213651, 3963904422, 3263326430, 1559247736, 103176848, 1970527761, 89888999, 3691121020, 3967019959, 59563190, 2227638033, 2465163063, 650288800, 1142398450, 1631029634, 2609719847, 1902059579, 486059599, 249373336, 2531745195, 3291034040, 3093035494, 4034654066, 1435539736, 1224011524, 344005844, 3194823807, 697884101, 1703374827, 1867300898, 4171734998, 433458745, 1654740017, 3543803865, 3515529118, 1948220203, 482745403, 4142113570, 1037291070, 2287979490, 1044085641, 1055471764, 2335636803, 3842693274, 1252780530, 3063217138, 1676865415, 2735580324, 168532307, 995286001, 557769349, 2471476419, 4016839085, 4096906808, 1634515179, 1248420010, 898322168, 1686280088, 2100722718, 1793585971, 3345836061, 2881975809, 1982506056, 4123711596, 3837459067, 2308025533, 2118812555, 1079240451, 3978173429, 3179277499, 1206506304, 104824254, 2728686538, 824097671, 559146991, 3094133337, 3832196550, 4253645631, 539187429, 3400399149, 2457523288, 3282030882, 1384743535, 2086766361, 2227653782, 1495782590, 1293201613, 1691177225, 4135016112, 2984870039, 2912897340, 3035081669, 1636879322, 4290128973, 254919709, 2574543028, 1496087910, 934844015, 1770157026, 3847804017, 2691927172, 1447862749, 1503842198, 2357422195, 1283189327, 2470604962, 4091226371, 1068968559, 83323381, 130238165, 1624452061, 1872755349, 1749266414, 1136610959, 1185766229, 3262965554, 3958019992, 1595126857, 3467131546, 3596887315, 3579495123, 379056570, 2453080012, 3292226251, 324167905, 1074687505, 3247888923, 1082441830, 1943889739, 2502830887, 1169395338, 2935775290, 1522316552, 2823074797, 4249399423, 652095703, 1456215953, 1728738964, 1303890940, 2782144360, 235254393, 2016193558, 2834544371, 3312641999, 1270031602, 180744896, 172049219, 3883085405, 2713862064, 3494421781, 1976810198, 2736483151, 4181285094, 3270823830, 501651594, 2841237126, 767784261, 1213488020, 40327801, 876467153, 2283452052, 736234391, 2146285541, 3793836079, 3908983742, 2705463832, 108653172, 4165498602, 4070739565, 3940877300, 2096038273, 2276328402, 2866323876, 246941601, 2362324232, 2455446580, 3730522277, 3593484988, 816735939, 218832953, 1649378529, 2421091819, 2099544025, 3049866152, 2681472487, 400235039, 2880635540, 3723246748, 4012105926, 3604017755, 2490147051, 2928654940, 460377759, 3495360005, 1548506060, 3846080807, 863723067, 250174551, 899121949, 1032644565, 290650228, 1148970825, 3468170824, 5402193, 1336773711, 1957465214, 1831166487, 4080026327, 3673885217, 4205878768, 3503855975, 4179278885, 395427575, 2212157090, 1425664968, 3398870316, 466448352, 4037991495, 2599583056, 1635075799, 1955810329, 821199700, 1051983317, 2484754071, 309227864, 1141087449, 4181641247, 1919775554, 3488602259, 767383155, 2664296323, 2225074594, 2953368424, 4054249766, 1720353873, 2787944815, 1218112108, 2352781188, 406390785, 2767859906, 1395782855, 618141946, 3755447852, 3541482139, 436795642, 3577437574, 1586040776, 2426920204, 2010437874, 110085863, 3460788563, 3675615438, 2190247922, 1858738310, 3067179152, 2277149249, 2363770312, 1307577241, 2592403164, 1580757199, 2750640900, 1062177289, 3160825321, 2395182350, 1240331756, 3713116703, 3222752804, 1708025950, 1406269361, 2377356120, 387704266, 393459560, 1947613294, 3512179100, 3059758836, 3991151866, 892561315, 883804231, 2670125502, 2111226020, 3209157332, 495189418, 2537229604, 2580000019, 2156243107, 2424453505, 4218020960, 1373491662, 486425861, 308278961, 2640884499, 3617956354, 1815632949, 4241977559, 1210546425, 2773043776, 1957189009, 1633682105, 809921415, 2782478464, 280580414, 458449837, 483), None)
Loaded weights: 47.53436486445704, -12.695407858196752, -0.4206006985128663, 0.0, 5.0
events: 
  ----
(3, (3412018499, 2235487302, 589358912, 2921920642, 1122619031, 3329706290, 2123754293, 3745187198, 3350140994, 2059560432, 627322286, 2563247133, 3672612938, 590093901, 3857911432, 4286023716, 2510720057, 3909263396, 205046664, 178124434, 3775699174, 2020725588, 3957676873, 386662980, 1915177402, 3588457228, 2801411425, 8423478, 629266587, 3380209206, 907523878, 2031085454, 899112074, 1226454586, 1260016907, 1688832989, 2480906275, 2735143154, 3845065198, 2685800603, 2410359592, 3750521635, 3198367631, 72865911, 1884511493, 2423930806, 1522365432, 794936357, 3873426585, 2690876009, 2554523946, 2523197272, 1922985011, 2437336766, 2824119368, 375662653, 2426062134, 4001346096, 232034691, 602818272, 443584378, 4015897774, 1261208551, 824523965, 1031488045, 2401142648, 1519243231, 759347880, 2257253859, 3547628121, 3100618105, 3678533184, 2004353757, 3814551200, 1044932893, 732678417, 2708786872, 3611490801, 1648637427, 2145303639, 2093514929, 1813921644, 2734996727, 1532180087, 3030667104, 3184656349, 1039250312, 3317323067, 3813686090, 3746523565, 1171260316, 617129785, 448594437, 2501426308, 369721063, 620275997, 1510383911, 1185747446, 664258642, 1997659635, 1070374865, 629309001, 3455723974, 1341039651, 3105704281, 855874067, 298632423, 2939246922, 1723450453, 3333402847, 153676496, 702095690, 1985799007, 4090123431, 617425297, 4187406092, 287349771, 3089725366, 1577687718, 3282359679, 831873737, 2985301389, 3378674282, 2291116377, 431967495, 3293584087, 4017497642, 3130209835, 3687471969, 1571802614, 2729171224, 3386365487, 1041946711, 1716796119, 3549575691, 2745019006, 2037183047, 3272962410, 754482262, 528561672, 339931172, 3369877695, 2153856779, 1717643532, 731719069, 2589871108, 2574814519, 245351810, 190883165, 1623710643, 954926, 499768273, 171680529, 1522328377, 1156050074, 2145409935, 3820426161, 1706356531, 2628189586, 4254155616, 2104100656, 2111065705, 2524972507, 27394245, 1530261236, 501434473, 2657035023, 296920470, 3147534538, 2667931185, 3263320200, 2999525064, 3597031328, 3713548197, 4294485417, 3859389659, 4290737298, 1736793302, 1347636450, 875943536, 778000610, 3015023878, 1842030469, 1776186174, 2319238670, 736858365, 3951599346, 1559944992, 1987873835, 1951389131, 440618044, 2615771147, 3299586046, 2880289388, 4197288023, 1489634287, 1600130611, 1399672428, 1610312412, 1562135534, 1779904981, 570576571, 345726440, 2920563953, 2124320552, 1318016976, 3849978190, 4209994065, 1170555619, 2792824828, 736595230, 26784410, 1322333305, 4292946882, 3794289874, 2518974130, 2826025598, 2361879550, 2886269068, 1832861388, 2204216684, 2704539342, 340854893, 2255927368, 4158758511, 879851642, 577592254, 2410445142, 2383483929, 2441348377, 2602982547, 668043823, 1264685875, 2221209086, 2637724794, 359377914, 4291272120, 1371685296, 467126689, 3913189293, 1907411394, 3637366798, 3789553756, 1833770607, 3962399953, 2656494684, 828606682, 180719030, 1580905350, 1017844207, 408576395, 3790419790, 3494849901, 1328900925, 1896080979, 1094284514, 260363360, 1227746317, 239502375, 364703265, 1937219336, 3493644893, 2414746583, 1818587914, 3597424691, 3940053351, 148549645, 374282024, 1576078642, 2727247976, 2572957061, 3121387885, 2279336804, 3196027223, 664110861, 378778894, 89889163, 284113304, 4159655882, 242267222, 2727511498, 414106944, 3263307540, 377568147, 3489705855, 2453885892, 879902126, 593043701, 22829516, 2452687018, 190559210, 3488825993, 2948875976, 107759916, 2732613286, 2244592166, 3967584156, 3086996454, 2396856039, 941340359, 2313028649, 4200236209, 1990052606, 4013614566, 1923876955, 2342604532, 684458608, 2545859244, 270917536, 1062680543, 2021481487, 2974766139, 1813076946, 3544885681, 31637319, 542859317, 420428078, 2426238923, 1448005567, 3818398802, 2200394917, 2411553521, 1390057934, 994547016, 685050954, 612689178, 3567288868, 2758402941, 193166071, 583756994, 237554296, 578190862, 3816593751, 1118669751, 2369427379, 1445068948, 1382126867, 3901737490, 3199059634, 1899131411, 1639008941, 1188671821, 2780513279, 1763535794, 3537976122, 2054417700, 3387185941, 3081453609, 2083834800, 1655274816, 3207186760, 636257004, 296987924, 1194212589, 168203544, 3004104878, 3198730428, 901801946, 4070967230, 1626554184, 1652285222, 361182992, 3169400372, 3858709561, 2979011879, 1236109487, 80432113, 4239603512, 3646591725, 1550599037, 3804296235, 2718622720, 183575226, 2009477438, 1955016350, 3806218743, 1173580774, 449525074, 797478941, 882941214, 4140280447, 4267305035, 3003863120, 2560770453, 1599177477, 2012426352, 542189025, 2605184554, 3304394039, 956807422, 3323283015, 952174420, 519894710, 2400000746, 3493152906, 842716130, 440110018, 2964784747, 1426396040, 528435981, 1627812844, 3066417029, 2277930058, 267584890, 3233623941, 1378937513, 1487289391, 2447224923, 417039709, 1458605277, 2820801450, 3706938000, 3901814208, 2604727071, 4197022169, 2834095866, 2029379985, 1993699983, 423459811, 4033517071, 614539, 2853457429, 2867127262, 1941006840, 3424930442, 2697867044, 1421702079, 2331121035, 3838929747, 2414369229, 889018180, 3623856665, 3762821701, 3512456889, 1110998729, 4288372630, 2269736037, 1578288850, 4145666145, 1770334516, 232491412, 294491492, 3715073647, 2708093336, 2010278468, 2091482147, 3559962907, 983724222, 3245448957, 3031894807, 367598852, 2503498026, 588204135, 1328742714, 42373247, 1774058745, 1541647789, 692643716, 341094757, 1840936653, 2525947466, 1127355801, 696122865, 1924593182, 2859696776, 2114870232, 3965484749, 3986217148, 1920792575, 2969640836, 2623667258, 2529472954, 382984484, 1308566697, 1807739517, 281673667, 671611564, 3618860022, 3318160004, 1215574158, 3424858634, 1963900185, 2378220022, 2843393869, 3778408645, 2050599416, 1159586605, 810248754, 3961057576, 1874324542, 420999920, 823355436, 3910103182, 1572266207, 3357254695, 1536563126, 3953332850, 1870210312, 3507782707, 1183082714, 569549204, 2411394466, 2277274404, 3804305080, 168532044, 554565094, 3700787590, 3075146880, 1985534734, 3037982583, 3840012897, 54415317, 3305410282, 3770870334, 2457529128, 1870295082, 967245030, 3421416488, 1368349821, 738670489, 2174913049, 2856919708, 1056735581, 3407908024, 1860064273, 805529631, 38662392, 641992189, 1523193093, 2196307761, 2455939870, 2210985015, 1847894073, 4195118548, 2522075645, 2052663876, 438068553, 899410943, 269519559, 560489850, 989379077, 2728634772, 941760927, 2673768219, 60353631, 528086803, 1485920993, 649103477, 4136360784, 3961898328, 4103179950, 3199945556, 1724587467, 2359618448, 3703217134, 3788408832, 2832566442, 1785053006, 610809292, 912829832, 1355846614, 2108349711, 1145965801, 2106220037, 403449728, 4087986895, 1538251984, 250989897, 1317691339, 3729862534, 4082251806, 1825190732, 402216259, 2292324588, 3234745450, 1734112248, 3095169215, 4183550892, 3659282431, 485612154, 2973414485, 469707930, 1973450101, 965959319, 1923198301, 2521890120, 3612564120, 40925236, 1734345535, 201948467, 3810981269, 4196265922, 1108628251, 1052792774, 3558407158, 2188020119, 715018496, 559019813, 559198460, 90329701, 153964908, 1797571572, 2887759650, 1315892596, 3475002116, 4139971731, 3857264897, 2339592271, 2528575660, 612155917, 142936594, 3371002451, 471982449, 3477453604, 1009057438, 971899284, 732110302, 625597520, 2440672983, 2681697194, 2648816298, 2557075477, 2795229931, 2795280828, 49), None)
Loaded weights: 44.13434602923272, -16.87738218610302, -0.4206006985128663, 0.0, -5.0
events: me found the exit, 
  ----
(3, (3412018499, 2235487302, 589358912, 2921920642, 1122619031, 3329706290, 2123754293, 3745187198, 3350140994, 2059560432, 627322286, 2563247133, 3672612938, 590093901, 3857911432, 4286023716, 2510720057, 3909263396, 205046664, 178124434, 3775699174, 2020725588, 3957676873, 386662980, 1915177402, 3588457228, 2801411425, 8423478, 629266587, 3380209206, 907523878, 2031085454, 899112074, 1226454586, 1260016907, 1688832989, 2480906275, 2735143154, 3845065198, 2685800603, 2410359592, 3750521635, 3198367631, 72865911, 1884511493, 2423930806, 1522365432, 794936357, 3873426585, 2690876009, 2554523946, 2523197272, 1922985011, 2437336766, 2824119368, 375662653, 2426062134, 4001346096, 232034691, 602818272, 443584378, 4015897774, 1261208551, 824523965, 1031488045, 2401142648, 1519243231, 759347880, 2257253859, 3547628121, 3100618105, 3678533184, 2004353757, 3814551200, 1044932893, 732678417, 2708786872, 3611490801, 1648637427, 2145303639, 2093514929, 1813921644, 2734996727, 1532180087, 3030667104, 3184656349, 1039250312, 3317323067, 3813686090, 3746523565, 1171260316, 617129785, 448594437, 2501426308, 369721063, 620275997, 1510383911, 1185747446, 664258642, 1997659635, 1070374865, 629309001, 3455723974, 1341039651, 3105704281, 855874067, 298632423, 2939246922, 1723450453, 3333402847, 153676496, 702095690, 1985799007, 4090123431, 617425297, 4187406092, 287349771, 3089725366, 1577687718, 3282359679, 831873737, 2985301389, 3378674282, 2291116377, 431967495, 3293584087, 4017497642, 3130209835, 3687471969, 1571802614, 2729171224, 3386365487, 1041946711, 1716796119, 3549575691, 2745019006, 2037183047, 3272962410, 754482262, 528561672, 339931172, 3369877695, 2153856779, 1717643532, 731719069, 2589871108, 2574814519, 245351810, 190883165, 1623710643, 954926, 499768273, 171680529, 1522328377, 1156050074, 2145409935, 3820426161, 1706356531, 2628189586, 4254155616, 2104100656, 2111065705, 2524972507, 27394245, 1530261236, 501434473, 2657035023, 296920470, 3147534538, 2667931185, 3263320200, 2999525064, 3597031328, 3713548197, 4294485417, 3859389659, 4290737298, 1736793302, 1347636450, 875943536, 778000610, 3015023878, 1842030469, 1776186174, 2319238670, 736858365, 3951599346, 1559944992, 1987873835, 1951389131, 440618044, 2615771147, 3299586046, 2880289388, 4197288023, 1489634287, 1600130611, 1399672428, 1610312412, 1562135534, 1779904981, 570576571, 345726440, 2920563953, 2124320552, 1318016976, 3849978190, 4209994065, 1170555619, 2792824828, 736595230, 26784410, 1322333305, 4292946882, 3794289874, 2518974130, 2826025598, 2361879550, 2886269068, 1832861388, 2204216684, 2704539342, 340854893, 2255927368, 4158758511, 879851642, 577592254, 2410445142, 2383483929, 2441348377, 2602982547, 668043823, 1264685875, 2221209086, 2637724794, 359377914, 4291272120, 1371685296, 467126689, 3913189293, 1907411394, 3637366798, 3789553756, 1833770607, 3962399953, 2656494684, 828606682, 180719030, 1580905350, 1017844207, 408576395, 3790419790, 3494849901, 1328900925, 1896080979, 1094284514, 260363360, 1227746317, 239502375, 364703265, 1937219336, 3493644893, 2414746583, 1818587914, 3597424691, 3940053351, 148549645, 374282024, 1576078642, 2727247976, 2572957061, 3121387885, 2279336804, 3196027223, 664110861, 378778894, 89889163, 284113304, 4159655882, 242267222, 2727511498, 414106944, 3263307540, 377568147, 3489705855, 2453885892, 879902126, 593043701, 22829516, 2452687018, 190559210, 3488825993, 2948875976, 107759916, 2732613286, 2244592166, 3967584156, 3086996454, 2396856039, 941340359, 2313028649, 4200236209, 1990052606, 4013614566, 1923876955, 2342604532, 684458608, 2545859244, 270917536, 1062680543, 2021481487, 2974766139, 1813076946, 3544885681, 31637319, 542859317, 420428078, 2426238923, 1448005567, 3818398802, 2200394917, 2411553521, 1390057934, 994547016, 685050954, 612689178, 3567288868, 2758402941, 193166071, 583756994, 237554296, 578190862, 3816593751, 1118669751, 2369427379, 1445068948, 1382126867, 3901737490, 3199059634, 1899131411, 1639008941, 1188671821, 2780513279, 1763535794, 3537976122, 2054417700, 3387185941, 3081453609, 2083834800, 1655274816, 3207186760, 636257004, 296987924, 1194212589, 168203544, 3004104878, 3198730428, 901801946, 4070967230, 1626554184, 1652285222, 361182992, 3169400372, 3858709561, 2979011879, 1236109487, 80432113, 4239603512, 3646591725, 1550599037, 3804296235, 2718622720, 183575226, 2009477438, 1955016350, 3806218743, 1173580774, 449525074, 797478941, 882941214, 4140280447, 4267305035, 3003863120, 2560770453, 1599177477, 2012426352, 542189025, 2605184554, 3304394039, 956807422, 3323283015, 952174420, 519894710, 2400000746, 3493152906, 842716130, 440110018, 2964784747, 1426396040, 528435981, 1627812844, 3066417029, 2277930058, 267584890, 3233623941, 1378937513, 1487289391, 2447224923, 417039709, 1458605277, 2820801450, 3706938000, 3901814208, 2604727071, 4197022169, 2834095866, 2029379985, 1993699983, 423459811, 4033517071, 614539, 2853457429, 2867127262, 1941006840, 3424930442, 2697867044, 1421702079, 2331121035, 3838929747, 2414369229, 889018180, 3623856665, 3762821701, 3512456889, 1110998729, 4288372630, 2269736037, 1578288850, 4145666145, 1770334516, 232491412, 294491492, 3715073647, 2708093336, 2010278468, 2091482147, 3559962907, 983724222, 3245448957, 3031894807, 367598852, 2503498026, 588204135, 1328742714, 42373247, 1774058745, 1541647789, 692643716, 341094757, 1840936653, 2525947466, 1127355801, 696122865, 1924593182, 2859696776, 2114870232, 3965484749, 3986217148, 1920792575, 2969640836, 2623667258, 2529472954, 382984484, 1308566697, 1807739517, 281673667, 671611564, 3618860022, 3318160004, 1215574158, 3424858634, 1963900185, 2378220022, 2843393869, 3778408645, 2050599416, 1159586605, 810248754, 3961057576, 1874324542, 420999920, 823355436, 3910103182, 1572266207, 3357254695, 1536563126, 3953332850, 1870210312, 3507782707, 1183082714, 569549204, 2411394466, 2277274404, 3804305080, 168532044, 554565094, 3700787590, 3075146880, 1985534734, 3037982583, 3840012897, 54415317, 3305410282, 3770870334, 2457529128, 1870295082, 967245030, 3421416488, 1368349821, 738670489, 2174913049, 2856919708, 1056735581, 3407908024, 1860064273, 805529631, 38662392, 641992189, 1523193093, 2196307761, 2455939870, 2210985015, 1847894073, 4195118548, 2522075645, 2052663876, 438068553, 899410943, 269519559, 560489850, 989379077, 2728634772, 941760927, 2673768219, 60353631, 528086803, 1485920993, 649103477, 4136360784, 3961898328, 4103179950, 3199945556, 1724587467, 2359618448, 3703217134, 3788408832, 2832566442, 1785053006, 610809292, 912829832, 1355846614, 2108349711, 1145965801, 2106220037, 403449728, 4087986895, 1538251984, 250989897, 1317691339, 3729862534, 4082251806, 1825190732, 402216259, 2292324588, 3234745450, 1734112248, 3095169215, 4183550892, 3659282431, 485612154, 2973414485, 469707930, 1973450101, 965959319, 1923198301, 2521890120, 3612564120, 40925236, 1734345535, 201948467, 3810981269, 4196265922, 1108628251, 1052792774, 3558407158, 2188020119, 715018496, 559019813, 559198460, 90329701, 153964908, 1797571572, 2887759650, 1315892596, 3475002116, 4139971731, 3857264897, 2339592271, 2528575660, 612155917, 142936594, 3371002451, 471982449, 3477453604, 1009057438, 971899284, 732110302, 625597520, 2440672983, 2681697194, 2648816298, 2557075477, 2795229931, 2795280828, 424), None)
Loaded weights: 48.33751870676927, -15.352798764934928, -0.4206006985128663, 0.0, 5.0
events: me found the exit, 
  ----
(3, (4062735432, 76898344, 141244236, 2574918776, 2516478748, 1636053263, 544114629, 2741674916, 793892945, 1242835704, 78710410, 1973966200, 2658022180, 2598077678, 2739447426, 994771715, 4022446861, 3157596189, 2913084851, 1215540706, 183343909, 3049744024, 3152844589, 958055510, 2162528147, 1620132273, 871443939, 1206654488, 2222119999, 263628844, 3061179980, 4263167254, 2875540176, 2289618206, 2091114280, 1890548363, 2161683136, 816839230, 915990276, 3231513073, 2833007516, 826340217, 2997253584, 2902104009, 431000255, 2956017555, 802319189, 3719642327, 3046116808, 2551300494, 1905264402, 557193275, 3155455048, 1103318816, 1191378411, 725756668, 940365858, 3714345057, 2018172809, 1457252880, 518404563, 3905568841, 3961542732, 289142659, 1153259045, 3711150785, 1679272778, 809388198, 2394729003, 691214510, 2151162780, 2429044302, 2158995668, 1515026539, 437904877, 107579000, 3210143886, 2207596635, 3056472375, 2406156843, 3787224128, 1296954400, 3168082794, 3597735354, 3002004008, 3543668786, 313468175, 2426269024, 2358685169, 670425827, 3139930481, 2018427125, 1698411132, 3407609180, 3127348349, 1560580290, 2128635940, 3687858190, 4178987408, 1833823557, 3836783347, 4159279312, 3095104020, 2759112167, 1328777332, 374514056, 4116298269, 3764374201, 2605880662, 2550267118, 2745668645, 3565034110, 368997883, 797955702, 1073025107, 345796656, 4241904101, 4252903035, 3617630794, 4167368029, 1243485745, 893280584, 4048049130, 1416993861, 292134696, 1229427272, 258058098, 2587085182, 1590988516, 320347252, 3685178933, 2630863345, 684348037, 581109444, 3523617032, 2342152645, 3683046753, 3224367062, 1973006656, 272440667, 2298313599, 3374884253, 1381560828, 3057555476, 2945224598, 3986085851, 3625031130, 2669678126, 3054676501, 1486230518, 2975651138, 1788787207, 1483932699, 3605166307, 407098956, 3457688780, 1735797974, 3538543911, 2667981232, 3596651314, 3448187045, 3055585278, 4021361973, 2102027436, 3931359716, 3530108337, 894635214, 96595941, 623098120, 988738708, 1469137453, 632910875, 703955083, 363256341, 2261143038, 1747382026, 4217419399, 3907512859, 2101778624, 2941461710, 3766560047, 904991970, 673113061, 3022313298, 3607254075, 1080310284, 1475227911, 3499580311, 897558386, 3664968838, 2525759726, 87413952, 1507827717, 121143649, 259022570, 4104971485, 393670896, 4226109080, 2900667488, 2258467125, 2841141415, 723066376, 2338373826, 1986139896, 1281583132, 2661463941, 2853300483, 885670570, 3858332525, 2954557326, 2344550658, 685189711, 462182380, 2039556219, 2214548746, 1209613390, 2300972763, 1780515544, 1332846322, 705940328, 1976574775, 1113162302, 2632724366, 2132395330, 3260111912, 3081600820, 2706023703, 740841115, 3579826811, 3706759642, 1402622384, 692458074, 1672891376, 1861401080, 3923736153, 280106637, 586484256, 2421314181, 3628050033, 3870709701, 3065867497, 3552093868, 3571793131, 1088400826, 4078856755, 4111720926, 1292987193, 636535526, 848977584, 784930615, 166486001, 1909107194, 2651014384, 2457366037, 1735437417, 2209396239, 2989027061, 677254272, 1842086617, 2464058708, 963516655, 2723963420, 111002382, 853947910, 3704320594, 3959230429, 3418059365, 2250556677, 537375565, 1728110541, 1760848800, 1516076813, 1980125159, 3843037196, 3606898256, 775254482, 2422627650, 1248305399, 1712210448, 2908565165, 227814784, 1715728993, 4178184170, 2298756930, 2487599491, 578011486, 3732916917, 508040501, 3788686364, 2844623289, 2949309976, 325023041, 2651164247, 1969718297, 1926932917, 4169329125, 1926033757, 1583225904, 1439510002, 491264543, 3194522348, 1633091730, 838136971, 1594383484, 2252728097, 3796373519, 2226411389, 2846792592, 3421429520, 434308530, 1474170744, 3303432129, 1670773813, 3411462771, 431549861, 2148610406, 3065244121, 1225285233, 1233310428, 3181423857, 365821179, 3540697242, 1084709478, 1787489793, 3381801603, 3544582274, 2792467492, 947496791, 3867944625, 3211783976, 3041888992, 3884282880, 3993818252, 1791770907, 2337196787, 728428288, 2890275303, 4243683196, 904893352, 3157155954, 2515254799, 3021996403, 1611843049, 3584478328, 2152190185, 1784297247, 985263510, 872707049, 74113000, 4007442254, 109305139, 430983586, 4091034849, 174255614, 2209630505, 25226938, 1241001881, 3807665642, 3971372629, 435666198, 677420364, 3430070802, 1617774342, 440822573, 1039244126, 4009010279, 778340039, 2102952662, 1041642748, 4197464886, 3879463444, 3941867211, 3598044996, 3797025429, 927439370, 3572178918, 1442023775, 1066413459, 1892611208, 4195901947, 818297881, 1103527524, 457290969, 2446744971, 3910171935, 371592095, 3687018535, 922033889, 3936574337, 1437798089, 556459782, 3844977343, 3589251268, 1565108363, 1557956116, 675183849, 3149776766, 1024707561, 3004064066, 427211133, 2546765064, 3307567067, 803171767, 1110872474, 418852752, 3357357576, 1052068924, 904157022, 2273436243, 1007673904, 3663554074, 2739547867, 2496460636, 3018997044, 2229351658, 3490572133, 2014377246, 52037056, 2751999768, 2161352863, 2335839924, 1510092549, 2373210145, 828691893, 2877446410, 1605543264, 451724079, 1110992337, 4125458993, 3508431712, 3298128683, 2773472737, 1862790150, 1376085688, 185068897, 1062567296, 3742602471, 691756525, 1544928981, 492933926, 1901585097, 876619490, 413933698, 4073667577, 3447491606, 4234244768, 2000876343, 3428867222, 2164963178, 3591938316, 1971710423, 182339780, 2419392425, 956390903, 2180913208, 1638315122, 3361004056, 3233331677, 2257820131, 1760639189, 2523071467, 1684617342, 703163778, 936168292, 4015357801, 1998137800, 2423929755, 1451993033, 3409455470, 2597700342, 196998503, 3094846113, 1256506197, 3787861720, 3030158808, 647603174, 84976332, 1796199091, 368095677, 3088244213, 1912045638, 1636879506, 1308973430, 1538958920, 1430438012, 3595191184, 2331719757, 258105467, 3582432259, 169228918, 711950864, 3897346581, 472829805, 1992167593, 3958361822, 366361204, 280776009, 3648428390, 958352224, 1727995693, 3805111005, 2502090690, 1599470222, 3580072292, 1524719108, 1212450515, 4143492333, 1991786503, 3854742789, 309480965, 1368631415, 3066529526, 1376957505, 2537733921, 1777675552, 4244748911, 2356860845, 1577449721, 2622774866, 131890052, 541267287, 3031194052, 3708989369, 2628479882, 3747027168, 1424741774, 2539825214, 168112305, 4180398037, 2026217732, 2279904952, 1751058402, 3746440933, 1452609372, 3565293234, 1609063787, 2586198162, 3336501956, 3562171772, 3890287080, 3657899705, 3701558709, 381073972, 1853304617, 3753645351, 4240625523, 938498068, 780669267, 2769822262, 988781873, 903302059, 603917497, 3574889802, 3358384595, 1218372439, 3001475812, 3395104911, 2809892870, 4239467204, 3328482663, 3440484163, 811695192, 2359783645, 2688551463, 1546459844, 1480097216, 576468489, 732307765, 2601031344, 431741414, 2747520478, 313772695, 1846229865, 1524550563, 1202342421, 2170301288, 2456896152, 4068832787, 1472767135, 1917703700, 1201503155, 543998796, 2218914094, 3919596008, 3923518286, 2267020057, 1489993996, 2195205132, 1400812628, 3371601171, 1732811980, 3321037324, 4053045124, 73988924, 2774890178, 1801002108, 1938845819, 4153520746, 1900906278, 3538118642, 3619709807, 558383515, 3017566556, 1919131869, 3724142341, 2603801815, 648641795, 2073934927, 2331029437, 520303056, 749230205, 1040727416, 830789133, 2245070696, 704781867, 4285715822, 1192747233, 2963180722, 2865105770, 2602532241, 2289428574, 2526666686, 2070949943, 3265917274, 183), None)
Loaded weights: 48.547515256452485, -14.896028518330926, -0.4206006985128663, 0.0, 5.0
events: me found the exit, 
  ----
(3, (4062735432, 76898344, 141244236, 2574918776, 2516478748, 1636053263, 544114629, 2741674916, 793892945, 1242835704, 78710410, 1973966200, 2658022180, 2598077678, 2739447426, 994771715, 4022446861, 3157596189, 2913084851, 1215540706, 183343909, 3049744024, 3152844589, 958055510, 2162528147, 1620132273, 871443939, 1206654488, 2222119999, 263628844, 3061179980, 4263167254, 2875540176, 2289618206, 2091114280, 1890548363, 2161683136, 816839230, 915990276, 3231513073, 2833007516, 826340217, 2997253584, 2902104009, 431000255, 2956017555, 802319189, 3719642327, 3046116808, 2551300494, 1905264402, 557193275, 3155455048, 1103318816, 1191378411, 725756668, 940365858, 3714345057, 2018172809, 1457252880, 518404563, 3905568841, 3961542732, 289142659, 1153259045, 3711150785, 1679272778, 809388198, 2394729003, 691214510, 2151162780, 2429044302, 2158995668, 1515026539, 437904877, 107579000, 3210143886, 2207596635, 3056472375, 2406156843, 3787224128, 1296954400, 3168082794, 3597735354, 3002004008, 3543668786, 313468175, 2426269024, 2358685169, 670425827, 3139930481, 2018427125, 1698411132, 3407609180, 3127348349, 1560580290, 2128635940, 3687858190, 4178987408, 1833823557, 3836783347, 4159279312, 3095104020, 2759112167, 1328777332, 374514056, 4116298269, 3764374201, 2605880662, 2550267118, 2745668645, 3565034110, 368997883, 797955702, 1073025107, 345796656, 4241904101, 4252903035, 3617630794, 4167368029, 1243485745, 893280584, 4048049130, 1416993861, 292134696, 1229427272, 258058098, 2587085182, 1590988516, 320347252, 3685178933, 2630863345, 684348037, 581109444, 3523617032, 2342152645, 3683046753, 3224367062, 1973006656, 272440667, 2298313599, 3374884253, 1381560828, 3057555476, 2945224598, 3986085851, 3625031130, 2669678126, 3054676501, 1486230518, 2975651138, 1788787207, 1483932699, 3605166307, 407098956, 3457688780, 1735797974, 3538543911, 2667981232, 3596651314, 3448187045, 3055585278, 4021361973, 2102027436, 3931359716, 3530108337, 894635214, 96595941, 623098120, 988738708, 1469137453, 632910875, 703955083, 363256341, 2261143038, 1747382026, 4217419399, 3907512859, 2101778624, 2941461710, 3766560047, 904991970, 673113061, 3022313298, 3607254075, 1080310284, 1475227911, 3499580311, 897558386, 3664968838, 2525759726, 87413952, 1507827717, 121143649, 259022570, 4104971485, 393670896, 4226109080, 2900667488, 2258467125, 2841141415, 723066376, 2338373826, 1986139896, 1281583132, 2661463941, 2853300483, 885670570, 3858332525, 2954557326, 2344550658, 685189711, 462182380, 2039556219, 2214548746, 1209613390, 2300972763, 1780515544, 1332846322, 705940328, 1976574775, 1113162302, 2632724366, 2132395330, 3260111912, 3081600820, 2706023703, 740841115, 3579826811, 3706759642, 1402622384, 692458074, 1672891376, 1861401080, 3923736153, 280106637, 586484256, 2421314181, 3628050033, 3870709701, 3065867497, 3552093868, 3571793131, 1088400826, 4078856755, 4111720926, 1292987193, 636535526, 848977584, 784930615, 166486001, 1909107194, 2651014384, 2457366037, 1735437417, 2209396239, 2989027061, 677254272, 1842086617, 2464058708, 963516655, 2723963420, 111002382, 853947910, 3704320594, 3959230429, 3418059365, 2250556677, 537375565, 1728110541, 1760848800, 1516076813, 1980125159, 3843037196, 3606898256, 775254482, 2422627650, 1248305399, 1712210448, 2908565165, 227814784, 1715728993, 4178184170, 2298756930, 2487599491, 578011486, 3732916917, 508040501, 3788686364, 2844623289, 2949309976, 325023041, 2651164247, 1969718297, 1926932917, 4169329125, 1926033757, 1583225904, 1439510002, 491264543, 3194522348, 1633091730, 838136971, 1594383484, 2252728097, 3796373519, 2226411389, 2846792592, 3421429520, 434308530, 1474170744, 3303432129, 1670773813, 3411462771, 431549861, 2148610406, 3065244121, 1225285233, 1233310428, 3181423857, 365821179, 3540697242, 1084709478, 1787489793, 3381801603, 3544582274, 2792467492, 947496791, 3867944625, 3211783976, 3041888992, 3884282880, 3993818252, 1791770907, 2337196787, 728428288, 2890275303, 4243683196, 904893352, 3157155954, 2515254799, 3021996403, 1611843049, 3584478328, 2152190185, 1784297247, 985263510, 872707049, 74113000, 4007442254, 109305139, 430983586, 4091034849, 174255614, 2209630505, 25226938, 1241001881, 3807665642, 3971372629, 435666198, 677420364, 3430070802, 1617774342, 440822573, 1039244126, 4009010279, 778340039, 2102952662, 1041642748, 4197464886, 3879463444, 3941867211, 3598044996, 3797025429, 927439370, 3572178918, 1442023775, 1066413459, 1892611208, 4195901947, 818297881, 1103527524, 457290969, 2446744971, 3910171935, 371592095, 3687018535, 922033889, 3936574337, 1437798089, 556459782, 3844977343, 3589251268, 1565108363, 1557956116, 675183849, 3149776766, 1024707561, 3004064066, 427211133, 2546765064, 3307567067, 803171767, 1110872474, 418852752, 3357357576, 1052068924, 904157022, 2273436243, 1007673904, 3663554074, 2739547867, 2496460636, 3018997044, 2229351658, 3490572133, 2014377246, 52037056, 2751999768, 2161352863, 2335839924, 1510092549, 2373210145, 828691893, 2877446410, 1605543264, 451724079, 1110992337, 4125458993, 3508431712, 3298128683, 2773472737, 1862790150, 1376085688, 185068897, 1062567296, 3742602471, 691756525, 1544928981, 492933926, 1901585097, 876619490, 413933698, 4073667577, 3447491606, 4234244768, 2000876343, 3428867222, 2164963178, 3591938316, 1971710423, 182339780, 2419392425, 956390903, 2180913208, 1638315122, 3361004056, 3233331677, 2257820131, 1760639189, 2523071467, 1684617342, 703163778, 936168292, 4015357801, 1998137800, 2423929755, 1451993033, 3409455470, 2597700342, 196998503, 3094846113, 1256506197, 3787861720, 3030158808, 647603174, 84976332, 1796199091, 368095677, 3088244213, 1912045638, 1636879506, 1308973430, 1538958920, 1430438012, 3595191184, 2331719757, 258105467, 3582432259, 169228918, 711950864, 3897346581, 472829805, 1992167593, 3958361822, 366361204, 280776009, 3648428390, 958352224, 1727995693, 3805111005, 2502090690, 1599470222, 3580072292, 1524719108, 1212450515, 4143492333, 1991786503, 3854742789, 309480965, 1368631415, 3066529526, 1376957505, 2537733921, 1777675552, 4244748911, 2356860845, 1577449721, 2622774866, 131890052, 541267287, 3031194052, 3708989369, 2628479882, 3747027168, 1424741774, 2539825214, 168112305, 4180398037, 2026217732, 2279904952, 1751058402, 3746440933, 1452609372, 3565293234, 1609063787, 2586198162, 3336501956, 3562171772, 3890287080, 3657899705, 3701558709, 381073972, 1853304617, 3753645351, 4240625523, 938498068, 780669267, 2769822262, 988781873, 903302059, 603917497, 3574889802, 3358384595, 1218372439, 3001475812, 3395104911, 2809892870, 4239467204, 3328482663, 3440484163, 811695192, 2359783645, 2688551463, 1546459844, 1480097216, 576468489, 732307765, 2601031344, 431741414, 2747520478, 313772695, 1846229865, 1524550563, 1202342421, 2170301288, 2456896152, 4068832787, 1472767135, 1917703700, 1201503155, 543998796, 2218914094, 3919596008, 3923518286, 2267020057, 1489993996, 2195205132, 1400812628, 3371601171, 1732811980, 3321037324, 4053045124, 73988924, 2774890178, 1801002108, 1938845819, 4153520746, 1900906278, 3538118642, 3619709807, 558383515, 3017566556, 1919131869, 3724142341, 2603801815, 648641795, 2073934927, 2331029437, 520303056, 749230205, 1040727416, 830789133, 2245070696, 704781867, 4285715822, 1192747233, 2963180722, 2865105770, 2602532241, 2289428574, 2526666686, 2070949943, 3265917274, 514), None)
Loaded weights: 53.996463237725685, -12.342494925515641, -0.4206006985128663, 0.0, 5.0
