Starting iterations: 50
(3, (3149028712, 2110560127, 2561881012, 2255165535, 2402561689, 1124947926, 4271477024, 865164674, 2980090656, 3094374309, 2908147985, 3958130139, 1977797884, 1524786055, 333342893, 3925698657, 1064039984, 1877717914, 3199227651, 3258507901, 2207485167, 4232085442, 3629833057, 1048490020, 3560039137, 2991980589, 406979081, 2264637091, 605571659, 3159235316, 2580349123, 2431016142, 2284595435, 2873611281, 3992909920, 2774476454, 1274109715, 1563399503, 654273679, 4112878628, 242468487, 3860350983, 1395994761, 1742974481, 214511171, 1845430012, 2640134614, 468330788, 659727751, 2737816824, 172712025, 3295955129, 998441313, 1622197088, 3520354465, 4150161932, 3545631209, 2389664624, 89337650, 722723638, 3416980947, 3818440448, 3028626554, 558402663, 903320980, 3587089069, 232480572, 3755788884, 3137399842, 717532988, 2636445904, 4177079777, 2745630189, 3270357666, 2465056527, 1192174148, 1097578448, 2139753204, 2479897479, 4149765810, 2041315307, 2713177439, 4075820779, 1638934070, 3567008617, 2594527649, 3944952677, 2414840896, 2735980785, 3241439695, 3179752463, 520226554, 2714293199, 1158879632, 1933446767, 312556812, 3128074452, 2066627557, 1712585661, 2099634762, 644631770, 1905703015, 2521510476, 1774590842, 1848569138, 146370179, 248843785, 2446456445, 3997781227, 1281356668, 1531561321, 1808254242, 4275295621, 615742716, 3089004479, 1585405181, 2811098868, 2289385937, 3210973963, 1498537730, 1082908106, 1719076834, 3675516723, 2673275130, 688363530, 3323368063, 1965120881, 932504050, 3810571086, 1608989424, 54051847, 1766595744, 2480826636, 366100084, 463951347, 2688022175, 2708972376, 3393397866, 2335000925, 135253272, 1124163895, 1992682870, 1148565472, 2342735843, 593700303, 3603057650, 1352881908, 913824534, 3227891067, 867247116, 3572652886, 1922020144, 1230244185, 375892100, 2054024497, 1095425697, 3883611977, 3480307237, 35342867, 353196487, 2966530326, 142868001, 3629269249, 1172448391, 585707847, 766668699, 2083107122, 405509689, 1269359706, 835475264, 1517215378, 3545742723, 1168633138, 261640270, 3881460046, 2595486609, 3719636515, 1307729895, 321383675, 1223479916, 3224908346, 3423121419, 2478864157, 1024162316, 1515705443, 1814579696, 629039810, 2901203313, 3331521345, 1451637121, 2949329787, 3819646314, 2115890670, 3105967802, 1201099728, 3595356153, 3781927897, 471957375, 884592397, 975517207, 128071467, 1257978799, 3829643506, 3758361531, 2114285910, 1283024784, 1528616365, 331237101, 178210392, 3165450893, 2623074700, 2907523117, 2008181924, 2967430134, 2908352835, 3961843677, 1632036338, 1781646700, 602622134, 1744335018, 481383034, 304712462, 1855153229, 2966061836, 3194772501, 3767632427, 1301992584, 1189888223, 2741433421, 1774471217, 3178899852, 1145988914, 4023462950, 2089197626, 2417092010, 2600239131, 394250176, 3514783317, 260822024, 1163170572, 1361731107, 384653883, 441456718, 3438366409, 3319217038, 3329414542, 3958472007, 2529805039, 3424231858, 966735643, 817378324, 1608841846, 30874516, 3673554521, 3116904734, 2248036498, 1555638839, 1861457670, 3744087243, 3560542772, 1269011913, 3776220328, 1550664070, 3366877005, 1989259670, 2448727010, 3879667405, 3076093548, 1809851927, 3423313368, 2181842727, 849624460, 557143083, 4139508775, 1607342764, 536579985, 3231149244, 3444034785, 1844553058, 937027931, 3880617789, 1330569260, 1278287251, 2576547495, 3015825168, 1101432394, 11682890, 3500727522, 1804873541, 3798578434, 4274049910, 865896738, 2781249565, 3332669654, 3400709533, 2264799620, 1509886751, 3191013444, 4269627075, 1126331074, 2226675635, 163146048, 1630331851, 2149499614, 3325840189, 3277868315, 4020601405, 2560928136, 1826268913, 3375381970, 900849230, 1803272828, 1609980594, 1157289497, 1217050824, 1446985785, 570264112, 2655368461, 667241204, 1446141153, 1505676790, 982219030, 210361869, 971841382, 213853372, 1662457491, 1493531441, 119038720, 1001621947, 1331300502, 1198070916, 529589951, 1888451032, 1609536884, 3868676741, 2435969356, 2176107254, 152911551, 428510102, 2957179198, 242108339, 3071874424, 3104486945, 766729811, 3181123577, 1886816671, 501712566, 970206562, 1140515838, 2507745853, 1719175396, 3847546092, 3430581200, 2306043773, 2319014722, 3097148359, 3339614060, 3403244568, 2699177609, 3063037384, 2635330865, 133715573, 705625025, 1809547425, 256088273, 1591189512, 3031480913, 3279622691, 730850771, 1759801348, 3520082733, 2970453234, 3460568082, 2395162112, 3405228537, 3222249146, 2943446635, 1134733454, 1123839678, 414720161, 4242874780, 2162598098, 868206823, 3453200441, 845165269, 4239562992, 3162357711, 1473311675, 2573998413, 2241410620, 1362913611, 3306588985, 3301723604, 869910500, 797488051, 2499775452, 405857118, 2974499540, 1768410248, 3250984464, 524709271, 2050943518, 592358131, 3172028105, 2365484436, 2162467784, 2115083928, 3245091917, 3066744532, 4128523769, 41950151, 2756693136, 4112445735, 3832133309, 2635638216, 656487917, 2633608233, 1067898165, 1833655559, 1845082666, 3746556967, 2394750978, 1195296731, 1747099404, 278116627, 3968236998, 2044328022, 89088469, 498711185, 3513636872, 2455193339, 1975889249, 879965517, 2943973932, 3139257585, 3316967975, 2784230217, 3214133230, 3653848386, 2541989477, 1504520126, 2607774176, 622170088, 780498500, 1478493524, 4033070929, 1846600670, 2450700079, 2093916866, 2778340564, 3836750834, 2158808762, 474766533, 847518502, 87868424, 3447446116, 1069090665, 311463957, 3973306542, 3264124738, 3404260413, 564563802, 1976264355, 1042660145, 117555099, 729945320, 4040800217, 1772077532, 2524527746, 3906907448, 3618121557, 3332284595, 1707523011, 2788160635, 2451892036, 2797231891, 1510396416, 3555073314, 2658900064, 1646808750, 531942578, 2029306750, 1376876801, 822593226, 607342456, 3125035881, 3069794836, 1377646424, 3587567420, 542247623, 1184212713, 4264641258, 2605731001, 3829481810, 2367754151, 419673447, 2713378213, 1696181230, 2731942795, 1974698669, 1092942279, 1808704434, 791192593, 2247359285, 1017758173, 1470806532, 4161911907, 469040501, 1821518464, 4217310975, 1455108219, 2801242504, 3731497208, 532491612, 2637815411, 1868476547, 452331502, 1157125719, 570319780, 2104408297, 3655939870, 396027409, 1246214943, 1054941688, 3005104947, 455879891, 443971019, 4177675890, 3047941029, 2766442550, 951566912, 648235677, 2139466162, 415191443, 910134350, 856871519, 1374206016, 4078890703, 1894744744, 3368515317, 1142926428, 668869734, 4291652649, 2285547305, 1008438700, 1342265728, 3555958123, 2411908397, 738055945, 1309610713, 4235501127, 3372971857, 2479686703, 968463615, 503375429, 2733947529, 3534960276, 3259252539, 2112938775, 1300021964, 3671941928, 3692652301, 811963240, 2165802495, 3842368915, 3862323833, 1280078887, 569039008, 3005894388, 2790874815, 2707773489, 3555032680, 3209889681, 1514935188, 2157344928, 61148360, 101056934, 3533542974, 1800004046, 2930760805, 586734566, 766879353, 498735590, 3133118891, 3813749953, 2404956415, 933147563, 3508795216, 2215269942, 3427176276, 3230561273, 3961240405, 3283159829, 1150699069, 289190986, 1191875382, 2677334792, 2971719759, 2461288802, 2164754290, 626117901, 1530320690, 3620828188, 1407207927, 902356176, 3424541212, 1348967873, 528157627, 3901050183, 1408456402, 1165315656, 4071433629, 3623706077, 258580868, 2642777274, 3666597059, 1007558744, 1956619427, 1417206512, 20743794, 283796902, 132892947, 847016419, 1172950506, 1), None)
events: me found the exit, 
  ----
(3, (3149028712, 2110560127, 2561881012, 2255165535, 2402561689, 1124947926, 4271477024, 865164674, 2980090656, 3094374309, 2908147985, 3958130139, 1977797884, 1524786055, 333342893, 3925698657, 1064039984, 1877717914, 3199227651, 3258507901, 2207485167, 4232085442, 3629833057, 1048490020, 3560039137, 2991980589, 406979081, 2264637091, 605571659, 3159235316, 2580349123, 2431016142, 2284595435, 2873611281, 3992909920, 2774476454, 1274109715, 1563399503, 654273679, 4112878628, 242468487, 3860350983, 1395994761, 1742974481, 214511171, 1845430012, 2640134614, 468330788, 659727751, 2737816824, 172712025, 3295955129, 998441313, 1622197088, 3520354465, 4150161932, 3545631209, 2389664624, 89337650, 722723638, 3416980947, 3818440448, 3028626554, 558402663, 903320980, 3587089069, 232480572, 3755788884, 3137399842, 717532988, 2636445904, 4177079777, 2745630189, 3270357666, 2465056527, 1192174148, 1097578448, 2139753204, 2479897479, 4149765810, 2041315307, 2713177439, 4075820779, 1638934070, 3567008617, 2594527649, 3944952677, 2414840896, 2735980785, 3241439695, 3179752463, 520226554, 2714293199, 1158879632, 1933446767, 312556812, 3128074452, 2066627557, 1712585661, 2099634762, 644631770, 1905703015, 2521510476, 1774590842, 1848569138, 146370179, 248843785, 2446456445, 3997781227, 1281356668, 1531561321, 1808254242, 4275295621, 615742716, 3089004479, 1585405181, 2811098868, 2289385937, 3210973963, 1498537730, 1082908106, 1719076834, 3675516723, 2673275130, 688363530, 3323368063, 1965120881, 932504050, 3810571086, 1608989424, 54051847, 1766595744, 2480826636, 366100084, 463951347, 2688022175, 2708972376, 3393397866, 2335000925, 135253272, 1124163895, 1992682870, 1148565472, 2342735843, 593700303, 3603057650, 1352881908, 913824534, 3227891067, 867247116, 3572652886, 1922020144, 1230244185, 375892100, 2054024497, 1095425697, 3883611977, 3480307237, 35342867, 353196487, 2966530326, 142868001, 3629269249, 1172448391, 585707847, 766668699, 2083107122, 405509689, 1269359706, 835475264, 1517215378, 3545742723, 1168633138, 261640270, 3881460046, 2595486609, 3719636515, 1307729895, 321383675, 1223479916, 3224908346, 3423121419, 2478864157, 1024162316, 1515705443, 1814579696, 629039810, 2901203313, 3331521345, 1451637121, 2949329787, 3819646314, 2115890670, 3105967802, 1201099728, 3595356153, 3781927897, 471957375, 884592397, 975517207, 128071467, 1257978799, 3829643506, 3758361531, 2114285910, 1283024784, 1528616365, 331237101, 178210392, 3165450893, 2623074700, 2907523117, 2008181924, 2967430134, 2908352835, 3961843677, 1632036338, 1781646700, 602622134, 1744335018, 481383034, 304712462, 1855153229, 2966061836, 3194772501, 3767632427, 1301992584, 1189888223, 2741433421, 1774471217, 3178899852, 1145988914, 4023462950, 2089197626, 2417092010, 2600239131, 394250176, 3514783317, 260822024, 1163170572, 1361731107, 384653883, 441456718, 3438366409, 3319217038, 3329414542, 3958472007, 2529805039, 3424231858, 966735643, 817378324, 1608841846, 30874516, 3673554521, 3116904734, 2248036498, 1555638839, 1861457670, 3744087243, 3560542772, 1269011913, 3776220328, 1550664070, 3366877005, 1989259670, 2448727010, 3879667405, 3076093548, 1809851927, 3423313368, 2181842727, 849624460, 557143083, 4139508775, 1607342764, 536579985, 3231149244, 3444034785, 1844553058, 937027931, 3880617789, 1330569260, 1278287251, 2576547495, 3015825168, 1101432394, 11682890, 3500727522, 1804873541, 3798578434, 4274049910, 865896738, 2781249565, 3332669654, 3400709533, 2264799620, 1509886751, 3191013444, 4269627075, 1126331074, 2226675635, 163146048, 1630331851, 2149499614, 3325840189, 3277868315, 4020601405, 2560928136, 1826268913, 3375381970, 900849230, 1803272828, 1609980594, 1157289497, 1217050824, 1446985785, 570264112, 2655368461, 667241204, 1446141153, 1505676790, 982219030, 210361869, 971841382, 213853372, 1662457491, 1493531441, 119038720, 1001621947, 1331300502, 1198070916, 529589951, 1888451032, 1609536884, 3868676741, 2435969356, 2176107254, 152911551, 428510102, 2957179198, 242108339, 3071874424, 3104486945, 766729811, 3181123577, 1886816671, 501712566, 970206562, 1140515838, 2507745853, 1719175396, 3847546092, 3430581200, 2306043773, 2319014722, 3097148359, 3339614060, 3403244568, 2699177609, 3063037384, 2635330865, 133715573, 705625025, 1809547425, 256088273, 1591189512, 3031480913, 3279622691, 730850771, 1759801348, 3520082733, 2970453234, 3460568082, 2395162112, 3405228537, 3222249146, 2943446635, 1134733454, 1123839678, 414720161, 4242874780, 2162598098, 868206823, 3453200441, 845165269, 4239562992, 3162357711, 1473311675, 2573998413, 2241410620, 1362913611, 3306588985, 3301723604, 869910500, 797488051, 2499775452, 405857118, 2974499540, 1768410248, 3250984464, 524709271, 2050943518, 592358131, 3172028105, 2365484436, 2162467784, 2115083928, 3245091917, 3066744532, 4128523769, 41950151, 2756693136, 4112445735, 3832133309, 2635638216, 656487917, 2633608233, 1067898165, 1833655559, 1845082666, 3746556967, 2394750978, 1195296731, 1747099404, 278116627, 3968236998, 2044328022, 89088469, 498711185, 3513636872, 2455193339, 1975889249, 879965517, 2943973932, 3139257585, 3316967975, 2784230217, 3214133230, 3653848386, 2541989477, 1504520126, 2607774176, 622170088, 780498500, 1478493524, 4033070929, 1846600670, 2450700079, 2093916866, 2778340564, 3836750834, 2158808762, 474766533, 847518502, 87868424, 3447446116, 1069090665, 311463957, 3973306542, 3264124738, 3404260413, 564563802, 1976264355, 1042660145, 117555099, 729945320, 4040800217, 1772077532, 2524527746, 3906907448, 3618121557, 3332284595, 1707523011, 2788160635, 2451892036, 2797231891, 1510396416, 3555073314, 2658900064, 1646808750, 531942578, 2029306750, 1376876801, 822593226, 607342456, 3125035881, 3069794836, 1377646424, 3587567420, 542247623, 1184212713, 4264641258, 2605731001, 3829481810, 2367754151, 419673447, 2713378213, 1696181230, 2731942795, 1974698669, 1092942279, 1808704434, 791192593, 2247359285, 1017758173, 1470806532, 4161911907, 469040501, 1821518464, 4217310975, 1455108219, 2801242504, 3731497208, 532491612, 2637815411, 1868476547, 452331502, 1157125719, 570319780, 2104408297, 3655939870, 396027409, 1246214943, 1054941688, 3005104947, 455879891, 443971019, 4177675890, 3047941029, 2766442550, 951566912, 648235677, 2139466162, 415191443, 910134350, 856871519, 1374206016, 4078890703, 1894744744, 3368515317, 1142926428, 668869734, 4291652649, 2285547305, 1008438700, 1342265728, 3555958123, 2411908397, 738055945, 1309610713, 4235501127, 3372971857, 2479686703, 968463615, 503375429, 2733947529, 3534960276, 3259252539, 2112938775, 1300021964, 3671941928, 3692652301, 811963240, 2165802495, 3842368915, 3862323833, 1280078887, 569039008, 3005894388, 2790874815, 2707773489, 3555032680, 3209889681, 1514935188, 2157344928, 61148360, 101056934, 3533542974, 1800004046, 2930760805, 586734566, 766879353, 498735590, 3133118891, 3813749953, 2404956415, 933147563, 3508795216, 2215269942, 3427176276, 3230561273, 3961240405, 3283159829, 1150699069, 289190986, 1191875382, 2677334792, 2971719759, 2461288802, 2164754290, 626117901, 1530320690, 3620828188, 1407207927, 902356176, 3424541212, 1348967873, 528157627, 3901050183, 1408456402, 1165315656, 4071433629, 3623706077, 258580868, 2642777274, 3666597059, 1007558744, 1956619427, 1417206512, 20743794, 283796902, 132892947, 847016419, 1172950506, 311), None)
Loaded weights: 8.31915493620364, -2.8223988648728175, -0.7197521379903421, 0.0, 0.0
events: me found the exit, 
  ----
(3, (1453701556, 1698583890, 469445344, 3251948036, 465060341, 469918307, 3839483912, 2486051844, 1171529925, 2981250767, 764591743, 3426461866, 1114490085, 2456264526, 163170431, 2863335999, 3550244720, 457719446, 3744855052, 1144576641, 1099360980, 2557378664, 851894840, 1818209672, 1319022795, 2451011072, 4065845378, 3684117737, 4070666428, 2889337064, 1295798194, 3232177723, 499548895, 3836230347, 661274162, 3364039195, 417726548, 829047401, 4280691765, 2076354773, 362238770, 693855705, 1031457202, 3334537280, 2911959710, 733687555, 1668309718, 3531728712, 3790873901, 2990400301, 689972140, 3087504045, 2512551268, 1431484285, 4211341244, 3975145710, 1974708894, 1200968593, 3639749631, 2204420447, 1667036053, 3062976147, 186802606, 3489869559, 2454286035, 858179901, 298573339, 1518455178, 2128626550, 4266380209, 2364270579, 1587737259, 2309518441, 131494925, 2769891729, 1165189163, 2582311169, 46418520, 3709234250, 3218840874, 1513442130, 2114659274, 317742517, 2901565913, 2897141617, 3196604524, 1995440362, 3971096543, 1138150225, 1899134156, 496776229, 1547253252, 1121682959, 3858895105, 4150385772, 2255035603, 14609535, 656425638, 663831618, 2995583944, 3302639362, 2851322541, 22056720, 1983090526, 4137329708, 2974454730, 336834772, 3531986807, 830817210, 1287515656, 773267428, 3404951709, 2835787905, 3552361339, 1354796841, 3450657666, 3264167275, 1535158057, 66477826, 984869131, 2009322918, 2508137698, 851820692, 2372598555, 2912493553, 2850006392, 623595777, 2190350996, 1960817067, 2195891991, 3450095650, 3158628131, 3993865996, 2892814438, 2947547405, 792623134, 2107556774, 3936458815, 1997878483, 3915429892, 3363575924, 1389713752, 1411277275, 2359725668, 213844383, 2543634259, 2466333346, 2233591758, 165268358, 4186616000, 4135916725, 2522833786, 1161610907, 1481299968, 1889970398, 964177748, 3339290418, 3322278803, 830121653, 3403407903, 520974580, 3369169736, 3062194256, 1386302292, 1405673503, 242306033, 336264764, 3234961342, 4275063257, 1635457902, 2437527230, 3522803821, 2710927000, 2462607510, 129250175, 1216423007, 2780662968, 269303298, 668165630, 639244475, 764509924, 3147917983, 4029309283, 2530967816, 463569537, 251996295, 901858764, 420542910, 2098402528, 3111361225, 2700501477, 4211384513, 3503695881, 2739264017, 1580558454, 705456678, 2475575645, 2456347411, 3272653026, 88950850, 223737159, 2694157595, 1745695344, 1515419046, 2097833210, 1666690581, 3275217502, 814186492, 1262523269, 508290311, 3503628146, 2472311573, 1268573993, 2328954422, 498590380, 2807967524, 980501298, 2356162785, 3916950678, 844532069, 2106286372, 4198094857, 425314292, 3604282227, 4004231385, 1420893095, 4288109914, 3726537549, 2295644565, 88489510, 2750675357, 743495654, 1648439934, 3973124829, 1079563478, 241943333, 351546, 1784108155, 4002537772, 4092615467, 1671820, 76661848, 366681476, 2977428151, 2020693073, 868612720, 2522123049, 663370253, 1571400506, 714799154, 1135464627, 1316306177, 644168179, 2931030029, 2573730976, 99964280, 2605581163, 4221690120, 2864437025, 3776968932, 3559029919, 1230806769, 1977393506, 1672403103, 965742488, 363929484, 544084963, 4184862950, 257862453, 3849607934, 2677218950, 604168276, 2314104271, 211251072, 1148489823, 3250557811, 1301722498, 1608053021, 988010207, 1064046117, 854968171, 1142147498, 2033067874, 743653654, 658903220, 3635087834, 2872092462, 2409518312, 2275775506, 1950484501, 2311940710, 430087682, 1349814614, 3986306058, 436127048, 2333570598, 3780266899, 1792932941, 1060359114, 318565231, 1124778157, 210235563, 1165754692, 1677485120, 4202486794, 869014923, 4085893614, 3041962229, 1519598883, 1210626706, 2572124391, 2203447848, 100502463, 1387617422, 1587875612, 1395134025, 3877115541, 1316917599, 3995642027, 1845813492, 4215778698, 1747813301, 2594149216, 109149729, 2409855280, 2451261701, 2969619016, 1074475776, 2388573926, 585367890, 3774041310, 3470596288, 2663209328, 3192957257, 2585604049, 1902060225, 2436612488, 584210991, 3536980994, 2000233351, 3358601671, 2504877286, 41796724, 1162446408, 3132314425, 218471513, 643432378, 1446945881, 113967395, 1106871526, 3217066349, 3416546841, 1953407513, 1614281888, 1204549544, 391678493, 3884848411, 81653689, 3876440519, 965526859, 1989690243, 599772210, 2212169873, 3812081425, 3318368315, 4098218276, 299205066, 78862914, 1722245466, 3858679954, 3558886429, 1805454230, 3506267219, 1869751937, 3844483219, 3345599596, 2556159111, 3623560170, 51102709, 2068731477, 406423657, 2960260210, 2258193303, 120663687, 4166828011, 4132227469, 943401757, 2327039117, 2317215830, 1192485930, 3911368215, 833537781, 1469949955, 2596673338, 3400421968, 2999466102, 2044639748, 3858387194, 4045058917, 2000613516, 2950110617, 2400966361, 3472962532, 3821189746, 1350528998, 1490791090, 2678373954, 1995708814, 1503918268, 677567583, 2231134016, 4163259085, 3828957958, 2068649768, 3548959639, 3932647979, 2141733004, 257654713, 3455614420, 1719234245, 3826997776, 2762128196, 505226656, 47129867, 2754338288, 3220980937, 2665629815, 2592184528, 2284026143, 3090031058, 3115914185, 4265299587, 1961562883, 129091833, 3411393072, 2159140606, 1099040496, 3157375443, 1100291320, 659191030, 2271656646, 1329407320, 2954662918, 375472536, 759784342, 2659163513, 2723635757, 65810501, 3908359779, 1795281421, 2525142062, 965027428, 1307776564, 4245241694, 4171472511, 1308685054, 2500249331, 2509903306, 1293392967, 2654859455, 3154269552, 3820345176, 2289151586, 2592944680, 2140560911, 1341491743, 2269100997, 186981581, 1895731908, 3876044529, 1261441585, 2476390767, 3118117010, 3745970315, 3990857051, 816497210, 57276067, 210771075, 1063328342, 700407722, 2462685618, 694683903, 494319133, 2304222423, 2139844707, 4056381995, 2282840904, 4274555649, 2155686733, 3483288265, 1555462634, 3979385115, 1737604901, 4294321391, 753310346, 2257286456, 2549649161, 401653660, 3352531421, 812950003, 963657305, 3404231304, 1515118134, 2328552883, 1947053087, 2682501169, 3953049664, 79483435, 3769957898, 2340097920, 1059621330, 1215496392, 2541068148, 1017444552, 1631173750, 2329843685, 3476460513, 2570214324, 3189600937, 2088768217, 1063253981, 2782242840, 2489837274, 1641405141, 3192085243, 2868920816, 779995222, 2161607072, 1593161904, 422043748, 3919933905, 3317565651, 2795177373, 3902148553, 902918405, 1919377667, 3903812906, 3778560435, 1044314509, 1743936913, 1096437437, 4165667287, 2386422018, 3105214531, 1719549343, 1591334593, 2968336061, 934409937, 3592600070, 1034775708, 4211897686, 1598901240, 1473196965, 654838197, 3363430043, 3876005292, 3670978064, 117673354, 3898833318, 3017009380, 1230285328, 3257919077, 3906752737, 2058453918, 3368147916, 771524302, 1741443031, 3517257405, 1600748390, 3418871987, 750467452, 2081579054, 1612944787, 638764010, 401351229, 96993776, 1756844025, 3395582346, 1174077684, 621989866, 4024803139, 1226242907, 2467296791, 254689188, 3665363737, 634003661, 287129315, 882731160, 1167887256, 2056552882, 204657252, 1025146222, 252070629, 424401903, 657855449, 1768755422, 610669674, 2642045100, 723437615, 459092490, 1122585880, 3469644445, 932272200, 2193591023, 4059303652, 4063280586, 3992675159, 3044253205, 3649591067, 2753817779, 2809072790, 178954714, 2985826639, 922345792, 2130613811, 3558537338, 3830744740, 3273577327, 825263564, 1609079504, 3883884, 1251531390, 2419908227, 1384933086, 57), None)
Loaded weights: 5.846054785368423, -3.955683147227581, -0.7197521379903421, 0.0, 0.0
events: 
  ----
(3, (8258800, 2363606694, 1786243880, 1304585024, 3696419894, 2261514372, 964087036, 2717107069, 2488869936, 3125979934, 345756640, 1643739101, 1410842550, 3594998773, 2748222500, 3430085778, 3906045329, 4168187254, 2228959958, 1128144635, 1988756371, 939917834, 2502468042, 2162757717, 1637731630, 3363173627, 3371256393, 3830256713, 32055763, 3446590239, 3575387360, 1323611861, 169259081, 116222077, 1349050041, 904363087, 3952346977, 677065741, 138619802, 3078714554, 3826123664, 3287212358, 1883545429, 3289834923, 868115867, 357371325, 2648079365, 3460894333, 4000526753, 1091677868, 941213379, 3710396627, 1055182351, 124295006, 1968575855, 3696620704, 1988779356, 2683117385, 3971624492, 4236115177, 2923256390, 3932246853, 2001068906, 3596275469, 1763589889, 3862425807, 1154986945, 1753295030, 436360183, 451515324, 3022631182, 746349776, 2959041560, 555668080, 3554616799, 3390869251, 3221024920, 2815548419, 3611940667, 1097002982, 2287694520, 1541125403, 2851806564, 2744913029, 2400901936, 3263197468, 4001232549, 1126169158, 1647499993, 4025581691, 2657852934, 2562623401, 1525752697, 537647403, 1921140094, 3770705485, 3005841554, 4163850366, 722158944, 2141886459, 3792631271, 1847928023, 1802945033, 2274854144, 1950053502, 2354817670, 3685779566, 4127349840, 1712771115, 2416211457, 4060368269, 2335308772, 1988614238, 204930678, 3227260066, 2057077512, 1647225377, 3188300949, 3576755727, 3325524833, 1098749104, 383268379, 2390696312, 591064799, 3106107294, 4127467977, 668845699, 1972066596, 3651412119, 738545578, 218351063, 3896501650, 4142226575, 3844803724, 347618779, 4175591249, 3922849486, 1945687009, 386652361, 4011601771, 773034263, 395867172, 409841340, 3209459357, 4241445995, 1022398294, 3691138810, 3786681661, 530915389, 1526096244, 2006009459, 3164695480, 3783792714, 2375408801, 2616336108, 1948242269, 2354881058, 346409564, 4022565412, 3827841490, 694175320, 2487029744, 4190874556, 1589964522, 856896633, 846789192, 3437505149, 3552627084, 1615088873, 405573162, 1348871252, 1190491549, 2936935787, 3422910611, 1341174556, 1295414307, 2961573974, 479486439, 3163003699, 3735179083, 2748863351, 1503441749, 3775563215, 1436572675, 2389640642, 308371672, 559114733, 4252096677, 799390684, 6263478, 884240937, 1357928953, 431845293, 1422966302, 2101566917, 1457099306, 1545790186, 2376455801, 464094217, 240923070, 1825792928, 1412263959, 2853046335, 1930107336, 554560396, 3293163013, 4020580499, 2721713435, 2388792873, 2239702646, 2707541432, 182528325, 957596666, 1115893411, 1943615443, 249545337, 2324748118, 906160251, 2884908960, 3443869552, 2375077200, 3366605403, 162100137, 400289162, 3700134619, 515563026, 1211403176, 2916148082, 1791450527, 2814722048, 2163992586, 3914572216, 1474146795, 1103502841, 3941922028, 1644254956, 173079729, 2843737179, 1466683697, 2042618292, 2230042294, 1965723035, 1790424628, 1034948642, 815349800, 2156891960, 832357108, 3469783314, 2183125403, 2937763645, 2624616026, 291746781, 1819448491, 2382284954, 1021872314, 1698326096, 1289030539, 2287851451, 1155074466, 622184567, 240318802, 825733032, 1224354746, 911300022, 161278985, 3945200151, 3575933204, 956653541, 2249368617, 808339821, 738805409, 780851114, 4253458217, 3873045975, 2020725302, 1464998135, 3490628034, 277827054, 2320205145, 605490426, 33427751, 2030510265, 3140322775, 2162378901, 3640205444, 1664490915, 3244787178, 2618485793, 4090966174, 3033927211, 4020368752, 2836287542, 2794695720, 840331978, 2884206219, 797148386, 796651153, 629727912, 868545676, 1618357137, 837785736, 2867440899, 2802310563, 1056433299, 4144537834, 2445128612, 3221494251, 228482967, 3266842993, 3297041036, 408903109, 4105945954, 3012808559, 2943023332, 2419938873, 1253447720, 1819789245, 3727345397, 695962366, 1661501523, 1022819464, 4021586529, 3900962330, 1782209304, 647354307, 4282509345, 2732431528, 2366010911, 1456560480, 1746063587, 3535671200, 2261890936, 2837500987, 1789722589, 2359829692, 4160889085, 2483617878, 2251048115, 325004356, 518043627, 830568123, 1518124796, 3716876752, 3076449498, 3029748979, 419867962, 3522206132, 2054000325, 831625666, 399507870, 143854254, 471804521, 1042754001, 3486781669, 451120189, 680400767, 3694959761, 110216458, 1103451593, 3493775951, 779923539, 933459802, 679191379, 1569744892, 541315841, 975303444, 1530570533, 2764880380, 1561807598, 34404911, 4027659554, 470638082, 1106671913, 3978119622, 703963207, 2440621878, 3604329172, 4111622096, 4206307849, 3037827939, 1289447268, 2489010648, 3444226470, 2143521822, 3146397616, 3998096442, 32998297, 4185111713, 4054350049, 4265009037, 4162297556, 1283115308, 1626323687, 695861772, 2706967458, 252892786, 1398958231, 2414504634, 1882295388, 4025756284, 1322847460, 2267451547, 3116299461, 3128212296, 3803064767, 3619712951, 1941627777, 2197922270, 1825812865, 1467692419, 1699625116, 2907484181, 2056351649, 233387721, 3363897979, 2107072740, 1550121496, 1139816738, 2131443588, 447326119, 2453591825, 1410233885, 164485226, 3077561826, 1896341085, 1122867983, 4285991651, 436770088, 4036797327, 2783574329, 340532648, 3336089823, 1627598901, 2568016923, 3498667932, 2512793703, 2588381870, 3294578031, 4105704900, 1831663271, 3159137520, 3245943767, 2305403083, 186687880, 1576543823, 510561405, 2325542056, 3276942272, 1900119202, 3565070235, 664228899, 3786014633, 2237788284, 3330873320, 2618065137, 3033512165, 96389770, 4216176586, 2665379380, 4129927842, 1893799731, 3344086619, 394337959, 1436847448, 929984654, 2151031097, 1091622956, 2147392122, 3540628379, 3258292138, 1076086968, 862841685, 1277997221, 165726275, 3203726501, 4294522530, 3045054792, 1298476445, 475848826, 3338479012, 2622476030, 2627039672, 519325145, 36819697, 2551820646, 2219520905, 658772656, 2037011630, 2101212698, 2946134927, 1291708322, 1824271093, 3335682596, 1305752715, 2290914025, 347464317, 1737344595, 1837742627, 1005042041, 2824292490, 2556556631, 1066060284, 3354310240, 893952355, 687401520, 4084996059, 2321182536, 2369893928, 633743005, 2262476962, 3831150515, 1759316243, 3198280434, 1077572716, 786905445, 4091483734, 3655218266, 3156698924, 3336884128, 485019106, 1379216960, 67256920, 2396235582, 812850663, 551932066, 1079840621, 877797093, 4095128089, 3857474586, 1307549806, 3716726575, 1163232032, 1471844153, 1110584938, 4066534683, 760310253, 288972620, 656990129, 831019415, 666007640, 2128834483, 4100388111, 2836480459, 1163931775, 3100813311, 972315008, 1867517186, 3821609651, 864420424, 3677699932, 1976901213, 722401799, 547357324, 1366374278, 1159922821, 2055058408, 1724646031, 3886067876, 2484202061, 1565570925, 1369842494, 3525792695, 2009102300, 1020917406, 2740570549, 1147768578, 2279015427, 1791362519, 3495247992, 2785039891, 1828741419, 3943043605, 4218785852, 2416390882, 499124502, 1106467744, 1465167495, 1073244506, 1125302112, 2177354484, 810911562, 1357932494, 2626147170, 3932364749, 2236204838, 413799861, 571374708, 4095265897, 1557367684, 3558670322, 4013278973, 3420895358, 2171258126, 2296722164, 1225965342, 2806107920, 2498776631, 2639422925, 3956757420, 3275987738, 1112868911, 3176682493, 1223160342, 4139857153, 3209868356, 771951219, 4112718778, 2655686836, 4105068853, 1646140525, 1217570545, 3941764129, 2631488810, 2030325584, 3549407355, 2693179775, 2843794689, 1697451935, 2360018867, 2999232897, 4275974968, 3297738147, 166699218, 324889327, 163), None)
Loaded weights: -16.223403566999412, -15.417676920642815, -0.7197521379903421, 0.0, 0.0
