Starting iterations: 50
(3, (1374335653, 3159386487, 1691406850, 352927263, 1276819493, 942428747, 1279827667, 3865561912, 1065304268, 3268787496, 2206574075, 2181046863, 2078652537, 1011243479, 1666681276, 4137792315, 1140050295, 508697154, 2520281022, 3193385652, 2228053901, 3001867688, 3341963759, 85023957, 287817601, 912036378, 539389320, 1737321760, 1355432691, 1247262843, 494835418, 820414592, 4010968542, 1588390702, 1509049519, 3983255156, 1107667734, 1491349276, 474164853, 3003321464, 2826536435, 3904571053, 1788482746, 1016394166, 1696333423, 4270476474, 290948852, 4256989158, 3622013753, 2485792623, 2527973109, 2776932582, 3373688888, 22514011, 2596040325, 1339058437, 1974050068, 2116976199, 3560764114, 4042940391, 577900210, 218602699, 1359765219, 1458751010, 2706294356, 1188401187, 3780547278, 671349453, 3052432351, 3561059195, 2977090057, 3304616914, 215258158, 1548120612, 1994567120, 3512417001, 2175837592, 2032439344, 2859993935, 2139231660, 66605097, 3990221500, 3090494775, 2140532338, 2724003661, 1354028022, 251316441, 3068442156, 3847014108, 4109679317, 3930137733, 1157788062, 841479166, 4150244541, 1895378654, 2563180797, 605140527, 1984403881, 4009805457, 828316732, 4292286471, 3466617870, 2805008860, 2166845077, 4253302184, 2205144959, 2159263285, 2937984065, 526276474, 3561551948, 138785812, 3506190575, 3737251116, 1235903101, 2669994345, 1602578113, 3785062407, 1955451371, 2942952794, 2266628650, 3206193177, 826391277, 1044838609, 1628435940, 3367140920, 1080201926, 912663265, 594535250, 331855452, 3628660421, 808862451, 3772220441, 155176111, 3882313556, 1273079891, 3231937291, 375865400, 1338746157, 547579401, 3902011216, 963981614, 2154005344, 3998191758, 3960926920, 4056067165, 3234174012, 2866795553, 3279902892, 1607378253, 1924251790, 182911615, 846043823, 1928879313, 1343637070, 1663226377, 3764864961, 3836041561, 1925379971, 3788018321, 3572801661, 1489703016, 2530818739, 370444430, 948655589, 2614052637, 4262443451, 3556785206, 260927079, 3031621745, 1568975337, 600355055, 2274385111, 991561626, 1180770012, 1522022652, 1499109288, 223762979, 3141347206, 3978589383, 4028035646, 1675226095, 1050530651, 2747784941, 2630645187, 1034166882, 2402720397, 1199940637, 1611428675, 2470773098, 2949188989, 2789162343, 859006266, 2107902426, 3653879523, 2528273281, 2127471708, 1715519517, 2156654496, 69705155, 1795005263, 2338519951, 1798198314, 1999466073, 4161732278, 4052851753, 2067687574, 1906586675, 2705049938, 1690140305, 2619592808, 2482578857, 605660803, 4276260623, 2912991609, 413913434, 2105107663, 3232603953, 921381603, 4107155418, 3960403993, 411839543, 2940487507, 3087479721, 1067738670, 1780804848, 2171156371, 3912502815, 1063382054, 1847034559, 120798134, 2074356438, 493381277, 1664355064, 1402638694, 4144245664, 1379855560, 711682324, 1986816886, 65078237, 3295788524, 3442531530, 1804439742, 489696775, 3273378606, 1564275697, 319332025, 2025115786, 2532968688, 830691904, 352575989, 3646548541, 1507694932, 2296502227, 3535802561, 3058681447, 2995840343, 277383936, 3706990106, 446475420, 3353414889, 3610860586, 4181587926, 3797639606, 2059611772, 3501809665, 1179888337, 2756631774, 3903691039, 874684275, 2367460627, 3095158101, 142388045, 4050041452, 1824026296, 3700014644, 2330430052, 3634742232, 616511404, 3420757545, 2808557966, 469642552, 1621806479, 1633756673, 522561225, 3501138242, 1799774275, 2366561684, 2214054140, 2648196796, 3004257712, 24751447, 3986174703, 1288917579, 613605589, 4028640814, 3123331078, 2738635977, 3310936792, 832243002, 3259132800, 4130085817, 3830499942, 3345443946, 435116031, 3665853676, 3193648595, 2565310926, 2189794943, 529501587, 3582106672, 1264240784, 563555140, 1664233782, 3839633151, 3797678157, 3902100522, 4254166784, 1161399494, 4102745812, 2018839165, 1976887871, 1052422889, 1517509425, 673794166, 2244302891, 262000347, 731380678, 3345393154, 3466575278, 1419202100, 2235609184, 283019772, 2401128551, 1037924500, 2682806924, 2619441925, 4262684156, 172053192, 4083093414, 3930229631, 2440373248, 2742894248, 2962857646, 2594227107, 2422643058, 2982755260, 845293154, 624435343, 2550669157, 1781980830, 805913822, 2911181868, 1003477909, 3737463247, 527367457, 3035371671, 1433305950, 2688907174, 1297870086, 4086125806, 1733927062, 4071209808, 1882911786, 4182240443, 1544642842, 349920073, 1941368239, 3690515492, 357793179, 1891104250, 3949450850, 1713116128, 552969660, 3758939071, 448270100, 1139487252, 3999310227, 589545335, 3639411945, 1712384133, 2681768839, 1664372114, 2874443666, 3427556616, 895779943, 1173425949, 1868782434, 3302187649, 1884653362, 2292198703, 4105439693, 1040086116, 105021297, 2441282074, 4053414330, 138163866, 1250309028, 3337518782, 2830184025, 1799588827, 1721140485, 297811574, 2878230213, 3481247987, 3712466215, 4258694690, 1483707502, 2405972286, 3073173278, 620177436, 3372645020, 1856099707, 2182414345, 3477236011, 1019573425, 3032308977, 3790220846, 1218826961, 3440353447, 489446599, 1612150153, 2913510904, 3021171521, 2215710662, 3493355676, 3075262084, 3643737057, 3696155745, 2122262252, 2613645295, 1556453384, 1056953883, 2543946996, 1798426216, 2725539418, 3227254462, 2505915846, 2575527703, 906481300, 3634628917, 1682638783, 1686337724, 1100975220, 3212221160, 1844256809, 931439205, 1689706751, 3715858625, 2773610156, 1526066584, 2633852907, 934008647, 456013637, 833412405, 1984679487, 1875366939, 589472284, 1046703033, 1156260787, 2946634525, 1208390101, 2505573337, 2701934864, 823148007, 517679454, 2623750959, 4019984218, 426332986, 976226880, 61958474, 1149238679, 3472381062, 1988647763, 4163901747, 4276016157, 1337580208, 1474689184, 2872892272, 924710419, 1619809392, 2370197463, 1385224764, 2246306778, 540725146, 3059841651, 3181562564, 4117253771, 1669411336, 627806783, 3341918441, 4276243975, 1121249765, 590928098, 4043460500, 3536916769, 131267121, 102622880, 3352593623, 1078990928, 962458920, 2780198396, 103589822, 3204538354, 354667706, 3080083153, 4274813318, 2523214031, 1133139965, 2152527715, 3258211324, 3279140649, 4122868196, 1335335794, 1168644222, 310493524, 1761378087, 4189977904, 2222074174, 2748745777, 2177288240, 212654298, 2634759757, 2806574767, 2663885091, 2849758176, 4117103784, 1043054333, 3556835301, 3926355488, 2755834672, 121493944, 2538478782, 1267412443, 1270061229, 613213657, 2188945844, 1659194850, 127275846, 2774266728, 4249582229, 1007951864, 950928108, 4156394455, 1084681327, 873178976, 1264466239, 2324331143, 3894904342, 2394799066, 2118568700, 2897463630, 2117440949, 3839548360, 905170442, 239944522, 3736591418, 4176888618, 2275996758, 524367756, 1984840999, 3995929105, 1798653981, 851889889, 1740581301, 1390536488, 202047352, 322556850, 1243783653, 2907608897, 2616795417, 3397793599, 2591830272, 3801878870, 308346191, 881893257, 2191174855, 2102744265, 3022688495, 1021492613, 2159015180, 125694414, 2407700900, 2571732995, 2803648762, 4248577205, 4274291672, 3234120233, 3372359992, 3363239824, 3614039112, 3182033523, 251547728, 542642583, 3392178809, 652325331, 1016848917, 2344251804, 2434378965, 3442335552, 3817302936, 82115222, 3213794308, 2062906551, 2591727324, 3817600307, 3503703111, 1924836884, 2516333836, 4044772779, 737003112, 2813578108, 3369802777, 1793434592, 1360834108, 1833477966, 2736036899, 2681115191, 2916938038, 3211586398, 1189964083, 3878576224, 343957801, 301009294, 3145456169, 1), None)
Loaded weights: 0.0, 0.0, 0.0, 0.0, 0.0
events: 
  ----
(3, (3241044034, 1019717833, 26468732, 3509542196, 26683892, 1354071005, 1833328343, 368216633, 3359940531, 1797256795, 2881313745, 4114722923, 3284817089, 616244605, 238638128, 3397659137, 614632712, 3348464504, 3131376216, 1358589708, 2354278924, 3919048796, 3978225816, 409541807, 1179745604, 4154303341, 2784843326, 2547642491, 16296422, 600378490, 2073271617, 3052410878, 2359487066, 3668894585, 455397334, 212562405, 3182804456, 2893377239, 4052117458, 544568458, 3997163860, 53987799, 1979306686, 3737081272, 3575149529, 2240259640, 1197694555, 937153014, 424821266, 1735529508, 1718423949, 1523600110, 3251900114, 3919103251, 856120168, 3327005789, 2693494311, 746350449, 3748988667, 1753819786, 3603032775, 2371673407, 3372425340, 2218205568, 1232429225, 2893540905, 2838470426, 3873525113, 511177492, 2201706230, 4149968229, 1402659906, 4122086447, 1495686677, 4248957567, 2891272315, 251652004, 2694374289, 480102314, 2381728978, 2244822121, 2348055925, 2874743757, 287329207, 2360126284, 1878670316, 615753760, 3231520230, 459100816, 1505431325, 3685221799, 4141224944, 452624036, 3703821129, 2158302875, 1691929802, 223375772, 34044524, 830981351, 1165053080, 138634507, 39049727, 1972285878, 1798708642, 548001945, 2959672032, 1333430814, 538114987, 3637602738, 1956666063, 658731619, 127176015, 3167207021, 2955914929, 735901432, 1559092732, 3079031455, 3671900452, 1521869265, 1207022815, 3196227870, 3573338630, 1263522896, 706782278, 2134304704, 3329283836, 2566936884, 3551115876, 350622348, 229012354, 614734930, 3357504391, 268028906, 4163247515, 2359824488, 297628245, 545097095, 2963220235, 4052708285, 3686654587, 1781027706, 1420034433, 286727275, 2517173236, 1963739251, 2109861674, 2405449858, 3166054450, 1359509897, 698858620, 2490499441, 3647262254, 843198015, 89147815, 3953500500, 3950465687, 1952470466, 2614702227, 1543037743, 1343382606, 644973237, 2485184468, 3395996535, 1003043755, 2826004963, 439054305, 3251583450, 4046584233, 3288363871, 457071542, 1386404380, 291762422, 977560052, 698158168, 4095548405, 381146604, 2994510072, 1826817056, 3164945866, 450075439, 1141094902, 1263073705, 1378441983, 2554022460, 3065793139, 391667200, 1868344374, 720801561, 1069236771, 1421755608, 3874144241, 1093259515, 2880991441, 2537251668, 3177010236, 363879676, 2705835712, 2816693816, 1980514878, 3759487374, 2623794483, 3927531803, 3287115680, 2456070764, 1741395915, 1131158182, 1793447514, 3481978071, 3110697608, 317710558, 3901085318, 1284804582, 3754244263, 418458857, 3616551462, 3088031078, 397006217, 3425940071, 1111983149, 1925856406, 3935433271, 1722658369, 2341725450, 3808449028, 2144203778, 550625333, 1312712153, 2364261800, 3856748168, 1516796446, 333418780, 1320409759, 920135204, 2750621752, 3319848976, 1391787504, 3999542320, 346985449, 3709172525, 81596583, 1154854404, 298682714, 1603770576, 1020531237, 2770604849, 2538714089, 253107966, 4246932979, 3077505416, 266230338, 2830358960, 3421387314, 263292380, 1573560790, 2071120425, 1673334080, 1814811492, 1885280614, 665464279, 885817627, 2702586284, 3584474099, 860477003, 952667198, 4246104203, 3129204142, 2623644204, 2078549282, 1064445027, 923191860, 1039172861, 4169731318, 3935601368, 1988446343, 3386953716, 1685194665, 1744167153, 2811559609, 1470338031, 2941188344, 2355885363, 1799903010, 656374080, 951154062, 409623464, 2908509213, 3712669004, 208326229, 530007920, 99001883, 3084102676, 1878105099, 3989427690, 47583067, 2639953521, 2570076907, 440539847, 2382388714, 331078294, 1888668325, 3084761295, 1987528169, 253481958, 4278747155, 4051222036, 1516580650, 2293518753, 141747033, 858757061, 3856877142, 3540201681, 4089111560, 595976245, 3386400921, 2632392328, 1655548414, 58465887, 195292832, 873606628, 2085154576, 54145739, 3219228986, 834854105, 2335789387, 1770950692, 2705708405, 4286792962, 2920169337, 3214481737, 1146241890, 1048456544, 3681641801, 3658554693, 2409815971, 2289816650, 1476684509, 868636951, 2358364321, 2904253146, 2228079258, 2393073658, 3643562375, 1468312131, 2356611764, 153660915, 1020892950, 703619243, 1163088463, 4279509972, 3862614013, 3690707045, 2126910048, 865199624, 2208048189, 2526429668, 1066083960, 1933655518, 1403829103, 257559299, 3578842462, 3578657419, 46915839, 401245112, 761001076, 372675599, 16777143, 1671728680, 499098301, 3859970744, 1922352221, 3580319658, 1794826909, 89142666, 2266959985, 1964190442, 4041800642, 2774635388, 1721065047, 1169446647, 3050110165, 1419820662, 711203412, 1379017631, 4165506323, 40998236, 2695353130, 2031720404, 4197727284, 835175762, 2617628968, 3687898775, 3126672918, 1487104327, 2000441068, 2955206839, 3195369172, 635965262, 861008971, 419387815, 604395074, 2574759912, 1103307012, 3883388072, 3250371769, 975717329, 719355291, 1927953866, 300031739, 2022516446, 2393002866, 1173159859, 1850995969, 3863423519, 3032161391, 1119510673, 2302561017, 839708384, 133813549, 2364782538, 14706718, 704613290, 2988665044, 1874078084, 1074605219, 3780216162, 2121818585, 1477708599, 4215376322, 3285684038, 2564313830, 364628021, 3733473712, 3585686243, 3149968566, 2217926271, 3934388346, 3224138580, 1089419682, 490432177, 3797167548, 1804489098, 3650519361, 1100644670, 3603425085, 1001132251, 2361049331, 3445201556, 1089607101, 3201988770, 2873756893, 2170085848, 2052951639, 3191945930, 2872958146, 3177389365, 1830240881, 4277686052, 347780601, 1955434903, 3420569990, 256118355, 416096239, 4075334131, 3013562669, 2848016165, 1154581524, 3043376913, 2778999385, 3004269876, 3611703816, 2014677346, 1266323264, 77223415, 2316025581, 3111301345, 661022713, 3883177865, 3549524979, 1635605677, 4091595434, 3451169883, 3316202637, 3231509397, 3740077545, 4121929387, 3740380603, 1238628286, 877452718, 1488554131, 2392820043, 3454986702, 3517248583, 2789844018, 2063703958, 2364882544, 3867889993, 1720415361, 2245231891, 1462651249, 561152352, 938860276, 46310487, 3545478691, 2078447352, 661671159, 350647726, 3442082291, 3068715315, 4215366673, 1712292457, 1396411528, 2539169701, 442843151, 3104389165, 3180343825, 3267196635, 1218562417, 4288630980, 496267909, 996119648, 4114755636, 1970713166, 3508910413, 485124260, 1366476071, 1301527061, 3858885007, 1571715554, 215489248, 198779795, 1590263206, 2275251455, 3072079693, 512880930, 579716894, 2318778459, 636115663, 4279371722, 4091954531, 191679075, 2809107734, 761766695, 3475574363, 3178369858, 2612375264, 507238500, 2287861579, 525737851, 2870035407, 1625584370, 3167699614, 1126019162, 2460702142, 4051935908, 3643236861, 897398011, 3557358838, 3616965399, 2542927026, 582157528, 1672705703, 4196138774, 848058787, 1443241372, 898750575, 2967888165, 3551535957, 3284129225, 2527779667, 935998559, 3013360174, 3072840124, 3516503647, 3542616156, 26764207, 522427205, 2963507407, 1921849566, 70322474, 2613732573, 2883120106, 67526487, 3628201130, 1349083975, 2434778353, 951928211, 3038413615, 2886837340, 1311678536, 3923020350, 1178944917, 1399142767, 282289217, 2151898172, 3296286807, 2469506791, 2135586707, 2393163727, 2623546031, 815612640, 3676347650, 76782355, 2407892939, 4291436829, 862660689, 627086820, 454229965, 3997393463, 3186658161, 2436859272, 2027873375, 75769349, 1311081057, 996751152, 2011063903, 525261523, 137957479, 262765493, 3762822207, 3371313472, 776609495, 3877677027, 1899982147, 92224367, 423), None)
Loaded weights: -3.9204236260431187, -6.313415907691928, -0.35355026944517465, 0.0, -2.459856642640783
events: 
  ----
(3, (3204320675, 3471071144, 3216399669, 509697829, 3601497362, 3284249267, 2658484865, 1784182278, 3006293018, 2825960412, 2421014559, 1437644222, 3922106637, 2049065389, 2940464020, 531072658, 1395852569, 3743592880, 4260498905, 3862264948, 3018679500, 449169729, 2523218107, 1803536214, 2203241739, 2601422839, 407210842, 3782814055, 72974948, 826017424, 918722008, 4206149572, 3801158583, 237995314, 902334028, 3238718724, 3177085082, 2437020416, 3571991678, 2344647111, 2484627584, 1602352586, 1912767864, 4254920873, 665118684, 2327414123, 477331674, 2894736829, 2984303949, 4119868155, 359025618, 3047767007, 639242769, 268418352, 3677267178, 2730994169, 91071182, 3805257024, 439867025, 3239587733, 3871062670, 4219901094, 636918445, 3849276743, 660216152, 1470776166, 3158642521, 3391395747, 4048748716, 3580022963, 1299272608, 2984212801, 1214375186, 1902252528, 2840271069, 1172807505, 3224348231, 2133135571, 309765414, 372480119, 2474679714, 1734954422, 1379904420, 1523110288, 2766232763, 2980244085, 1937551435, 3300333988, 1400795565, 57307328, 815946513, 82189481, 1697407143, 1166412994, 50754827, 2831122049, 3372174425, 540102935, 3409483407, 886082737, 1288087257, 1246075537, 382958048, 2701997055, 2036413087, 656429080, 2692961772, 354792594, 1094459541, 1158567751, 746702038, 3354520066, 2657312194, 818411329, 1736842560, 395363575, 2203653340, 95315935, 2315592447, 1534542080, 549349888, 813935941, 3604740440, 2175713108, 2851306038, 2440632247, 1131505005, 506085555, 1981831950, 2817880, 1034168514, 3127150434, 3389089201, 1671039902, 845833890, 3706039602, 37140215, 2345761745, 1226788807, 1569078226, 2776626680, 4285997774, 1428658732, 229161864, 2768307274, 1457724063, 2963070900, 124722785, 260941019, 1900700946, 1552821122, 2660874728, 1099438663, 667161602, 4063880399, 4143875992, 1814931650, 2781319569, 869567574, 572550754, 304373634, 2916430466, 1830539849, 420104225, 3559158037, 2675975457, 1339547394, 3285232810, 1754901375, 3479753169, 3887765360, 1542635422, 446913605, 3170766663, 1395646821, 2508535149, 1967486696, 57554909, 4190364621, 3473913971, 2439790611, 1844985152, 2782656130, 15139911, 3366683211, 714095101, 3380801195, 2959574867, 2861413994, 3120667168, 3428693083, 2036347208, 695038230, 1774635364, 535513115, 3924394314, 2620532442, 1149101301, 2270496818, 2152061370, 1079288197, 4025727436, 1076769614, 2810413147, 2527485459, 1302105404, 2108164663, 2380752256, 4235305947, 2680250899, 718590640, 2341625374, 747088755, 3475069773, 131644840, 2176627863, 1709627640, 1128924680, 1705673009, 2500924293, 103546029, 3471866816, 3728970712, 659842579, 1743289190, 2407458640, 4133853172, 1766371099, 262603984, 2706412085, 1039979693, 2528049984, 1882523759, 2590047915, 185609303, 183630387, 3885667874, 3781782342, 756669336, 418070753, 96345458, 242541401, 3970235945, 729497319, 4080465022, 1356776983, 2461072606, 4156428674, 1416046920, 2272157168, 3262773813, 1129119774, 536642632, 2036665739, 3907670422, 1275531635, 3377105476, 2467675956, 3011470596, 83252454, 248123693, 262405172, 786262053, 982890132, 2226751963, 3000494314, 2733552544, 2222478550, 617662920, 2234655589, 539070789, 433173439, 3164783345, 1914382980, 3808248539, 3822252758, 1950108982, 1446982982, 564388316, 943502504, 3855959568, 208691144, 1459295234, 174091086, 1169381839, 3419956122, 1019208949, 1045401633, 989168564, 3475688333, 3564483487, 385760978, 311132737, 3667868831, 1379328371, 4186153568, 1097950382, 653264983, 2069912968, 967693979, 2328826947, 2315682251, 2032772716, 3135262553, 1333637694, 4286532333, 1967174558, 3024115939, 790662006, 709569651, 1307533513, 1502516107, 1810463426, 2731773549, 2495847555, 4292998668, 61896213, 957875825, 929439382, 1753723350, 2195837615, 3820701089, 3758896988, 3251312407, 2369430090, 1200124650, 733379040, 2907896426, 715419893, 3330694059, 3773935799, 3923951675, 3697599505, 1395211196, 4235989193, 368885476, 2767238193, 1831374000, 586832664, 110370012, 3764876423, 1239182436, 1454969895, 3731215655, 269613743, 704709069, 680792168, 257807652, 755338114, 3402960222, 1399578346, 3031032650, 1866048837, 480769738, 3335625218, 4026006604, 3808256431, 1859589127, 2843288410, 2556860654, 2474504739, 254609555, 2194582844, 4273863873, 2831832157, 325139182, 544267210, 1229958549, 3601149963, 2679423140, 2087246761, 3249712933, 3622887326, 807520847, 2677305050, 1520001350, 1591184684, 1672994519, 3403425862, 3810597779, 2439468155, 988194000, 2658486622, 3863366930, 560693752, 367171769, 2554387130, 281781500, 4150910712, 1973695608, 1757655348, 4199152754, 482851609, 4077397358, 2109614379, 26176104, 1861200102, 957895288, 2574241160, 3866181164, 607272313, 4189118975, 894511793, 3505255241, 3618076016, 1386265798, 3650014538, 2720409488, 3149604374, 4260248318, 1145051513, 1658586365, 3002865681, 3798866092, 1381158152, 2183502310, 4117396935, 4048310693, 2407152178, 4079797917, 2603071466, 1489835137, 1004982005, 2140327366, 2363239498, 3387635727, 956566434, 1016421208, 3152387268, 3835920198, 3124517042, 103821038, 612446027, 2447794207, 3881117722, 864475018, 3731116696, 2310640956, 1191602509, 2662523460, 3472019349, 2445379596, 2257275122, 2359311492, 4106747631, 1220832235, 519454520, 4036699195, 2752891131, 3137721840, 112063457, 547315584, 1094512117, 2618291430, 1056445326, 650389202, 2352294604, 2794075079, 1725303899, 1707887489, 3524381839, 2130631887, 1137769105, 660029933, 575975480, 1901535577, 1968327102, 1165598139, 3776340825, 2469163745, 3356404419, 2250607492, 2776467040, 3288152347, 3216771094, 459293927, 887004133, 3915922089, 3166155424, 3781421950, 2251599349, 490514251, 1335413385, 3501509174, 793259193, 1679131264, 1892835456, 1322772710, 1566734613, 3719289170, 102031741, 3203096826, 2773232081, 4073085362, 3973755146, 3216601043, 3089627432, 338729276, 1002964334, 2635638593, 3749380171, 742908808, 555755824, 228488879, 1326565023, 2127843914, 3186246874, 3401647841, 2240282805, 266104833, 360144631, 249327793, 429129234, 2629026322, 1959002522, 3321098926, 3747032101, 222859229, 3010252260, 1997951929, 504221513, 670354530, 113690186, 1175212185, 516583109, 178988551, 53078700, 601975800, 2433109577, 1942324391, 1170661083, 3658926571, 2734815232, 1333958617, 3370025117, 1599869884, 465012400, 4032930887, 1647523360, 895000977, 1957831434, 821997599, 3975809751, 39816035, 1297246891, 2426140135, 28884445, 3633212672, 1414578627, 1925687623, 1631264179, 2242908097, 873469354, 1034002217, 3339654268, 2948410800, 3224383346, 146541259, 1536549128, 2637922508, 4153854799, 2599273555, 1397715296, 917062839, 178538460, 1455224698, 162395367, 3357119722, 1603817662, 3414596816, 3906415232, 4056387907, 2235152299, 1604882381, 3184364288, 3370645097, 898497481, 4178130819, 4037867698, 2873114357, 1325546003, 4276370969, 2180931132, 2711623099, 2331099391, 1788210936, 1708698483, 2923024414, 490055568, 3996159691, 1031206068, 3360841791, 2540166206, 3182166934, 2824845605, 1427165700, 201046402, 1380658583, 3048832916, 1170395543, 180186345, 1737464581, 3223633482, 1121698845, 2261626162, 1575128006, 2370344990, 3095194956, 141587631, 2593935812, 2318798262, 540687623, 3459157873, 2768658902, 1035532605, 1383978637, 4150165696, 1627152194, 1722647850, 4010362444, 2538974782, 105600812, 3218077364, 2828541672, 424), None)
Loaded weights: -7.330057306908164, -14.624183780289478, -0.35355026944517465, 0.0, -2.3742392947387025
events: 
  ----
(3, (3998834710, 4215996196, 1649044139, 2110143682, 504530885, 2161058973, 981588985, 1137798492, 2773244214, 81017437, 1906199388, 4165124903, 700235750, 33031983, 3271309046, 3719437581, 3001975601, 4227695087, 1848695566, 2370033547, 15824300, 671771287, 2028764010, 46101309, 3191809708, 3499245936, 294218782, 1011892760, 337860221, 3402795885, 601720729, 4268394142, 1671547964, 219430020, 1138972721, 3180839361, 2578287741, 789605446, 1965294926, 4249409213, 1324372838, 522009684, 210355739, 3384370070, 2659128112, 657729430, 1861891076, 2816639269, 3275931253, 223608688, 277179924, 3864250400, 3246921035, 3190022217, 1567209586, 4271222381, 1039310698, 2767778835, 2494806710, 1694075248, 203605890, 3839219637, 2157488761, 1223143127, 3137473634, 350163015, 281650200, 2298154102, 1184939609, 2759940608, 2269355959, 326653832, 2981039171, 2789105006, 2694217532, 3628893893, 613049208, 2492259312, 343798137, 636225480, 3971494066, 977476444, 1289022489, 2260302162, 3834725270, 1033156223, 1812824038, 3376053663, 1231748201, 266377646, 2396812538, 2178411059, 1057609670, 2441713625, 2622909409, 2145409678, 3762969983, 923229439, 1810279563, 293553854, 2348281423, 458351436, 3744959954, 2075292424, 647346228, 196489342, 2762623436, 176578610, 2077064613, 1623378417, 569127, 3181087679, 557615444, 3523994552, 252557919, 21254580, 4150868462, 2065975862, 611919676, 4071116184, 1115615354, 1566567354, 1136323324, 4291378230, 2507435239, 2912246531, 4248744030, 3566850740, 2761975142, 839769013, 3402940065, 4115233909, 528680362, 373374886, 3851934858, 983347182, 1123132028, 1764298735, 2523435155, 2143131583, 1886924667, 80779640, 542727546, 4167359748, 3958591797, 4165119823, 799236323, 4263912884, 2502296813, 2376083639, 818396558, 743961611, 1211507321, 849312837, 1800096122, 1077449122, 2985555310, 1025608775, 3457689808, 2106713758, 3501335280, 2499649553, 1423437275, 501461713, 1079288787, 4242193843, 1627233685, 3826934333, 20681826, 3818088626, 2760148863, 2062051807, 1960813436, 3522372436, 1692618637, 807290139, 82168830, 53850418, 306639247, 1770685177, 517910480, 1894769034, 3229236552, 2556310849, 2943320337, 4250259295, 1520661925, 2793062306, 3630349617, 1648045019, 3041258204, 622935769, 4272504194, 1426752381, 183619105, 2119712135, 1403283215, 4178980971, 3485750909, 278104778, 3418954560, 618921987, 173610341, 2970663234, 2655946393, 1623239771, 136063061, 3414123861, 1113484854, 1399100155, 2640822223, 1283400278, 4122923989, 2174912373, 3880329791, 18785832, 3825446110, 2448586942, 3917213656, 45357127, 1199482849, 529060716, 2019904170, 1383766884, 2374483140, 599829144, 2207090076, 2085750700, 3116806366, 3255193476, 2551189008, 1300427418, 140181937, 4060358778, 3561200184, 3005659387, 477599324, 1079264460, 1451836239, 3287511511, 739518073, 1793857394, 4022893319, 4286267166, 3742918508, 844379386, 3054337859, 2710996170, 3952312136, 2869082523, 4125146149, 2518902971, 1851390471, 2094300323, 3364351161, 627612545, 3546429667, 3224935883, 3909738447, 594387893, 613385746, 1721553667, 4261489636, 1506796362, 1672678733, 769657581, 1974053862, 888121460, 1017482425, 2077762630, 4070413710, 3305004070, 494931311, 346155061, 179905401, 1621077873, 512651033, 2556104981, 3857735727, 2158053196, 3272936563, 2470922156, 2091104094, 1016861111, 2932033959, 1665092960, 2768157269, 2499297504, 3450080636, 3118392288, 1887108061, 696006541, 3243901645, 4099679371, 77187421, 4179758308, 3133262182, 1540327209, 1286360245, 2088560831, 1187588023, 2488570585, 2549687271, 2270660002, 1277876299, 3801259882, 3356752852, 62506455, 303356670, 2638386118, 575310216, 645037256, 2739732409, 3981909014, 3736465527, 2112863017, 1445175860, 949361350, 2238678602, 3839714580, 3715796896, 1131740963, 3776487773, 1348753297, 56981663, 2662906529, 1855503265, 2089777768, 3652706966, 1202603376, 1228933612, 3110362621, 767368726, 171788009, 3659648609, 2554133347, 121939291, 2209488625, 2544794557, 3378006455, 1415653112, 1553397262, 3747193714, 3849568854, 1662493590, 3853905389, 3944190184, 2588860851, 1976696594, 3058585867, 4243752401, 3726093775, 418925951, 3129938940, 2863582966, 1395435971, 3181702181, 558812729, 3279733430, 3798614682, 335168183, 2229061643, 1652098127, 914505746, 282330738, 2300623930, 941187639, 4241155000, 64766722, 1923725142, 2064875936, 577812243, 4165953789, 3856433102, 4252854078, 2383956527, 3446786498, 1452785007, 2161988393, 3046585412, 1508009791, 1134353378, 3509503075, 2986928, 357149040, 1380571338, 843306196, 1577458337, 2992915814, 4158278334, 2504411735, 4110359631, 2928799012, 1423885610, 174291861, 70799194, 3551600688, 2198052191, 1721594160, 541548224, 4247773498, 1547430700, 3882566461, 2010035068, 3147664836, 1386558391, 4081605697, 999150550, 2554956481, 2120232367, 608345892, 723866383, 1941651221, 274869255, 3146736051, 1705997614, 2217451851, 1424332525, 1366571005, 3429730910, 1530100252, 395317524, 660266262, 325733522, 4184517293, 2517586070, 3380522734, 1547410174, 499598129, 19516531, 2967425437, 1083209353, 1663485255, 1945679785, 2175961310, 3686436596, 184808228, 21893281, 3994835892, 4255293391, 3004902724, 3169614111, 1602894829, 2714959869, 3177763852, 3004694220, 3662561101, 235521707, 2288581976, 3770892592, 4175905637, 3990452303, 3108072585, 1229652879, 1779001114, 1483908964, 3376795753, 3548727237, 3463756217, 1859894060, 3667367155, 2520658046, 3562621038, 3028222951, 3047053857, 1312032862, 2405991698, 1877068430, 2528474557, 573241709, 469768577, 2543721741, 2817755261, 2292654566, 1318768339, 271417066, 3960170466, 723818507, 2252773442, 1933385245, 2377292450, 3355752308, 734958438, 448668899, 527606390, 710389139, 3068718191, 1154933632, 2740911607, 1654063706, 2133706726, 2054710170, 1785690740, 2273308282, 3246199434, 651677430, 1327831477, 2615279002, 380900959, 1906956770, 449140087, 4251360770, 3837390277, 3473444111, 3190576115, 4046342451, 882850138, 95820598, 3266525759, 654887040, 2900272873, 1274604630, 723324565, 1949005130, 338890639, 715647955, 2326510777, 2608862073, 3501731418, 3846160525, 2379659242, 3687074982, 2132990437, 884000527, 4227142602, 4274895906, 3770724849, 670588449, 1092315102, 1498967688, 94590370, 132958404, 2976250648, 671938177, 2347751231, 1519931322, 4106058393, 2947082827, 1448879891, 1279167039, 2700035065, 2017558150, 1680325765, 3679343730, 58236282, 2654120316, 3544836555, 3524652698, 442137100, 1727484183, 159168110, 3911731666, 1929019531, 962027485, 2719099509, 4213050451, 2035999875, 3814967235, 696471412, 4058322824, 1770348453, 4045286178, 3642680887, 527831, 3924364594, 3738546617, 549579947, 918840505, 3424876651, 3228209623, 2933151395, 2734355040, 2761374260, 1792436382, 658516193, 2338421607, 3854072756, 1386122681, 1336007957, 4133688345, 379195089, 992004348, 2196870208, 3943270220, 2154164798, 3820053066, 668884017, 1489992284, 3936288255, 936196632, 1705350295, 20151319, 644564149, 799184729, 2548752712, 763562966, 3138863934, 2838944031, 3613993276, 1255523794, 2476744715, 3239232352, 2014517361, 2926792265, 3458078026, 499326302, 3686642696, 3217724173, 1137485496, 1306440245, 4203847739, 2198816021, 2878710269, 857002919, 4136037422, 261110211, 1120263417, 1760997837, 961505326, 1088359464, 4103115718, 51412523, 1124313641, 3835531323, 95), None)
Loaded weights: -10.13735703119778, -22.258859729034256, -0.35355026944517465, 0.0, -2.4249430189666343
events: 
  ----
(3, (3003752537, 650445070, 176001733, 3379642347, 4184680883, 4185352640, 3436689344, 1045223223, 3395082483, 313827727, 2367203322, 522377984, 748194634, 3447972317, 2344534010, 447413200, 135808460, 897092945, 3511177887, 1158235467, 1931896874, 3663425321, 1134222716, 1350821864, 2675317664, 823594328, 2341380120, 3303541460, 2694400521, 1069141286, 3343909183, 906633305, 3805524904, 1524701816, 1769523203, 2068124370, 2055147483, 2341957392, 4184575388, 1006769702, 2209065190, 2990977975, 1688091057, 2727724039, 1727548028, 2776604108, 2151232479, 1024041383, 110247312, 926187015, 2985540099, 1345942200, 4069024432, 103457642, 243833647, 71881267, 4009289124, 2191714074, 4266836481, 3769129808, 3099765718, 3825524701, 1078759940, 3637008115, 204246301, 1022105763, 539120771, 801456771, 3887221786, 4220030024, 2257380441, 2232901161, 2298157798, 1099375546, 4282139273, 1186928451, 1297900216, 514887494, 4077243505, 454036258, 3642197393, 1836686765, 995648799, 1102379007, 1058387558, 2428556622, 3980514348, 2644114816, 3166686626, 4180633672, 1242899472, 3491088353, 1013942123, 2621004637, 2935698404, 4272048759, 3508149243, 3900500241, 4160689670, 3539907798, 1723063897, 1913004926, 217354722, 2580409525, 4060465224, 1338974483, 1167575933, 2437066846, 4039712194, 1498363401, 3625210371, 501459848, 2861195994, 1247618943, 3308065681, 3811087391, 3648519395, 2270105232, 2881850306, 1307099935, 494722952, 3700294665, 4116736733, 4014314962, 2121873006, 256390683, 4210394104, 1067696359, 4129728976, 2765799657, 952083823, 3872343433, 1509531751, 1987994397, 584791431, 1209819115, 1892559513, 849910486, 504205329, 791520576, 3235608166, 1165157589, 2885359917, 1006207971, 775838136, 2302977847, 2678502091, 289050278, 2299213969, 3699828931, 2633228796, 3284689765, 1474898396, 3188760447, 3202677715, 1506713581, 64023987, 1160119666, 1581210611, 2074096143, 1319686504, 3363574898, 736565790, 2125388116, 3385955542, 2550300298, 1461931409, 789955797, 4067703141, 2309732106, 1222400978, 2508098463, 2874573925, 2682591382, 2667368220, 633582500, 730482016, 962472396, 3345088313, 2358904909, 3183944584, 1416381452, 113718836, 213761412, 4144080112, 1278270324, 2324953789, 1571634690, 4240686350, 352687036, 2928424852, 512386180, 329275093, 4112281685, 1590511718, 606950421, 59861078, 1173567529, 2342810879, 559639154, 3201651176, 523711617, 508611276, 3661017097, 1585373309, 3648649140, 1242107057, 1140181852, 3019278094, 1386452288, 2484396416, 1395111416, 2242975995, 392637770, 746505546, 2765498535, 1821175560, 2602479020, 2316084857, 3142611400, 2919802008, 2331541928, 4107120049, 2240104055, 1627590515, 1799146836, 2753331249, 1244959262, 3254505373, 342416573, 2937444914, 1416407313, 2450565530, 3703677429, 893801907, 72322729, 3663910716, 1871107438, 3208726948, 1299979250, 1506522850, 3818205023, 2115619181, 3528893883, 2627348217, 3946402829, 2656137719, 2124568830, 4197553458, 18688994, 3121523412, 4079149757, 414320493, 1873515165, 1662994791, 981855464, 3804823956, 3324840777, 2349753952, 2473867989, 2485450070, 1295545909, 489808894, 2687557762, 545137782, 132467027, 679533887, 462795453, 3231206309, 3284476449, 1231675410, 2623239885, 3506888325, 3304519734, 2621084193, 1867590540, 916653445, 2505900363, 1679634998, 2940464282, 1280777109, 3954065932, 1878469551, 513245921, 3774992, 1876810043, 393606231, 1653416508, 2631669046, 1496174205, 953105007, 2903818899, 3740633795, 2265943801, 3734714662, 2874334709, 440520516, 1813875318, 3236122315, 4171889229, 3410430698, 3201756523, 3390008121, 2672633033, 3662283201, 2691647429, 3351240990, 1826866607, 1319437911, 3338307132, 1250840290, 3167338879, 2653024013, 3335868453, 2238048214, 1381590439, 702535973, 3426671631, 636818453, 3679229144, 2885969026, 1935915970, 3706350223, 310331313, 4278064508, 2259533628, 1963414584, 1873725250, 3506885601, 1898011302, 145591734, 70356284, 3810113037, 681240827, 388467475, 1068731241, 1442225069, 1219991079, 3023118768, 540601275, 886280936, 3632113098, 2001485637, 2904695130, 4186300165, 1407027445, 3306521261, 596709307, 83778782, 3278845114, 3270721643, 3212987994, 2215460759, 1035800084, 769022602, 185822398, 3420579572, 586595682, 2591070303, 485611162, 1174530356, 967559323, 1250044772, 4054201780, 2387671822, 3963019524, 3146164279, 177079718, 1987086302, 1099996703, 3319485199, 2979369180, 3908913315, 3804318578, 849749358, 2577433174, 3841775115, 2192726608, 1700004531, 795062582, 1523476820, 126005737, 4106448650, 1251095273, 1536043574, 1958957287, 1168472908, 1359672684, 707856849, 3293833425, 3968876779, 916708234, 1842539589, 238169101, 4082105755, 612676557, 4230087336, 85461274, 2562753177, 1624429776, 1205820855, 1225676521, 3126090028, 4287758415, 1113633931, 2824345448, 658707845, 2833944265, 3911036228, 4033020921, 3722109791, 1769219592, 379508207, 524636705, 930338247, 3411943761, 2837453513, 3243393204, 1278959355, 301642554, 2957660208, 1626312301, 3010246902, 3527791733, 1671949012, 1540957184, 2314853678, 1704378503, 1233608579, 3494626511, 2340196826, 1719473784, 3443363722, 3342425048, 3090972715, 3035045505, 892173489, 416885219, 97714047, 2080173287, 1239900097, 3974203689, 2626766927, 116443253, 958836940, 2808330283, 2968749008, 846516898, 3240516412, 1743864771, 706115676, 4010786237, 2476144998, 3567607618, 4220532092, 2411628652, 1639619534, 1466256250, 287831359, 547152749, 3454365393, 2908673657, 1294775728, 1120165379, 3594865029, 1528865302, 1318959165, 576137842, 2311670666, 226091898, 2458009874, 4140260893, 3628439157, 1819183182, 233852008, 1251094499, 2857166116, 2583837958, 2800787430, 1276972064, 2762658440, 2569361003, 2360699457, 4010032457, 3669219585, 1018951377, 1964595074, 595816964, 3692501331, 3258335927, 1738803802, 3460026090, 3813904943, 1082892214, 567484090, 2378213271, 2970115346, 1617701643, 4253278935, 2282701583, 3420600239, 1564765162, 3201112237, 4166404285, 2145109105, 4040787509, 2123833874, 1363715361, 4260004143, 320510186, 3357796487, 2804715050, 4207498707, 1086595882, 1214083387, 1437820095, 3701397683, 1396221568, 3566010429, 2886953968, 3577714846, 1223705261, 1193514674, 3452278705, 325801517, 3597278550, 4022412496, 4181262202, 431378295, 3727045329, 724510729, 1974192794, 2601599967, 3416794410, 1006189996, 1178905684, 2042881253, 2361340832, 1413734707, 2546882291, 2332150490, 3330644211, 219539813, 2259243105, 1462638189, 1660765041, 2112907989, 2441663056, 3087654307, 231168134, 2365432945, 2971203766, 1710664790, 2636773618, 3751871341, 3711156124, 2958573953, 764228964, 2477979538, 1096545734, 3395750390, 2435778964, 4185571087, 2087912800, 2902835268, 1696793781, 410284330, 767935777, 913726820, 1707455752, 4256379050, 528944683, 1251386978, 227376310, 2534357503, 4121271852, 2704723424, 2960007773, 469237050, 366783917, 2849176299, 2481237008, 1243789601, 471088889, 3330931363, 324126078, 253883449, 316385116, 1740752534, 3629068183, 2561028522, 1177204121, 3308959750, 3465472377, 1431445721, 781479368, 96007711, 2965584889, 1008772342, 4089251464, 754384300, 2737828582, 3416749176, 2099062401, 3843993839, 637311141, 1178216278, 76372841, 2514337824, 3564919755, 3452251762, 1588630149, 3058333989, 2230410878, 3515965771, 3282164077, 3132655529, 1723676033, 1202749396, 1769404259, 2504738304, 2739608586, 3420434934, 1018061403, 197), None)
Loaded weights: -12.73891489029505, -28.31489337936596, -0.35355026944517465, 0.0, -2.484397185882757
events: 
  ----
(3, (780813565, 4009466785, 3333793829, 2564224869, 3310370698, 3582409902, 3770067671, 416383241, 4121020241, 4236456568, 2274982395, 2440328957, 273674112, 3218311671, 1693285199, 4222569122, 2640679728, 2785722057, 2554347683, 2789391002, 1620429678, 719053791, 1468265680, 3723616914, 579400475, 2010454822, 1057042590, 1756771133, 1730522829, 1747051247, 3230308040, 1558854346, 3418815165, 2608584262, 1908501337, 2324928459, 76845988, 39361796, 3690021344, 3922471660, 3989661916, 3764735303, 3226668010, 3928571174, 1949302667, 862317320, 226395967, 1044323396, 3648044332, 2917839669, 2907707846, 305944731, 3501856003, 1101760639, 1930370800, 2676648827, 3835619944, 1635124484, 468631247, 3649790476, 2604011627, 2521734530, 3729505275, 4118835908, 3380917136, 1002901166, 3452530725, 2562526902, 3710840762, 384268457, 2064147898, 3877844497, 4257467734, 3574023949, 3256802058, 892422455, 126099577, 280218936, 2693686951, 456485079, 4033641179, 950576417, 80384973, 2014081944, 19439694, 3220804592, 932573154, 3083250112, 1979715207, 1469358525, 3153811839, 876552940, 1982918861, 95771309, 2816023967, 3210548547, 1171355294, 2966963909, 401751128, 928529668, 725587504, 3935977646, 3222553747, 3480914270, 2587341640, 2924276472, 3436993346, 2205121985, 1523946033, 1048515813, 1207112670, 836270719, 3764463093, 2774364580, 953804295, 1641250084, 2037560280, 453982523, 2195029024, 3198282998, 3454607559, 146564650, 2062294934, 3168829971, 1687206966, 2050274202, 3155664274, 2501917082, 3994656697, 3746891070, 835995322, 4032881884, 32522884, 974300229, 2650443888, 672921363, 1122274656, 3536672055, 2833205802, 3333478302, 2657758381, 1388689763, 435528586, 1601428756, 330806041, 1727729966, 871423603, 1491790180, 3498617578, 1851992344, 1435992820, 2045022265, 99424478, 3460152133, 3765798157, 3136389836, 2709746353, 2138584185, 3189341663, 504849204, 2315437867, 589626701, 3909177028, 4242107583, 3234034238, 954237820, 1863987852, 293140868, 1148816640, 3953058936, 136894348, 3385380759, 146586, 2652671007, 3243347551, 1557524852, 1040237454, 4161884975, 2356247229, 3840454147, 2079363513, 768863034, 2720325215, 3694408420, 1171324267, 4035383270, 1223243071, 3540903789, 2573968962, 4151706663, 412404033, 1691375673, 3368054183, 855083031, 788305152, 3632656285, 4165039621, 2578819488, 1222432793, 626010532, 853845368, 2311994449, 2178088348, 3818240033, 2667827152, 2934656942, 2559762525, 2494622191, 1099210837, 326161880, 2425161117, 4141069148, 3216749817, 1852651367, 3041648812, 1969801883, 1115644917, 2472190353, 3781044022, 1550554547, 3291010017, 1424203670, 2640194550, 961764509, 3881654471, 2385250543, 1232963966, 1119012132, 1875958183, 4023550782, 3786328756, 813396929, 2336618566, 1312816747, 964791215, 3407723434, 4274225685, 3170041033, 813668081, 1446952766, 957238377, 3839102368, 759126342, 331539407, 108512747, 2816822718, 1923625480, 3241061556, 3599187122, 3087303042, 2424544514, 314908004, 1389608663, 23727248, 131562815, 3072595429, 2219582990, 4288190873, 3616252884, 689173834, 2273277253, 3663311086, 3235220260, 3774968464, 3044884885, 1283896783, 2030431573, 1410408825, 4164042478, 335284467, 108174312, 542160053, 3715225281, 3690419257, 971931754, 3006537055, 2771368620, 3641412250, 1821539470, 992535341, 2654519213, 1179507450, 520442945, 3558487432, 2275714493, 1683766697, 1895986327, 966316056, 1727032215, 537385788, 3461895676, 2289765699, 2406518270, 1831629402, 1399231396, 860494923, 958770355, 2510328653, 2051763605, 2594953339, 2056303014, 4227027198, 1064814556, 165712145, 927134249, 583982870, 2901074182, 2032977259, 2775252465, 459191608, 3881933657, 1358279370, 3178991958, 185396455, 1214492344, 2718182831, 3537533602, 761086698, 3133135822, 554147108, 4284310385, 2347982132, 787068276, 610191206, 1339873410, 1745807304, 1086576198, 1338194796, 1586961120, 3134501931, 2583657427, 3755255464, 945068379, 825035808, 2759828898, 157700241, 2785722199, 1221060352, 1904986602, 1316566515, 2816523403, 1806849773, 162730974, 3270936866, 3923484553, 189258810, 3981700837, 2530783653, 3503426864, 2586740175, 386510452, 1203311427, 1323488380, 1504643015, 997591602, 140498029, 4087162689, 1515593559, 3279610204, 2118601383, 3578551917, 3225170762, 1664616133, 3199850470, 611349297, 955649713, 1987761275, 1128442429, 101496195, 2537074708, 2047512781, 3148094511, 2660120969, 1370484169, 537129182, 2408711388, 3627138989, 1915778740, 2215751157, 3688794893, 3899197254, 383581495, 638082092, 3389604850, 2373390782, 254358675, 1623973144, 488324765, 801691801, 1644701516, 2780083511, 2360789137, 4020027795, 931273605, 1537148450, 2851129740, 751835358, 2422710355, 549357583, 2138689989, 2745543046, 3034188263, 3839989100, 4148895528, 1842248417, 1495660491, 892790775, 1230238164, 1145987340, 3434608381, 1155952717, 1921147766, 720545160, 1886174121, 4118210673, 882383663, 1249796118, 1929130188, 1433710477, 214298083, 3351855843, 656623475, 3831150022, 2554615744, 4262734138, 2323490514, 2641490908, 1221368082, 2875945798, 1585568422, 1940538227, 1542323448, 1729283884, 2154378376, 3259048410, 2692949057, 387798221, 4121398445, 3797113920, 1635093118, 3909398459, 3738154203, 1357002837, 3553888465, 2500461882, 3573022141, 3571198458, 400339348, 477088281, 2723506004, 2123006447, 1299956092, 3649703885, 226385008, 2413058293, 1203904151, 2118622590, 1693794029, 1899276782, 1282432302, 4225952283, 3100688354, 3505586933, 1088796862, 3674241691, 2432229655, 1365872653, 203895880, 1318763846, 3505609111, 4183084282, 2429054851, 3846949425, 22921100, 1988022728, 4040648676, 1431124926, 4093461750, 3830393869, 233428999, 2968746825, 3740992240, 1645457566, 538024584, 540542081, 1811521032, 429618616, 3117147443, 3854425537, 2879604082, 4041390614, 3613720156, 2104384640, 1132088636, 4064301574, 2079338916, 1307384183, 3706245309, 1184464628, 1829499573, 1901607690, 1672161039, 2603621732, 2311630973, 2546657933, 2192112978, 1566959261, 1858338737, 2610431899, 2797656993, 844938609, 3096721514, 2073729499, 1282793221, 2314373532, 3511098264, 156350951, 293709611, 3531881310, 2037125139, 3561404015, 3827640249, 3351831696, 19234547, 1789747150, 2723040799, 2699470684, 431818735, 2783520194, 3490234312, 666915427, 2389554035, 1328613283, 3884549990, 5590019, 3741125622, 2099409838, 100005002, 1197781887, 547874092, 1324643864, 3961788801, 3217925265, 868944069, 2508587067, 2074246802, 2512585928, 3881592230, 4115306206, 2243777088, 3564614856, 1136736895, 3823213565, 3737380865, 879204391, 2765232921, 1677476589, 1101554315, 1770126292, 3154003647, 2457286584, 1651950870, 1096525471, 2157162272, 2362454850, 1819421025, 2870640090, 1495088629, 3779968394, 2866768168, 3376186855, 3432528542, 2095804855, 447437326, 207508504, 3007248412, 2219419473, 263304631, 1368511266, 4223814943, 3622369755, 2848732308, 346215341, 1710312971, 1682662295, 4114418095, 2395483038, 623461690, 1401161525, 4014939570, 1958036123, 269998725, 118021106, 1091624223, 1024399515, 1492188680, 4019761189, 541502456, 2869116155, 3684682213, 3433689422, 1648060129, 1003232696, 3795558711, 912816402, 793544806, 646255510, 1859673770, 1827809294, 1908773049, 845142838, 3110504503, 3989041264, 3319183564, 1632151405, 4289579518, 1205268683, 1317039935, 959784721, 1015041129, 2151454134, 1054100220, 773972492, 3801975423, 338), None)
Loaded weights: -15.95554031440684, -28.31489337936596, -0.35355026944517465, 0.0, -2.474126654562903
events: 
  ----
(3, (2410288017, 4133988382, 1852094819, 3437157476, 1373654436, 473956959, 1790232448, 296240178, 1542673401, 773610009, 2160402820, 1364056216, 2692804572, 3421751546, 905340228, 1206805557, 3010718179, 2781853953, 2973763499, 3465534743, 1146380582, 240584381, 2564168482, 1007818964, 3169663163, 4242799733, 1504315969, 3110686789, 163360862, 1723712551, 4051787711, 3409421207, 1819712135, 2386991160, 1701131694, 1666965218, 866739808, 1913575824, 1756476047, 3209246208, 3983903096, 1693600931, 267848194, 361316138, 1554932786, 2616510905, 1568438612, 2154135265, 706717575, 90822913, 1377867772, 1754226176, 2255867957, 3446685648, 3362814420, 2291691329, 816170509, 2998909568, 4083360809, 1890075392, 1727250289, 443173506, 909063391, 2666148548, 3690734918, 1200661718, 3727525476, 3517064409, 511989380, 2147478374, 3887856952, 2990200608, 2182111869, 1856235721, 4027603283, 3682334905, 3024722452, 3904185298, 4169533161, 428426535, 3415929445, 3609444263, 19068092, 1288880003, 4059879205, 1499688126, 1484548449, 1864098582, 2738605276, 2280754492, 2402464190, 3014102014, 2719032996, 2473243953, 3728511466, 1308952280, 1121238456, 2028226223, 2570507312, 931262435, 2858980279, 1217122381, 1125554196, 1278773104, 3975761200, 270108701, 2309630471, 3229528334, 3796368002, 143034346, 2831165034, 1305094268, 4017440701, 3411397302, 2523162650, 1256510338, 2805436073, 2644781202, 2093190918, 1258570224, 402416900, 4044538953, 107172507, 55446889, 1847010417, 2722432950, 3524971955, 2563870190, 2350430418, 2921858488, 585823774, 3172282409, 4279403971, 3733517591, 4273072856, 2403764718, 2273636085, 3124872577, 678742449, 3930366349, 3176343542, 2932612891, 2875385195, 3257204048, 3933519959, 3777242134, 3868661779, 3843885384, 3343320639, 1875823799, 1865193556, 2451849296, 3613659620, 506867556, 3549588181, 1199505191, 165646652, 3107481640, 1933829700, 1123624760, 531459037, 1071998076, 1086827522, 4193816334, 2596893724, 452575582, 3951434202, 58048478, 3946341484, 3341797357, 3840798678, 2285957381, 3230856000, 916958594, 81676819, 2681504275, 3485019702, 2211893072, 1441853168, 1524688528, 767747590, 225238157, 212861574, 1532839643, 1625513860, 1722977509, 3518899234, 2680073368, 1813041767, 2497201886, 1940112106, 857079875, 2983370094, 653704043, 2768183814, 3439828581, 2773892405, 3990664351, 1172133305, 2909655411, 2843451916, 2026317582, 1761107573, 2031011005, 4276687711, 1002956927, 3156185036, 1931886826, 436427492, 1894706433, 1705191420, 378923605, 4246082138, 1008240558, 4086744575, 3835084682, 376108259, 466653353, 1226698858, 2133698686, 4249267944, 813106069, 1102810505, 3529055303, 3869624016, 2535432513, 3652688501, 2612540640, 2137264074, 2426997777, 2510985267, 1809795003, 1425032887, 30473439, 1331458224, 4252955751, 2335311589, 2259968508, 1339091810, 859242657, 1733364313, 2911542043, 4075754763, 2189243221, 952804362, 1190069337, 1201967724, 2471820197, 1346538359, 3952648233, 960815576, 2330267980, 3176832045, 114071143, 569818114, 2032707019, 2196387628, 1207550032, 434177640, 92200736, 2476823331, 2935004801, 1906710917, 1725144832, 1189357463, 1687269751, 2875436594, 2421917498, 2507762304, 157688953, 4021393500, 4027341994, 2398457251, 985256513, 1544752617, 3077309072, 2939523656, 1484173006, 406945188, 154146770, 32812841, 990403683, 1814236321, 1698844754, 1411480618, 2783208540, 628033410, 644125335, 17366774, 1151836146, 129893649, 1407315043, 2132715745, 1548448298, 1887802033, 2955848738, 3999187012, 3955889725, 2547232461, 3439561721, 2625906348, 118383752, 313632107, 939635542, 2435130110, 4246020130, 3884936798, 985758539, 1048697165, 2462282614, 3914509669, 680067708, 2121988462, 3432248268, 2384669630, 1601420119, 1129821068, 2690689327, 1335401021, 4022486792, 878416831, 369635538, 3675875767, 3477169485, 3762082174, 950560200, 1226799705, 1841217588, 1265795617, 932725490, 2808908824, 3299111857, 3895502327, 4081487, 1361976550, 488484296, 3933919265, 583990148, 3252926957, 2731999186, 1425942707, 244694536, 3797760302, 2094880718, 2021765429, 3997574587, 982970794, 2878475538, 33573111, 717205074, 2488419624, 2241959949, 2321943305, 1770530438, 1852519570, 1407017825, 1628986568, 2400765933, 730678728, 3516364098, 3362323903, 2701269275, 3577758330, 3011166780, 3461908886, 3334757862, 3581232482, 4176260854, 3056825484, 2331733434, 820929261, 1349915509, 4192474783, 3881452077, 1323125761, 2371118377, 719254163, 2546960485, 382315072, 2381994863, 480153168, 1898726078, 2539970691, 288424743, 1232586481, 3832438401, 3417355331, 3368826714, 1473694078, 2277610069, 1741976440, 2151471784, 913858437, 754248048, 3604998716, 1868258452, 925527706, 1033190826, 1924128265, 672815914, 1077505092, 2729673386, 3406875920, 1991234535, 2744563860, 2617626270, 4131437902, 3619942264, 2586673170, 166042659, 1671027272, 1668732206, 957687071, 2098755062, 853403543, 1985431872, 412145785, 4075048493, 981284074, 3747393064, 2308837686, 3476917639, 3878999685, 2056154991, 837565657, 552948040, 3776113742, 958188690, 3567257473, 4075624640, 3188171600, 3310923482, 3992954979, 4186655077, 2277010135, 752003536, 3098735877, 3910910358, 2393917764, 2394970343, 1802309947, 4120371621, 2692532229, 642130338, 3699320213, 2405166437, 657352663, 463731303, 581770442, 1716085559, 3580811371, 308496193, 2134782795, 3857822306, 2119620025, 3210459884, 602477961, 545912125, 148629824, 1637583053, 2825216153, 56143552, 2841179799, 3513283634, 3069389500, 228142699, 233474577, 3567941538, 3031947826, 165811326, 204485142, 3584874657, 959469988, 2547267391, 1840589497, 820079306, 2069364286, 446547439, 2767047990, 1649617957, 2018780159, 15224391, 2677580574, 1661955505, 3960602012, 3297612089, 3853290710, 4096946480, 265438544, 916211337, 1495988535, 493113380, 1558269988, 3448630889, 1326313777, 315442595, 1809894532, 906778320, 3361362096, 3721331888, 3395028021, 1379218487, 1035738292, 3174256175, 4232858751, 326837015, 1732296738, 3364856306, 3062235550, 831557174, 1030597297, 3669625157, 3130586040, 665045710, 2631951577, 316344283, 2719705411, 323572056, 3937728759, 979333279, 803395400, 1497901757, 443069162, 2004918673, 233199937, 2673663962, 120706643, 122689152, 827059042, 1093230391, 2062515439, 1793241886, 3045089204, 263880795, 30026554, 337892389, 838313040, 2161359620, 5429289, 687725345, 115193218, 801297432, 649387762, 109277427, 2063994388, 2475967250, 2977299570, 2867235698, 892111164, 291174562, 3106920630, 645110566, 3448027881, 3014677882, 1312205819, 117366051, 3950695211, 997161101, 3904895576, 452246877, 184376573, 219017111, 903024958, 2632074763, 1228992814, 1488782848, 1113277515, 3790342625, 505953633, 3905189244, 348378484, 2755215082, 1275722645, 337106295, 2060336944, 1680096479, 2851701443, 3188470679, 1987167834, 2427250468, 2737406990, 86110586, 105740420, 1917756174, 1810907623, 2859235574, 634105995, 3765138735, 3493317340, 336599442, 240861876, 43681906, 1185950333, 2186901003, 2177868623, 877095537, 2054322222, 1702078434, 830088673, 1818946616, 3676405088, 3336784049, 1669790963, 2135688020, 2066468335, 1191509851, 2383889044, 2710991142, 937881426, 58293758, 3068127866, 2357582812, 2272089886, 3493573680, 4293778833, 3407542618, 2146642097, 1697261227, 1868561760, 3585668307, 3686840977, 948004029, 3584412438, 2851592077, 38), None)
Loaded weights: -18.120728790462813, -33.411811640852804, -0.35355026944517465, 0.0, -2.238862187030563
events: 
  ----
(3, (1655484462, 2843559382, 3619199286, 2564449693, 14333610, 1136286752, 1482447511, 569419200, 2557706207, 479544844, 571643840, 424812289, 3698830811, 2065188442, 3462009674, 914023891, 2638616390, 2928424738, 1104166131, 1259951405, 3223321114, 1096822540, 1977155926, 2546037159, 3582434056, 17091111, 4118486511, 4215643695, 1805852579, 2495695627, 2300425737, 248263186, 81094480, 2576408131, 3030891959, 1927488601, 1582407352, 3878275412, 4170793119, 402203068, 255641878, 1345732055, 2311804829, 3985033392, 1340457250, 4189622729, 247225827, 1605769078, 169390880, 2932892255, 4007495469, 59694795, 2231523343, 4042114273, 1320372328, 1642734175, 3119872131, 3058932663, 686662440, 3880365282, 4034540593, 3553469117, 2935836363, 2213768762, 1423203102, 2495478255, 1385970317, 1877225484, 3152962594, 1703504256, 515825911, 3031280250, 1449827428, 3087862276, 1876492634, 523126712, 616026747, 3487320709, 4288977374, 3775567338, 1671430833, 2513723143, 2201969289, 1638408793, 3871443954, 1021673991, 1499497341, 1444326656, 2330464159, 2254972254, 1989453376, 13505488, 2615200288, 2529775897, 2082625774, 459140146, 748208914, 3131997375, 733329406, 4156315247, 2752680594, 1717439743, 1027556941, 2519662672, 424149745, 727050669, 2136982951, 1044856922, 2731402294, 3203138938, 1991054197, 3512626908, 2440861750, 737654666, 3224530375, 25205352, 2902203738, 2543273047, 3682321684, 1262736237, 2593058291, 3750947230, 3298380899, 563727040, 2334935160, 679993041, 2542531297, 1068095928, 378976728, 867913274, 1882823457, 2943560889, 2058721352, 1842984455, 2006049396, 603977581, 4255077226, 4077906446, 1656727877, 406448086, 399814969, 267731506, 3800632782, 2102109083, 1399037800, 252571319, 1597238927, 526686564, 118442148, 16430288, 2039928685, 1199291893, 3057091431, 1751066595, 2914021108, 2181465711, 1794024396, 194904085, 3716728885, 2511210607, 2121125273, 1694081524, 1504910334, 2397886919, 724939296, 3626213840, 2780049500, 4079950179, 243028870, 3268082494, 975018881, 2375022939, 1634962168, 1345469236, 319546456, 4151552510, 2403895948, 1162911563, 3057683010, 2197352657, 323513615, 187612439, 1112244108, 846369102, 3738357467, 3529298464, 1027532791, 2507219130, 3153942472, 3776734449, 1168978777, 3957848788, 2975959145, 3370281372, 1726739097, 207563210, 520892701, 2227315900, 4100803650, 2300298938, 4051343679, 2338992320, 1336071891, 179921092, 3907497012, 704147841, 1281045670, 3731171076, 2165923282, 1411932506, 2153521080, 340779529, 2041869689, 2530470084, 2388516758, 3813380329, 680062196, 1115794914, 329819485, 3693738154, 2816789114, 228436951, 2588599447, 1504244916, 1669950035, 156416937, 2229675482, 4200942442, 2608925657, 756207091, 3574301419, 234103405, 2974083342, 1290156432, 3507786168, 1048119613, 3211752476, 3420434151, 2840255571, 4112106464, 350783147, 616597324, 1788521003, 2858359646, 1703423852, 2594345582, 843520674, 495435585, 225112852, 434992222, 2862307677, 1352377744, 3880508258, 956785441, 3858924605, 2293721089, 2169164626, 1721703351, 3819934413, 1071602054, 1522379043, 4128965326, 2940100053, 664283435, 2285082736, 387663296, 4015860108, 1229473652, 441871640, 2226681397, 2347478722, 3029377704, 2795710156, 3232853649, 3460169015, 1674839424, 4191548455, 1132368720, 1237086738, 3725977728, 797028487, 2566699196, 3176797684, 730392920, 1330580056, 4147254665, 443572534, 1960073767, 2327544703, 3353616620, 4198762615, 2585346227, 271843533, 1291012658, 3956420382, 749628994, 4187856936, 2326095674, 243400339, 2128138095, 2571125087, 1038976987, 3622112062, 4010133974, 3447380620, 794994227, 439106288, 2930023977, 1327453004, 572918307, 126564225, 321227071, 1809756046, 1746067060, 1906703841, 793928410, 3372621799, 4108419017, 1474609646, 1978346667, 2987092084, 1076186047, 2836761957, 52502570, 1049694228, 1014006776, 3510867145, 3355927529, 2522630596, 978118581, 1944744092, 497004265, 711174851, 2556870484, 231540945, 4271227621, 678858592, 2936214110, 4113649539, 2697385433, 1346411356, 2144887171, 543650316, 3917763866, 2385009057, 2478253463, 2533372463, 2568793372, 1126526354, 2083572934, 1717932338, 3114654579, 2543984547, 3553948491, 2303934273, 4022797783, 1308937271, 1797020711, 2963595899, 3131559844, 1307376940, 2680783963, 1982640932, 2501866882, 1131280669, 4111207265, 796983469, 4245607699, 2985412336, 281420289, 1196757881, 2805805324, 4130258224, 22915241, 798726639, 3571778824, 2916881871, 4029309942, 167779744, 2540789542, 1279199619, 1300054092, 4089799099, 3121723768, 1364700373, 76808036, 1594496481, 2260096368, 2406912038, 816892849, 2130609044, 1473534108, 2142474684, 2989721746, 430729632, 230056445, 3100188639, 794350943, 1582760713, 2383132510, 2289990534, 3539534172, 2832394538, 618735950, 1270595933, 1206023242, 3305560655, 2821738830, 1817896201, 1678603729, 3024628546, 1731346355, 394722555, 352049354, 2879240340, 4051993007, 1642965428, 2280060097, 900201382, 145768293, 1646002830, 4132667182, 1294074679, 3991230943, 2234658053, 1881371613, 2591218364, 436033605, 3668188122, 743863535, 70010156, 3641680780, 3710016810, 2978936325, 2364692911, 2964167855, 4026495828, 2626847917, 2834923961, 756250546, 3239068411, 2528374864, 2129682450, 2522502582, 3839751891, 3712900610, 2008969903, 2479067145, 72807705, 2857417204, 1766022907, 2511300829, 3723430039, 1186535465, 454150310, 4184714907, 4042748992, 3472500174, 4291584452, 1080241276, 2220426393, 1517340619, 3039130603, 1507166885, 422103647, 3085158809, 977192167, 1853786726, 2492296941, 1931376508, 168073921, 2952705851, 3577436968, 776160489, 729492196, 3533034334, 2904667984, 362843925, 3299781884, 1515726744, 404861658, 3188598085, 4070810287, 1597460269, 399956884, 528943934, 2491651179, 3919790089, 3845312114, 2895772711, 2702919407, 3582427043, 935316565, 800662405, 84558107, 2062953715, 3719784417, 1168517093, 2834742597, 3497581504, 3331323593, 3891551426, 2739415336, 3250450893, 335576390, 2015920227, 305611962, 4063432622, 3472957925, 1975405951, 292009774, 115995509, 3258330261, 2213115536, 3206371044, 3850493089, 2389789422, 2350241791, 1967505872, 1452395158, 4277175494, 271072431, 1993920996, 4008330270, 414116524, 1554372783, 878700071, 995832415, 2169170444, 2978981566, 1513899458, 2400944456, 3967134372, 2432137915, 262061188, 2355228217, 3569079537, 3678589843, 1917975480, 1987582999, 448871075, 523335869, 3503787473, 3331080158, 638392882, 3433775149, 1610598487, 1747769840, 3680142957, 3394719220, 218763789, 4050276497, 819232660, 1436190717, 2057894213, 3013593473, 1060097294, 2061755852, 1867058541, 4170922700, 147232309, 4143318293, 967989823, 3803355801, 1426181508, 3558362438, 1783709997, 3556652558, 3678371781, 4175815115, 1269886177, 3083179235, 3884528406, 3091395150, 2705014446, 3679906663, 2401030119, 1381410730, 565688771, 2734790752, 1920987880, 3542682270, 1184764397, 302261388, 610588420, 3405644025, 2353202815, 3022244002, 2783290886, 168374793, 2747198544, 2713594468, 1536696279, 3768511300, 3973194877, 2037325245, 3710555974, 2318923900, 65239684, 3341818441, 2778057018, 2798392691, 1938416870, 291675051, 1159981864, 2287310776, 3913503114, 2981280445, 3020112210, 1078851053, 2477888746, 1951474941, 1656411181, 3558542410, 32642466, 1417143518, 424875317, 3595335928, 191771089, 96971606, 1831458483, 2785026877, 537814539, 2308917192, 293), None)
Loaded weights: -20.615801916874542, -37.992136078670974, -0.35355026944517465, 0.0, -2.2298839420704235
events: 
  ----
(3, (2593724938, 2998339047, 4021251724, 2539156335, 577445538, 1719329847, 3511858786, 3261546826, 277319412, 2465224537, 345346448, 1968644873, 4158281150, 4063751352, 25651868, 3522038796, 3648458793, 3028858158, 942731665, 4107750503, 139368752, 3797735238, 3478435939, 1479934671, 2441488697, 4082189630, 1969640525, 1097083382, 1253787537, 2693340841, 3214813520, 469635570, 1777446514, 2574282766, 1446045393, 1295072074, 2933877671, 2974527102, 376443928, 2456402056, 56530387, 2213972323, 1289467566, 1568465336, 3330737986, 4105768540, 1916026791, 2105401271, 3622597485, 3677302542, 420263732, 4132349429, 3781507945, 3670408578, 3526392840, 3373540394, 3387388174, 341072721, 3828695812, 3809836073, 3589267926, 3823975672, 70118443, 3030873011, 575712371, 4089664613, 1763487107, 3143907910, 852159327, 2391558102, 3512578353, 595930644, 745625241, 3741843478, 2298767962, 1472318019, 3182699412, 2570981716, 3844175567, 4010256442, 1115120282, 379134558, 2521518460, 2454854290, 619483070, 289179616, 2393130005, 1182987450, 9290163, 1852751198, 441817870, 3835703613, 2503895834, 2694584773, 4105558340, 2963434161, 4135805674, 4167417375, 1985034148, 96285866, 1906139620, 3233026448, 615464486, 4106366121, 3910273317, 2117953458, 2040581403, 2567723939, 122950194, 3027980454, 1093019956, 567406719, 974351273, 3700374736, 349267231, 4158238135, 1748785662, 964182132, 563707378, 3360729617, 2433612385, 825026516, 1970498010, 3069055325, 1866123507, 3040789870, 3261723743, 929030566, 1441821147, 3895306203, 3556230111, 1259627940, 1153316623, 2736403024, 2418180254, 855908107, 4146367194, 1772742328, 153174295, 2620763409, 679567216, 2814954405, 2567890372, 3702981739, 317659271, 1479630130, 1308299615, 3152572579, 2971971044, 615200621, 868677019, 4113748866, 661282805, 1938516098, 2461378918, 4096716489, 3186217171, 2292249532, 337714123, 2720619490, 3317475099, 914299381, 1854874900, 1960794176, 1583803265, 3508443773, 2452701259, 109431219, 1662393629, 1205114122, 2209343416, 238801516, 1479506294, 2139663421, 3555464319, 1354737707, 2432577233, 319789577, 1736532550, 537735974, 1374501355, 382305917, 488599689, 2280294399, 129696285, 1314992725, 1318545723, 552307566, 578797614, 3784602114, 3654349341, 3407560626, 2770937677, 3048246700, 821268672, 1888563986, 4211486485, 2304184414, 1040690021, 3775687757, 2973126236, 2843837281, 2709583056, 994036176, 3274625848, 3814250322, 2761500887, 4268143338, 2905328211, 2749887839, 3300571057, 57944915, 980333960, 3165875085, 3094831511, 3708418407, 2647011948, 874000472, 4283973941, 1618148345, 1118410669, 3636406372, 3459441751, 2715233231, 3858240246, 696893725, 1911538303, 3772434147, 3992429967, 3274416069, 3096295376, 2953172952, 3596309825, 3885603745, 2112338624, 3265187041, 4208699819, 4067142699, 1853715412, 1327953113, 1785311226, 1022328750, 4171581948, 3345508550, 242602301, 800431379, 4013002804, 2708256562, 404919090, 1280378888, 1667624551, 453281464, 2553373845, 3962254727, 3958275758, 3111593144, 758944105, 264373881, 2369391605, 1862443502, 3088837176, 2208681723, 2616172734, 2024758954, 485258653, 175930784, 2910816331, 3480613829, 4015639565, 521283679, 3685994898, 1601395782, 630733406, 730245894, 2516961377, 3626128349, 1150783758, 3523888333, 1138669259, 1284932972, 3825520985, 1774803863, 2110471819, 780991856, 2132486306, 208405424, 1292639283, 2744374596, 3846928546, 173492333, 2159899420, 251129797, 3694529432, 3122313744, 788735581, 3334423201, 3787439927, 4080199733, 2442277339, 453731489, 3173594039, 1507605819, 1096238733, 1253816355, 2913141905, 3095028767, 3018260213, 4007878880, 2820726340, 3933666766, 1407901975, 3813426719, 196818377, 1169379226, 2673320471, 2015936315, 1101849544, 1923132790, 1805260700, 2310862105, 106600307, 2546513140, 896880341, 2237042833, 3583568054, 2277793256, 4191375591, 3904133, 601891556, 4020218907, 3947929024, 4183723460, 1995568289, 2695936626, 1645820436, 439427452, 2366607234, 317765027, 3757409147, 3892779689, 899947863, 372546407, 2887091590, 2722209351, 755922966, 3508621395, 4101312837, 3242894138, 2548256740, 2507518637, 3024990301, 2682336443, 1969606729, 920573931, 1606698101, 705645045, 4140998556, 2870061660, 3809389888, 3009073929, 2414713505, 1270466195, 2166644108, 951025399, 3913955785, 2315149846, 3442459739, 955679396, 1229359726, 3547121252, 3078027945, 3474932349, 3459462194, 1736759297, 339724772, 3912561248, 1510162217, 3033014861, 2445449835, 292651667, 3218074209, 3177259700, 1112882196, 2217981567, 923298218, 3582757080, 4142559610, 1850364738, 2980055224, 358298209, 3899290234, 3700338427, 2869236263, 1672876143, 1107000635, 1124821805, 3627120331, 98347784, 1477312139, 1919733269, 3399618966, 4173461778, 3324298484, 753450645, 320067402, 3856819397, 1859849725, 1526750030, 1580238709, 942362093, 2911198084, 135443847, 2633096405, 2313609787, 1778216298, 1063373935, 222332056, 80555238, 1116068038, 1921583288, 3349745529, 2561883094, 1446750326, 2322652989, 3509280604, 1197069502, 364721388, 3515691445, 1796284274, 776559485, 4055827072, 1622222322, 1585320283, 1849094253, 2620515313, 592173038, 1625786181, 2304753807, 310085794, 862458075, 203232036, 1578947537, 3548767849, 904499730, 3487961321, 2725514900, 2733220104, 3483730462, 187384339, 3809341851, 3944688507, 1123516651, 2570803899, 2211980104, 714706159, 1930388878, 4013033308, 105305712, 3586790812, 3158828162, 2164821332, 1391240956, 3638403752, 1653213892, 2300259536, 2318353841, 3406738334, 3280327240, 1439164366, 1146215064, 139845977, 2325140848, 3397512043, 2058140639, 2747972385, 4198284953, 2500216604, 1575051456, 1562719263, 85825795, 2048212847, 2732304405, 2398318094, 3389193049, 1987567125, 203560842, 3873604200, 2560019128, 185901088, 1849264218, 1518854161, 3040387222, 4263264630, 3523018397, 3108723933, 3316265288, 362934097, 2186272073, 1153962236, 2554742438, 4045963495, 3915863680, 1142060873, 847233472, 2058618796, 201228134, 501986946, 983548592, 1037907615, 3403126043, 1132229586, 3288399190, 3391258955, 358681524, 1180548751, 3314026815, 2926143471, 2020710018, 4017569320, 2377916125, 3006092112, 2528949877, 4135666287, 650118276, 1601754558, 1341600103, 1572182624, 2876212011, 2809480132, 2554929305, 3800029820, 3948948662, 3632118488, 1962707482, 4063735309, 3957980757, 3105710947, 248788638, 1894113498, 3710853317, 1966014998, 1146595454, 3045025196, 152803374, 28628253, 738109443, 3624727176, 3990473074, 2960172268, 635444293, 3747450488, 2289477426, 2549579124, 4067749103, 1753272183, 1149430312, 1503292488, 2010364790, 3420396282, 4003589449, 3074471176, 1466631555, 56553500, 709658772, 3567925461, 2493643009, 473635427, 3883287495, 1039431322, 4216906997, 1324515082, 1505716729, 3995075358, 2208769609, 1900772708, 973347032, 3479292061, 3701080932, 831770052, 3883615150, 221288323, 2258869054, 2134611060, 1203443443, 467706616, 1888059025, 563749304, 851055498, 2342416872, 1790913934, 4254885284, 1337146886, 2174832855, 3947216483, 633964156, 1769479650, 2496097001, 3502697329, 1682797575, 905976820, 3155194749, 1175016584, 3434126703, 1318675733, 1216576587, 2592063950, 2752448169, 3743242619, 409414647, 1031133457, 3017990181, 2848521055, 1379337485, 416641031, 698719476, 2419295375, 166648541, 3390981718, 1822201766, 2376787570, 2767776087, 3145170665, 3241856097, 3581803470, 57), None)
Loaded weights: -22.78772124826407, -42.20917886932521, -0.35355026944517465, 0.0, -2.217322327115622
events: 
  ----
(3, (3682627922, 951160469, 2886104387, 3944096904, 1706299508, 3603350564, 1997125679, 3552260385, 1328014639, 4131833029, 2315801909, 2593734257, 1575447081, 3281921361, 2605358705, 894569890, 3964536720, 1533987225, 575726044, 1441099111, 1751579172, 982223437, 3783920038, 1077496916, 3744389676, 3967503648, 684461848, 1047284747, 2937131343, 1940617572, 2658812253, 2883166899, 3416206872, 1472455916, 815185319, 4071547547, 339097958, 2206484383, 2128049829, 321066905, 3985744249, 302991709, 848145671, 1275044774, 1850597557, 1326396345, 2192481344, 1623357357, 1598121057, 967696409, 194278414, 2100599533, 1892015176, 2101959161, 3721019940, 3495715813, 622164129, 2268417158, 993295962, 3296056235, 3994703438, 3783042346, 1616482745, 4199874297, 2513745296, 1176905202, 3835314503, 1429627605, 2057167845, 484779977, 1839328267, 3531450277, 2982115892, 887409170, 1834144718, 2379585228, 740136517, 2604356621, 865785941, 3012429476, 1584544825, 3382160807, 3937307555, 3682260329, 2816485282, 3911917231, 3627858852, 3245642721, 3086306976, 2992140953, 657636492, 3061155529, 3512978771, 407494495, 916438856, 2538948792, 996571559, 1735368653, 3203444604, 539135146, 4039393776, 3190827594, 3382474271, 3872551114, 2599250840, 3882819347, 2797591672, 24899447, 4103317379, 563475289, 3034790449, 3602084432, 3275660716, 1040521580, 4256336405, 710788510, 90370742, 2190292585, 590926231, 1393126911, 319768102, 1143592250, 521991149, 1710634386, 3477069143, 2422292904, 3284228869, 352967913, 1979930186, 2660035326, 2761600922, 2300256131, 3574498967, 2578439759, 1235656736, 1999559823, 2373996043, 3493600569, 1226552730, 548900423, 3868086801, 1295603883, 1515177304, 4041475907, 367000937, 1505590406, 3201380909, 3131395164, 2619914999, 3105803070, 2540644740, 1916360795, 2203832850, 4136482324, 3800024480, 1086164830, 3723901091, 1650926292, 2243139732, 3063185408, 1000717069, 1765702086, 1938271858, 389451755, 1544459894, 2053192439, 1614882785, 3446697647, 1413281777, 79970716, 2366497388, 4202732078, 778800952, 670148064, 918190980, 1792400039, 3752498131, 4196253324, 511964505, 483608434, 1502321126, 585594281, 2025388930, 227656343, 1067895688, 145903519, 1767464618, 1041189638, 2139088368, 3170122509, 3934021830, 1175756353, 176952353, 682174822, 2686315559, 2017050168, 187404256, 1834243335, 2040095389, 1461934028, 867635807, 563703434, 4035655117, 640053593, 1209985157, 4063998020, 4232393624, 1658124385, 1340018435, 4136877904, 3324798707, 2430848208, 2843987496, 2523301842, 4130290362, 65368946, 1597201990, 1084544321, 3927649476, 3067392589, 3376182991, 1318540082, 3689671788, 4129114663, 2489002813, 1458131433, 687541559, 4028885546, 3757993984, 1422163721, 578159747, 663806225, 3478300044, 3750423487, 2604727551, 3027829775, 679515621, 2124666470, 3768256599, 4252463736, 348986929, 121194128, 2861747467, 1683577562, 3618336778, 4155545807, 1763469833, 1700864562, 1830548795, 3430579605, 2050785722, 1802036922, 1525221303, 3911602380, 1051575716, 475293763, 2874150799, 2320370947, 3030903168, 2133677453, 304926952, 649191462, 995132645, 3827655215, 3512760375, 497970306, 749151877, 634579492, 1242074426, 318648916, 1354336078, 2103963334, 3593293722, 531016903, 907435879, 2843271339, 2853410054, 1777951465, 3062808998, 3728271522, 2105608011, 2827816038, 2816997074, 3007798820, 205264536, 2822422543, 536320346, 1583957326, 3202191151, 4076648225, 223548104, 3791632719, 1593753593, 67243407, 661218906, 1468099691, 2099663217, 1788646242, 2102521521, 3978807087, 3439506246, 2153588774, 2434848317, 4087791550, 1687270978, 2872331162, 1809348893, 1341115674, 3623028648, 2865266195, 2687677830, 3201829417, 4141575879, 1143389139, 1436401502, 2662941194, 1750169309, 152834931, 1372606870, 1576523496, 60835341, 2044771074, 3092265523, 2729328005, 2939025098, 2228075619, 3772309004, 903906737, 1081822707, 4187967291, 3705055009, 2720273801, 2349989873, 1706304418, 182052621, 3793191816, 1666387648, 125832673, 1545508876, 3258571739, 2675606907, 3334005553, 2633531011, 921075446, 1447619836, 4119944326, 1719815346, 271660928, 4216816331, 1522312535, 2335327057, 1348076626, 4121162481, 713707278, 2697028347, 174348661, 1479879053, 1406240678, 3800448412, 1734038170, 2350088410, 3287705847, 4175726318, 3626502562, 3515775041, 2290107265, 1895456021, 2892245652, 2036250489, 2930565682, 4149168444, 3170307383, 440469167, 1359478685, 704162451, 686147225, 1665324365, 467221620, 2790563441, 1577617157, 715454858, 3354583729, 913170348, 206689132, 890674534, 907016982, 2030465368, 4113816349, 1497613804, 2442483063, 1107685180, 1103116913, 1587073951, 3676034776, 2354950832, 3803519283, 2541618166, 2514709654, 535474062, 3059032918, 3674481307, 1857019418, 2660086371, 3943937198, 2553177401, 1997279697, 547358338, 135229533, 390429455, 2110447013, 442774696, 1910989682, 2149764536, 4133643382, 1568590312, 1416747773, 3352202005, 1339536255, 3661725827, 3881483497, 1725567164, 630737049, 461664969, 1260161863, 2437473646, 122703996, 4201180608, 786930648, 1211716004, 3328504257, 4293362223, 485314588, 946748984, 2534986429, 2250487007, 782356888, 2447025022, 1574089452, 3472287261, 3387445931, 3777101246, 2503954467, 1039407922, 2837867364, 346003925, 1478732918, 3954889620, 3560831087, 1525686310, 2362450991, 3347731386, 1573346800, 1321696909, 4161673493, 3226267781, 421542665, 3111448612, 1561292151, 1173762849, 3799903643, 1631506565, 3944330128, 1298214427, 1094843673, 1640188173, 2860010211, 4053672709, 3532280823, 215158423, 2012723454, 3530171685, 692174593, 4281247652, 3202787953, 220687331, 234082941, 4198964430, 234517115, 2368720280, 826363797, 3531105348, 2573212269, 1191186042, 2846575705, 2277695943, 2382106653, 3914991120, 3578082853, 3015421203, 652769889, 2998508004, 578261128, 2231978274, 1648991179, 1567961629, 3339736767, 1136634168, 3571876560, 1585682659, 894887449, 640084258, 744327133, 1106011530, 2723860255, 2514889073, 1939040833, 1932970368, 595125456, 874376719, 1481960559, 454656156, 3798797931, 640108950, 2576583051, 2298763226, 107507797, 2072272435, 1287066110, 4179616068, 4127580383, 2512275891, 1015440372, 4098582101, 60601343, 986483347, 3559005952, 3630312133, 2272946820, 365765969, 772091198, 436402419, 1057801812, 3130776422, 1559794049, 1018248334, 858394847, 1872708426, 1505621480, 1134778360, 1630946415, 3580060367, 2050671925, 571773783, 4095967478, 1899069486, 336282698, 4253017192, 2763862270, 1632165078, 742412715, 513517306, 1467415705, 3360998606, 1895970336, 3869432546, 986477640, 1113784446, 1224139560, 4147988186, 3727787548, 3865600127, 199806290, 1949679878, 3509675433, 3748242630, 2213198542, 894120149, 3042953441, 386311432, 2847864656, 3353494190, 937957195, 1600786126, 1569221577, 2505825457, 856643043, 863502492, 3844101542, 3774324952, 1220614072, 4228890136, 140722490, 821788404, 388128234, 3975948276, 482159550, 3622378221, 973645299, 1455536457, 3721044945, 2171355729, 2791910094, 543806469, 2749446624, 1983078427, 2894334663, 802734134, 3177447870, 2404845830, 675228068, 2709081369, 1552940457, 3263970698, 1720290194, 736100510, 159012458, 3922083968, 744237280, 990614809, 642509286, 1022824784, 685123258, 3487236009, 3189520716, 3427984650, 2729531532, 3517463364, 2371126952, 2041902156, 2167410173, 2239986761, 556245123, 1700729272, 3133029215, 562), None)
Loaded weights: -24.90373837708317, -45.94930042596019, -0.35355026944517465, 0.0, -2.382118608602327
events: 
  ----
(3, (3856231816, 1736511531, 569076754, 838548617, 4002450405, 1810484379, 3702770865, 3092106854, 3934423759, 1925084619, 1259764156, 374962849, 540014647, 2309898623, 304974940, 472212572, 2467477859, 2643608632, 2590987682, 1476718855, 3925486602, 619739405, 1037018095, 1463683324, 2738837481, 1534870374, 1525200625, 3246798254, 3345555648, 1107116581, 771124294, 455874867, 437968881, 2742151763, 935606117, 4192802482, 266957183, 929769997, 427160497, 2300939904, 4131629688, 1455842361, 999004862, 403971477, 24841163, 8572619, 3582777003, 3187761991, 3900678774, 2484528071, 1494060433, 3063581244, 642623315, 2653115912, 1668415449, 1621171509, 3021296763, 609947733, 3166919603, 1434037412, 3665760458, 2978311449, 1032758841, 2353881106, 1021914410, 4166592127, 2212341621, 1011454653, 453055330, 2736313209, 2111241742, 1296247400, 2291587345, 1836966957, 172747751, 3201760843, 2991047154, 1990253480, 1052088429, 3452896425, 3972052090, 2142826702, 531222280, 1498654728, 3911309351, 2462666618, 2174776478, 3712325692, 2535265897, 2715106357, 1471171040, 36051095, 1878674019, 3672965382, 673428038, 1286776372, 4115134268, 3070981400, 4056104665, 3281807026, 134359761, 1241710964, 1908626335, 507445506, 1133662610, 3356583319, 2996008101, 1065786052, 1750669891, 1531763003, 2956826313, 1105872352, 350441945, 3354064145, 1641895709, 388032576, 3382717775, 714716344, 790203727, 243968229, 2664258899, 3470654576, 2605184632, 1337341609, 3270245381, 105681655, 4066966708, 3024177415, 3360585882, 1114105848, 65012725, 1960341445, 678314162, 778138530, 1772511368, 760826434, 2383785346, 550897569, 1752474511, 2644293811, 1727887844, 2586496853, 1383680185, 1218717976, 1995624850, 2800009145, 1041629138, 1776940107, 2412426253, 1655847485, 2998889641, 2048708809, 342917349, 1950166684, 2167588561, 4201497231, 3659447606, 2964292113, 3572513851, 616184515, 3336801961, 2602941725, 1487689239, 2019646502, 4072873744, 3934886390, 2039688477, 3829854112, 3669648955, 646956457, 1393314993, 4105260773, 1611910535, 227110203, 157457517, 1481772367, 187493352, 2830087699, 3833982068, 1837067092, 179964671, 3362950270, 243650355, 2127703764, 626600660, 2026408688, 392666289, 3522618763, 801297826, 994859794, 396429243, 214297217, 557263609, 940299988, 3595001879, 1796378766, 3681769172, 832895888, 3386255042, 1526670213, 1038145769, 669383134, 3509338272, 2881943206, 824668309, 3049950094, 911590240, 2770726799, 1106549321, 2126876134, 1425943312, 1197563154, 569321084, 2098565368, 1709319436, 2964153261, 934730070, 3601891398, 436734583, 2324984953, 3330492889, 4123287364, 2471383958, 2217096107, 415731829, 2574235236, 239407195, 325123147, 403849537, 392294041, 1363164950, 1763262371, 3419538789, 1262164, 3767936024, 3096908223, 1450484924, 3342683756, 1496747334, 483155854, 1426777369, 2871903535, 3531390546, 3882977168, 2904608488, 854721548, 398696944, 2129825389, 2647398317, 4090983823, 2738856034, 2582735573, 28270078, 3129160962, 3100364098, 375487565, 1913235003, 43961764, 1741955725, 1503499979, 1113557272, 996552686, 687327868, 663837670, 2177336302, 1324021050, 1769284590, 1581343805, 990578976, 4279910944, 3061516682, 4107525921, 3524275751, 3896727907, 3203122069, 349951809, 1769626857, 2912254481, 509875828, 240503435, 43528956, 613838138, 474785485, 1373107696, 3828721074, 3430717700, 2732933030, 712128658, 1657795474, 1147316256, 482791743, 3561389289, 2819531957, 3239738468, 1323257917, 3528123032, 4089616566, 2904431240, 2338828591, 1268282666, 351876879, 1879771383, 4207686090, 2219533513, 2150604677, 3700524829, 166219657, 1407038211, 3829328731, 2713720331, 3451536366, 720908425, 3746653139, 1053591067, 2246819408, 2972955342, 227399041, 894058618, 2921220083, 1187611467, 241241113, 248312314, 798282697, 2389966727, 2677173330, 788297906, 3478040977, 2468522954, 3380984085, 1035514231, 3021444333, 817910770, 3391196953, 1136319254, 1424474708, 3762457788, 1910825537, 1774772211, 319856147, 3966146883, 1126432231, 2153677516, 3385492932, 1637574057, 1488156427, 1851352859, 875828236, 3603795019, 1354594580, 3860691602, 233909270, 1408292984, 1983520786, 4043656477, 2957415916, 1757299934, 669382331, 2019753260, 3706254060, 1279550009, 168055619, 1506420576, 684136355, 1061135022, 3256581544, 2570364788, 1033018069, 2488783241, 1099221451, 3544930462, 34970667, 2058228650, 1135473045, 4115019223, 1194031676, 3948605711, 2649095567, 1122571169, 3760550507, 65808042, 4134012954, 1547469029, 922460172, 4049100015, 409723988, 1147090355, 3091815007, 771790074, 41275806, 929624051, 3571113882, 418909004, 1290834598, 3844089997, 1934707922, 661674887, 3102202276, 210154334, 974857499, 540850020, 2458724289, 927826616, 2263334633, 3501015783, 3803415350, 3066071983, 3298221318, 2105588853, 3740345693, 2503651519, 3262403740, 735205017, 1033382940, 1053494187, 2828779538, 2245925430, 433544885, 2054495580, 1798624546, 913492020, 1696444880, 2622565551, 1615959037, 1076912396, 577661350, 3057899095, 66671126, 1902311576, 954997186, 1226016735, 1185622311, 3976990447, 1367333628, 849811447, 545527284, 4192636935, 3877565631, 2414463439, 2725421285, 1894567815, 1399139511, 854857822, 2702521938, 355934055, 3542558980, 3739684810, 2862713179, 1206733144, 1406805705, 2575643934, 646374409, 2813017230, 1283387005, 3535619476, 1638077513, 549743472, 2300581057, 763351920, 1872624298, 3989959174, 2639708388, 3001976323, 1243314537, 1715712447, 2162503121, 234901356, 1332112853, 3541899793, 1500991054, 3641651590, 219725677, 2136521415, 853123752, 4099056832, 3258575046, 1180328493, 2171957406, 1056423231, 1581349993, 2731428555, 83130503, 1466698781, 1537455950, 3132912986, 3561301479, 2730038874, 1867808940, 2237949992, 73812790, 2306344927, 1290764886, 3976343485, 1816966731, 2313221196, 366978041, 3038196432, 1707611679, 3049621103, 3144271325, 2418080777, 1391649162, 3781224477, 3192062089, 3783688871, 1954309956, 679301121, 1352459449, 3684383130, 2810697607, 103295032, 1938746903, 871377914, 2810137006, 766509052, 1594364850, 221728552, 737977308, 1008893132, 1559959692, 3400468952, 941797437, 483885854, 925826607, 4079264214, 3052971787, 1073371031, 3994325666, 1759441270, 3022347448, 1237952148, 3601005852, 1067259640, 2570524098, 1023071102, 856836319, 1595949790, 3823852111, 988431359, 449743272, 2056475967, 961604752, 3580344575, 537791837, 4126771268, 911246161, 3290717336, 1533235198, 3912252697, 1647785289, 4032303387, 2744276192, 2148814072, 3765494021, 1713177823, 2945433705, 2410154383, 2483509367, 88889578, 2207702888, 950918413, 1776651637, 3870595192, 3768315694, 366649229, 4031250751, 2315011874, 2247306715, 1141377071, 2854268530, 192874046, 3578331785, 3921542289, 2377705833, 1302119707, 3303003872, 109224513, 2106034439, 1005057280, 1930226045, 932275289, 1405462660, 3997002002, 3206110046, 3395130138, 2097916078, 3283498581, 3388225577, 873537945, 1458570666, 2905733755, 1872205813, 4072542615, 3382476710, 545864377, 4185735105, 617458777, 1809755841, 3130207355, 1798210538, 1441964089, 681665904, 1509544758, 594048828, 1621368313, 1304207858, 3056032247, 3994154605, 1460620566, 2399024255, 3864504687, 3546548158, 2131420065, 3703965837, 1690429896, 468243195, 2947819773, 2190981623, 2983649632, 522157853, 1447576718, 814232453, 2220778667, 2264949890, 3389747040, 277), None)
Loaded weights: -25.630848260210225, -50.12756170199515, -0.35355026944517465, 0.0, -2.4446856642919075
