Starting iterations: 50
(3, (1310733585, 1588224544, 1196206254, 3421964179, 3474432579, 4248985779, 4152052298, 3315669109, 3057383678, 860595312, 2145821203, 4244935408, 296969837, 3597466055, 160186204, 1506207283, 3822153743, 1291162521, 3001934808, 3399209965, 2378801534, 2566029172, 159140387, 2935693600, 2348091034, 850165618, 1696858472, 1215255195, 2656421571, 1264247109, 3182099046, 1117873331, 3568579739, 3016984312, 4231115937, 3308105931, 1891169619, 3294505636, 1237771813, 2492585783, 3485136895, 875119765, 24653412, 1656084597, 4049764176, 3200903082, 3223355810, 325216563, 659688615, 4220330835, 3931319598, 2109181505, 3368550764, 1720211303, 2249818870, 571383179, 1587858206, 3651586214, 3507639798, 3352659937, 908516218, 4074841757, 409845738, 327406179, 854612788, 267880552, 1406117795, 2692096155, 610389721, 3269269348, 1401917302, 3023298691, 1589786562, 2746623068, 1821575918, 2805745059, 3780240304, 2401466063, 656985085, 1358022390, 2814720316, 12180328, 147277108, 603184956, 2973427650, 2883343138, 2854435498, 1077962249, 2300200921, 1917262308, 935883068, 3672369850, 771832073, 3167180243, 1224510626, 2003156825, 2982931357, 192845485, 2377768365, 419654697, 4201445501, 2234677266, 2724390234, 2270886415, 2199799179, 1817862198, 441712305, 131273982, 3495433075, 3841601251, 335268595, 1784310876, 1712908192, 17158822, 1263213022, 3565911738, 1328005232, 3179237279, 3760927512, 4185893397, 3821645938, 1916846866, 2341693076, 2262815593, 2266201107, 2533668960, 614440880, 3132476855, 2756316029, 201336931, 2903821158, 2780870739, 1847798056, 3333616049, 263404668, 1169874843, 1810597109, 1711331940, 3308429318, 888083230, 94378979, 925498027, 4088377250, 2308686209, 1427607811, 2344396579, 3934320106, 1690213386, 521629085, 3360781473, 2580885892, 410878285, 296606239, 3652669617, 938206859, 1921998311, 4170930224, 40094636, 2266103520, 1732333360, 2070197953, 3289469126, 1574992264, 2083230328, 3249802684, 499423183, 4038633696, 2255753680, 4154690612, 2281851467, 4121569708, 238312851, 727548389, 562265841, 397679000, 383904950, 1361176448, 1895624387, 1848486167, 1383629658, 2576229546, 1818811086, 3458385237, 3699697819, 2559035818, 3601623810, 1948848177, 3847602534, 360306793, 382616706, 1420377921, 2867043083, 838615154, 138422615, 1506572872, 2635142328, 3535075605, 2907734807, 3048613, 2542059349, 3958934041, 3632384696, 2869953344, 989232592, 2142746199, 3772461328, 3645350303, 4235515690, 1491672751, 2009151798, 1163531557, 1132993681, 1584659270, 2226660907, 1483758804, 3409063275, 1307368174, 898905817, 974175639, 2671953601, 1648915683, 2191749815, 3956639270, 1501523575, 2106002069, 2382545439, 3378238372, 1502216436, 469077221, 1007960323, 2571085045, 2650787625, 512399922, 370895295, 1978176463, 315923278, 1206841192, 2897422013, 601312546, 1134571469, 19076022, 1688567860, 3831127188, 967800927, 2340131208, 251487506, 1254806429, 1018858272, 2100350684, 3257760901, 4183613444, 1204706818, 264596438, 3266414372, 1251344869, 65379610, 3251342903, 788646948, 2965097205, 2682925741, 2881324391, 2353611409, 2448538412, 285522453, 2013676537, 711158012, 3367675015, 2782544465, 1456178081, 1611065464, 2863917166, 4042584050, 1134388697, 2447249715, 4285449624, 108999624, 715191016, 2762643123, 1579165341, 470046435, 138554494, 3606597645, 1822199925, 3789319794, 1306696622, 2407706541, 3363040095, 2768243260, 3018468185, 4188381214, 1111021003, 2972247977, 2340525111, 652768765, 1775548994, 2857313613, 482546851, 2876547013, 1392590563, 280146645, 2922994812, 2729677165, 791047560, 1513754882, 3759688151, 709581641, 4117105724, 1476962790, 2691408359, 3571326254, 1963287355, 623037332, 2046502365, 3766761923, 375080251, 2242739094, 3522223116, 3131964383, 1543681151, 576234308, 1373326716, 1864923124, 1978729622, 4141193527, 2929145685, 3908267580, 463137373, 174305191, 1890311909, 2795372964, 1398001788, 2388357841, 401549628, 1261378974, 470482483, 827397669, 3099439089, 3377618222, 1790498348, 2584673864, 3079023431, 1080131647, 1412557319, 738778514, 2464041421, 1953429559, 1244890513, 2335589022, 2443616234, 2295255016, 3786588749, 488683519, 562137014, 2915824484, 3701557799, 3903255553, 2693337385, 686665609, 2568457003, 3270729102, 1974621642, 4165944319, 3447486211, 446543131, 298647186, 3375585878, 492822185, 2753821441, 2588436992, 737764019, 2933385259, 508904856, 3842718207, 3671810990, 2958558539, 1329839714, 3162858821, 3198250172, 3386957592, 3690133421, 1570623620, 1498400478, 1837464385, 3312253677, 519233791, 580940688, 970716961, 2973964349, 1676618683, 2056722072, 2405737301, 1876609925, 3530645321, 4258658495, 3176399768, 521201821, 2255915315, 1826716390, 4031437660, 4191320752, 2004432409, 1864246673, 272542730, 3855501124, 2334021910, 4073486883, 1429651893, 893410552, 3376522045, 1365483548, 2599117035, 513367851, 511898272, 126678081, 4077858176, 1952036202, 792170202, 3988045856, 3541442207, 2250975012, 4240287632, 432682838, 1112588597, 1664736914, 715436485, 2706884328, 834571267, 2677753174, 233298815, 2262346840, 948441495, 2784274431, 1851743437, 3185515330, 3016387533, 1971230844, 287295866, 3731604273, 3378258868, 491473994, 417855125, 3192772533, 4157030027, 451398845, 1063796455, 1992764699, 4223035623, 730170749, 544940787, 1455763571, 2690352387, 4047076360, 2976911140, 2298803872, 2943724916, 2558979566, 4226554839, 3374899752, 3222365258, 4277763638, 2527687410, 3731155014, 2517184474, 515767276, 874657744, 1975855073, 845580271, 4092652483, 300358603, 2004933705, 2886955226, 4134819446, 4174333522, 3927008465, 3699187119, 1928337221, 1913813238, 4280500332, 587673018, 3875022591, 458543498, 684308346, 2642015166, 768547654, 3580491330, 4167077817, 2751922589, 421310150, 1827161646, 3654410998, 1397947939, 1120982933, 3640662381, 2244396451, 3321092930, 533345661, 3488724495, 2629878355, 337331948, 3026048729, 3539886334, 2289691895, 3048380738, 3340551979, 4022936500, 840652187, 675817932, 2946010403, 4247757519, 1760188098, 3181044273, 555735560, 2293976282, 1204950099, 4018954356, 2264651021, 2549072832, 1909731729, 1773265776, 4122772397, 1867728263, 1490682464, 232373946, 308427626, 3185887824, 3008188710, 4224186335, 2339850433, 3621594767, 867441789, 3763337270, 3424528531, 1522922750, 242902224, 3282542924, 2359837508, 3365827689, 1725758804, 2455145707, 1008237880, 3069963418, 3453857654, 2226085651, 525730627, 611809005, 3532622083, 1981844087, 272404836, 884776669, 1896173177, 1145846490, 2099164898, 4027543379, 3747060070, 1498407031, 3110992521, 145491119, 2957531183, 269543635, 1684021276, 396497358, 2219744250, 3473092460, 664132705, 996109412, 2674170918, 3250398752, 796575872, 1488445779, 180416084, 583526463, 263185698, 2250626094, 3110054546, 3994409231, 1158032104, 2286648098, 4099424877, 3275644095, 2982805023, 660748849, 2852584389, 106353648, 3645268346, 517660341, 2361813842, 4230788046, 343949783, 2216888083, 3785120609, 1781591040, 2585320795, 3221385344, 2137879927, 3429487234, 795742783, 2977796199, 2375882402, 3941737887, 2155902630, 2652332378, 4178152271, 1470977459, 1118097952, 1423028124, 2264556442, 1465380000, 845985971, 2394996929, 2946077668, 1936169302, 1831705186, 795484197, 3061061800, 4178824026, 54343340, 1068709220, 2710790167, 4120020106, 1518217666, 1009805323, 1108918439, 1785043188, 2020483940, 1), None)
events: me found the exit, 
  ----
(3, (1310733585, 1588224544, 1196206254, 3421964179, 3474432579, 4248985779, 4152052298, 3315669109, 3057383678, 860595312, 2145821203, 4244935408, 296969837, 3597466055, 160186204, 1506207283, 3822153743, 1291162521, 3001934808, 3399209965, 2378801534, 2566029172, 159140387, 2935693600, 2348091034, 850165618, 1696858472, 1215255195, 2656421571, 1264247109, 3182099046, 1117873331, 3568579739, 3016984312, 4231115937, 3308105931, 1891169619, 3294505636, 1237771813, 2492585783, 3485136895, 875119765, 24653412, 1656084597, 4049764176, 3200903082, 3223355810, 325216563, 659688615, 4220330835, 3931319598, 2109181505, 3368550764, 1720211303, 2249818870, 571383179, 1587858206, 3651586214, 3507639798, 3352659937, 908516218, 4074841757, 409845738, 327406179, 854612788, 267880552, 1406117795, 2692096155, 610389721, 3269269348, 1401917302, 3023298691, 1589786562, 2746623068, 1821575918, 2805745059, 3780240304, 2401466063, 656985085, 1358022390, 2814720316, 12180328, 147277108, 603184956, 2973427650, 2883343138, 2854435498, 1077962249, 2300200921, 1917262308, 935883068, 3672369850, 771832073, 3167180243, 1224510626, 2003156825, 2982931357, 192845485, 2377768365, 419654697, 4201445501, 2234677266, 2724390234, 2270886415, 2199799179, 1817862198, 441712305, 131273982, 3495433075, 3841601251, 335268595, 1784310876, 1712908192, 17158822, 1263213022, 3565911738, 1328005232, 3179237279, 3760927512, 4185893397, 3821645938, 1916846866, 2341693076, 2262815593, 2266201107, 2533668960, 614440880, 3132476855, 2756316029, 201336931, 2903821158, 2780870739, 1847798056, 3333616049, 263404668, 1169874843, 1810597109, 1711331940, 3308429318, 888083230, 94378979, 925498027, 4088377250, 2308686209, 1427607811, 2344396579, 3934320106, 1690213386, 521629085, 3360781473, 2580885892, 410878285, 296606239, 3652669617, 938206859, 1921998311, 4170930224, 40094636, 2266103520, 1732333360, 2070197953, 3289469126, 1574992264, 2083230328, 3249802684, 499423183, 4038633696, 2255753680, 4154690612, 2281851467, 4121569708, 238312851, 727548389, 562265841, 397679000, 383904950, 1361176448, 1895624387, 1848486167, 1383629658, 2576229546, 1818811086, 3458385237, 3699697819, 2559035818, 3601623810, 1948848177, 3847602534, 360306793, 382616706, 1420377921, 2867043083, 838615154, 138422615, 1506572872, 2635142328, 3535075605, 2907734807, 3048613, 2542059349, 3958934041, 3632384696, 2869953344, 989232592, 2142746199, 3772461328, 3645350303, 4235515690, 1491672751, 2009151798, 1163531557, 1132993681, 1584659270, 2226660907, 1483758804, 3409063275, 1307368174, 898905817, 974175639, 2671953601, 1648915683, 2191749815, 3956639270, 1501523575, 2106002069, 2382545439, 3378238372, 1502216436, 469077221, 1007960323, 2571085045, 2650787625, 512399922, 370895295, 1978176463, 315923278, 1206841192, 2897422013, 601312546, 1134571469, 19076022, 1688567860, 3831127188, 967800927, 2340131208, 251487506, 1254806429, 1018858272, 2100350684, 3257760901, 4183613444, 1204706818, 264596438, 3266414372, 1251344869, 65379610, 3251342903, 788646948, 2965097205, 2682925741, 2881324391, 2353611409, 2448538412, 285522453, 2013676537, 711158012, 3367675015, 2782544465, 1456178081, 1611065464, 2863917166, 4042584050, 1134388697, 2447249715, 4285449624, 108999624, 715191016, 2762643123, 1579165341, 470046435, 138554494, 3606597645, 1822199925, 3789319794, 1306696622, 2407706541, 3363040095, 2768243260, 3018468185, 4188381214, 1111021003, 2972247977, 2340525111, 652768765, 1775548994, 2857313613, 482546851, 2876547013, 1392590563, 280146645, 2922994812, 2729677165, 791047560, 1513754882, 3759688151, 709581641, 4117105724, 1476962790, 2691408359, 3571326254, 1963287355, 623037332, 2046502365, 3766761923, 375080251, 2242739094, 3522223116, 3131964383, 1543681151, 576234308, 1373326716, 1864923124, 1978729622, 4141193527, 2929145685, 3908267580, 463137373, 174305191, 1890311909, 2795372964, 1398001788, 2388357841, 401549628, 1261378974, 470482483, 827397669, 3099439089, 3377618222, 1790498348, 2584673864, 3079023431, 1080131647, 1412557319, 738778514, 2464041421, 1953429559, 1244890513, 2335589022, 2443616234, 2295255016, 3786588749, 488683519, 562137014, 2915824484, 3701557799, 3903255553, 2693337385, 686665609, 2568457003, 3270729102, 1974621642, 4165944319, 3447486211, 446543131, 298647186, 3375585878, 492822185, 2753821441, 2588436992, 737764019, 2933385259, 508904856, 3842718207, 3671810990, 2958558539, 1329839714, 3162858821, 3198250172, 3386957592, 3690133421, 1570623620, 1498400478, 1837464385, 3312253677, 519233791, 580940688, 970716961, 2973964349, 1676618683, 2056722072, 2405737301, 1876609925, 3530645321, 4258658495, 3176399768, 521201821, 2255915315, 1826716390, 4031437660, 4191320752, 2004432409, 1864246673, 272542730, 3855501124, 2334021910, 4073486883, 1429651893, 893410552, 3376522045, 1365483548, 2599117035, 513367851, 511898272, 126678081, 4077858176, 1952036202, 792170202, 3988045856, 3541442207, 2250975012, 4240287632, 432682838, 1112588597, 1664736914, 715436485, 2706884328, 834571267, 2677753174, 233298815, 2262346840, 948441495, 2784274431, 1851743437, 3185515330, 3016387533, 1971230844, 287295866, 3731604273, 3378258868, 491473994, 417855125, 3192772533, 4157030027, 451398845, 1063796455, 1992764699, 4223035623, 730170749, 544940787, 1455763571, 2690352387, 4047076360, 2976911140, 2298803872, 2943724916, 2558979566, 4226554839, 3374899752, 3222365258, 4277763638, 2527687410, 3731155014, 2517184474, 515767276, 874657744, 1975855073, 845580271, 4092652483, 300358603, 2004933705, 2886955226, 4134819446, 4174333522, 3927008465, 3699187119, 1928337221, 1913813238, 4280500332, 587673018, 3875022591, 458543498, 684308346, 2642015166, 768547654, 3580491330, 4167077817, 2751922589, 421310150, 1827161646, 3654410998, 1397947939, 1120982933, 3640662381, 2244396451, 3321092930, 533345661, 3488724495, 2629878355, 337331948, 3026048729, 3539886334, 2289691895, 3048380738, 3340551979, 4022936500, 840652187, 675817932, 2946010403, 4247757519, 1760188098, 3181044273, 555735560, 2293976282, 1204950099, 4018954356, 2264651021, 2549072832, 1909731729, 1773265776, 4122772397, 1867728263, 1490682464, 232373946, 308427626, 3185887824, 3008188710, 4224186335, 2339850433, 3621594767, 867441789, 3763337270, 3424528531, 1522922750, 242902224, 3282542924, 2359837508, 3365827689, 1725758804, 2455145707, 1008237880, 3069963418, 3453857654, 2226085651, 525730627, 611809005, 3532622083, 1981844087, 272404836, 884776669, 1896173177, 1145846490, 2099164898, 4027543379, 3747060070, 1498407031, 3110992521, 145491119, 2957531183, 269543635, 1684021276, 396497358, 2219744250, 3473092460, 664132705, 996109412, 2674170918, 3250398752, 796575872, 1488445779, 180416084, 583526463, 263185698, 2250626094, 3110054546, 3994409231, 1158032104, 2286648098, 4099424877, 3275644095, 2982805023, 660748849, 2852584389, 106353648, 3645268346, 517660341, 2361813842, 4230788046, 343949783, 2216888083, 3785120609, 1781591040, 2585320795, 3221385344, 2137879927, 3429487234, 795742783, 2977796199, 2375882402, 3941737887, 2155902630, 2652332378, 4178152271, 1470977459, 1118097952, 1423028124, 2264556442, 1465380000, 845985971, 2394996929, 2946077668, 1936169302, 1831705186, 795484197, 3061061800, 4178824026, 54343340, 1068709220, 2710790167, 4120020106, 1518217666, 1009805323, 1108918439, 1785043188, 2020483940, 331), None)
Loaded weights: 7.520139360986252, -2.1410144352365608, -0.7121412700374417, 0.0, 0.0
events: 
  ----
(3, (2574591134, 3742574895, 943090599, 1217619511, 3388581119, 1274220655, 3271321221, 1333171982, 194882489, 2260256801, 1249725895, 882000265, 3829629077, 2799721531, 2387078776, 4056284800, 2578151523, 3042576039, 150332198, 3576002962, 2250346122, 3160516876, 1160232954, 893914613, 2626543956, 2693947812, 3991379783, 2223925751, 34184641, 3758091598, 2135616018, 3559164543, 1327776815, 3684641479, 905300026, 3575393963, 1407948910, 2872274871, 3924046649, 2167862054, 1346822075, 3550788053, 2094114534, 744630533, 2837217050, 1257911525, 2867192723, 826390667, 701382752, 904800526, 535065802, 2008024986, 2852629405, 2300823098, 521788828, 1758769439, 1235247434, 2229907694, 4281396716, 3515978861, 1282511669, 3207628451, 849642770, 4178558123, 71877722, 3234571431, 1887469238, 3261310602, 2673870122, 2253852824, 3796374958, 1627423640, 2340169829, 1503385088, 1378834753, 1317795252, 919452319, 690594014, 3415479479, 2796012191, 1834330624, 68882997, 2173676744, 1179717744, 3955943935, 2458245876, 1232442224, 1911899426, 1860935202, 2853793317, 4059236693, 183046850, 1244808792, 1140678163, 1190396484, 1574263321, 1714485011, 4172380804, 1326093188, 3204769455, 2171141151, 4153452406, 864700443, 909948973, 1139294989, 4076183708, 1594780297, 2688576145, 2354600973, 1958292870, 2360056746, 939256913, 2739338098, 1394426680, 3435565334, 660215874, 566122398, 2577249163, 2845721486, 1892054088, 1743888720, 302407994, 2013720481, 3400668828, 1613899073, 52807353, 2173074329, 2621547860, 2160469132, 2791757588, 873722844, 398097603, 3222398020, 1670384411, 2830626400, 2779243135, 1500985879, 596659958, 804805954, 3490671401, 1467897512, 524911334, 720565658, 934576878, 753900282, 1562866569, 1498994474, 2316782790, 4087700129, 651242872, 4118562468, 1224279979, 1032710429, 2728980034, 3589744575, 1226366919, 256249601, 2591386347, 568144664, 3515917787, 2350736998, 1489634103, 452025572, 1427863806, 3139220424, 1813097223, 1465300077, 461933649, 1241565649, 2660599953, 2326959123, 3496733515, 3734904625, 3843692415, 137253676, 3766938783, 486557171, 1584400707, 37957262, 1901346652, 3492872072, 4037179941, 1761332564, 4269826524, 2240688285, 1565102368, 3368762616, 2775196709, 1167190148, 3725837972, 3907353377, 3374735670, 845332189, 234884936, 4158100973, 3617778935, 773452347, 1513906176, 2431850830, 3763551420, 526138478, 3881549730, 3080625442, 1215915235, 2702913918, 2568893674, 2578404432, 171448478, 3763868444, 2626751761, 708928176, 538253802, 1388304382, 1021416911, 781927188, 1622972571, 863151216, 3303840525, 2029647541, 805324539, 2846306475, 2153523030, 1017224619, 2767976798, 3919193747, 411240133, 4274234322, 3892903361, 1575481089, 606976302, 109831489, 2723043591, 2608383862, 1238476651, 3880266587, 1949028936, 315171597, 362135324, 1972342451, 375196160, 3282528317, 1654479884, 3807116286, 4248933531, 3302461216, 1379461934, 1627639567, 725056260, 2424319277, 2183027522, 704022247, 1390289288, 1958741368, 4259759732, 1199886035, 3847131156, 3460944224, 2888235019, 579108427, 2728778001, 2070979627, 1786207883, 506400989, 1112301741, 1166922846, 3060051498, 1227115460, 2302329879, 637267581, 2196077964, 2929352293, 2586228722, 3789425771, 3799891301, 4174202946, 3492554652, 2797814888, 4212269794, 1858982609, 1568426911, 2449068608, 4134132358, 1208856284, 2332128903, 2169068583, 1384426533, 1759905424, 1974452773, 410420483, 501433830, 2929329417, 2525302660, 2750280805, 2690924038, 2383216390, 467579154, 929908806, 3818862454, 2010766558, 1353690966, 1112156923, 1620111596, 2881113129, 3522075680, 196372188, 641450631, 2975006807, 1018867548, 2105535311, 1017118963, 14741100, 4257478054, 2959873233, 3409208878, 1237012557, 1685357358, 1684313618, 1747181942, 1349095648, 2151453107, 3433933320, 3052613318, 2991218034, 243888360, 3265636119, 1699587585, 404436391, 2938408301, 2853027846, 4106687683, 2698309351, 146714668, 3947427488, 113222995, 1542059262, 1764913774, 4232366498, 1630204272, 247701169, 2336357802, 3686157779, 3197392661, 3307435776, 3929157572, 3093886008, 4155690119, 1698647412, 3545324026, 2686921180, 2233142702, 3248235905, 4154566769, 3808539504, 2879077108, 375225188, 1971944792, 4277638511, 2540192139, 2610986706, 3433089968, 2996238711, 249079003, 1543377110, 3035180502, 555891949, 1433407009, 828900521, 2064981204, 4243575690, 3958051708, 983186256, 4179497748, 1220919652, 1148449991, 1970439259, 102045873, 505670418, 3271975414, 1767358377, 1859352392, 195513300, 132039869, 4103642004, 2595669752, 448511903, 4154159806, 1840252199, 3245323104, 1839330292, 2795897735, 4166748263, 474711789, 636089387, 408324005, 3386514873, 3578589541, 3296490549, 606991725, 2077089772, 1298584148, 3799805246, 1977863625, 721784969, 56521933, 590476742, 2268173030, 3077104423, 3090906679, 1595640279, 1376221584, 1465497784, 1811741994, 3179755083, 4210588389, 416368636, 4209850899, 726053590, 3095027195, 1625312430, 1216556700, 1568793803, 4099181594, 409543769, 673388191, 2732586461, 525769757, 1577681152, 506537979, 2191173236, 4106901310, 2111675207, 2528885948, 941447184, 700151601, 1204533815, 69185574, 563388886, 3765781209, 81087106, 1668487618, 2423173305, 2973936229, 1193244070, 3644232985, 639181007, 1895510561, 3860340603, 1882374349, 332676509, 3990282163, 2200080117, 673709056, 2477080875, 2080591432, 2041111070, 419719944, 60347549, 2486144612, 679230070, 422484672, 1197937612, 1463743553, 3270851300, 3610030812, 369000281, 4017131792, 278933, 3820991708, 3999058021, 1964645844, 4106159017, 1623840148, 1948153092, 1115905788, 1846508365, 3916839582, 967215874, 2948177410, 3857676583, 2961678364, 4169582776, 1670310573, 1933049433, 3628851866, 3138388461, 1932894059, 600291334, 3130075711, 1868190156, 32428855, 2690793366, 2922747261, 420042141, 4042113515, 3333351579, 2474596729, 890707870, 1395710562, 1899253873, 1853350897, 814999254, 714796700, 1831895265, 2036413772, 1053189996, 1619240549, 2761245478, 1783682993, 2720361593, 994536261, 3268381096, 4076981624, 461721218, 1032230102, 2393684773, 2458758293, 867395948, 109801387, 3076111631, 277151268, 481476423, 244121117, 2471267536, 2683293908, 3899699430, 3629271944, 2196399676, 2235082241, 2453383816, 3288118595, 1025782379, 2266652673, 3101615894, 1914842919, 3957997226, 2075402536, 1041734217, 3911380504, 2280458723, 3797156279, 658468664, 3655454392, 1367534574, 1541384305, 599715949, 414556787, 412035656, 1231061605, 3421128967, 768865043, 146563813, 768165152, 3141697718, 3465174390, 1490851730, 1831064849, 558734587, 1473461659, 4047820661, 3994216391, 3891048497, 1257729625, 1474699149, 3087795742, 1455985114, 1955909281, 570165011, 3683562892, 1366507344, 705845091, 79276454, 3316028980, 2046714314, 440369306, 2711450168, 924252862, 2292182924, 1677925540, 3955002848, 2391019912, 3262019256, 711967470, 1781441211, 517151829, 441520604, 1826162284, 3688652186, 1870553595, 542575561, 1357184407, 2001609903, 3325981352, 719353210, 1624659910, 2780827019, 2317445050, 2520615456, 694293221, 609030188, 615933948, 2633463950, 4249613167, 3972386611, 3112337851, 1938028617, 63305735, 73653702, 3241919127, 2741665640, 2655406707, 3369177912, 412699818, 183449858, 1661623845, 2954638528, 4171258607, 3821215337, 2104657590, 810102411, 390617063, 2746541358, 276406188, 2852863097, 3368478330, 207), None)
Loaded weights: 6.3748133568855065, -17.505499009836246, -0.7121412700374417, 0.0, 0.0
events: 
  ----
(3, (3098361819, 2661972360, 1756262712, 2331295569, 2455726644, 2664578741, 640612724, 4224271652, 1840228471, 2037484548, 2524541743, 1006498424, 3685937726, 3905540466, 268845397, 1560470513, 2116207533, 1772077815, 3423734449, 3314867316, 2734374765, 1325455070, 732316685, 1712700826, 709146689, 2299262920, 1146074842, 3974977542, 849727977, 2959041479, 2335463411, 955933571, 1933630336, 308513410, 519473427, 4051879098, 1988525058, 4219304280, 1836956466, 1331236481, 3732052222, 2378777265, 2962504067, 118023613, 3071512237, 2390467264, 515512752, 2617436300, 3515884594, 3000270372, 21343620, 4055198664, 2018900533, 1071832438, 1382718018, 2276045485, 956742269, 626538325, 2655483438, 634829023, 3261073562, 1865618838, 3303581419, 369198764, 3749057268, 3346484517, 3443445328, 3241957805, 626655958, 3222508816, 3430024446, 1956535404, 2634741970, 26748919, 555249413, 3797726876, 4197299459, 4239833802, 581995728, 1036942463, 1063749251, 3506353582, 3938513403, 474670800, 2789988489, 1429826159, 3324817233, 3384009661, 3592142571, 2253390394, 4113320728, 4032326669, 3853895331, 4185118420, 2303478682, 3023878246, 1674251241, 838487264, 271080580, 2944562913, 1471617628, 3470943312, 791111333, 2704274597, 1427525823, 2534383939, 1031730917, 2509166220, 1896974849, 4287426322, 1257405664, 3402671405, 2662859480, 2006470832, 2173380584, 177944055, 705001732, 2859669600, 3672387984, 4241476182, 549052539, 3977037288, 1831302178, 2411413051, 3099810574, 2113424605, 998991619, 373870404, 655053479, 2403298942, 1641518377, 3976443046, 4074886493, 1469619433, 1022684626, 322806955, 2168934901, 253110830, 2354729538, 1091946664, 3230122504, 1441627922, 1103188609, 1337735542, 2653074696, 2225372299, 3304726314, 1130639751, 3608755254, 1622643146, 2396762173, 1827536636, 2225641796, 3330227376, 5604306, 181503191, 2218469744, 18497920, 2801607847, 976715112, 2793308175, 195802366, 4101698686, 327889946, 1136607725, 2546183721, 3371698356, 1748386030, 107560233, 216593734, 2984856860, 1476359913, 3389687384, 2186225501, 411879133, 4041128384, 198212028, 691790281, 3227612488, 2581247816, 4196940158, 3809423531, 1612076544, 3024691529, 1057516700, 815931388, 563542507, 2536995920, 1972168811, 2534853105, 2584315732, 3312507985, 2006420111, 4179134818, 2811231254, 3609209418, 3185520617, 900047888, 1918493040, 2812463113, 2503932544, 3276786621, 2840847328, 457701738, 4114277018, 1680330424, 3701590074, 4079621534, 1354825867, 363326713, 1851081874, 3792935017, 3944349475, 1166937463, 1109552130, 3222150484, 3956273762, 2282392198, 2847359726, 1473107458, 2209368210, 1607348897, 1675313509, 4202932418, 436575756, 3077032246, 2962433316, 3104321759, 969317684, 2098030452, 3417737370, 3799011236, 1720655525, 1719493486, 2404837383, 476335630, 1345670372, 894570185, 2998623541, 3658970028, 714920425, 403907482, 337389896, 882461362, 3824998809, 3129324241, 4186262004, 3803719872, 3977406323, 2965233893, 1942618427, 1348596826, 1589595220, 720041838, 271851573, 2542413488, 3007093, 1451654684, 3073505228, 412856508, 1525487617, 1814648340, 3732414945, 2000366731, 3366363178, 4046490149, 2138595231, 1381803447, 375182165, 3138345111, 3837769122, 2312568300, 939433714, 678299796, 209694859, 2057889970, 1587987735, 860304604, 3838021183, 152324500, 141178919, 2182870346, 262647534, 646334036, 2196694858, 3615603943, 889362751, 686364693, 697759674, 3159669181, 3036972135, 1055309423, 4130418898, 1489518684, 4218253947, 1718131117, 3303249007, 950332156, 2246993897, 4151601125, 2987604610, 2741123476, 1056200484, 2070522566, 3451815647, 3752610187, 3404556377, 2749470828, 1990067333, 3234182810, 1162376397, 218609718, 854643844, 2731912591, 354797865, 2883964448, 1121200682, 3468759655, 2183766339, 1680217266, 554310478, 2751941225, 2388529275, 946828068, 1584619940, 2825713215, 3497897032, 2626729924, 322205496, 4033947501, 1009871211, 927534717, 796054620, 2973822826, 3090536778, 1659376763, 1170978847, 492444858, 2426232635, 1825376325, 2306176904, 758014190, 600935199, 1921647610, 3962023990, 609792431, 2229657243, 2561475390, 3827378078, 1640206327, 2743786782, 1297621720, 866547508, 1370377128, 4175716508, 339650396, 3269533949, 2807883185, 1003988426, 562427003, 4027156125, 2028850345, 1275130311, 1130953257, 1381821027, 2843872540, 419862236, 3733857595, 3307255662, 1341535550, 211349712, 2947321902, 2859112102, 2711073196, 2081699945, 3891674511, 3488048493, 2604321456, 2005790134, 3890260871, 4277685740, 16477136, 249957135, 594286490, 3397957739, 3381644914, 966972047, 2847875471, 164155936, 1493082739, 914304384, 1609177053, 50674246, 645571574, 4066888856, 3747304487, 981432272, 3160169791, 2535968466, 715757495, 1755997018, 2193786088, 2108046828, 2914989534, 3524138674, 499247898, 2095350252, 2529700407, 64015971, 1119694031, 2069646042, 3842679963, 2826028587, 338653318, 1396662208, 353672653, 1871914852, 3624936335, 4001247392, 1386458043, 1731922625, 1108320207, 2797805124, 1505317173, 2738405351, 4092750890, 1050990867, 2751595323, 2162086154, 3901815442, 2764167563, 2931663190, 3844354688, 502144351, 1489417947, 2692972359, 339446440, 1286059218, 3036290541, 3724391401, 3672153645, 845714313, 3400863959, 2086276572, 1654317104, 171910127, 4261610454, 194455812, 2751399390, 194882979, 1002618321, 4129760640, 3858476720, 288631695, 104812463, 3498907445, 4289140918, 3150746501, 2754432091, 3464985193, 914087726, 1245513420, 3878787213, 301284931, 1021713291, 1842904007, 3466003269, 2636330347, 274015177, 2635359240, 1131742115, 3861754643, 1881800057, 1175050897, 2343911037, 1265294692, 82356842, 4203904518, 1982154633, 395460558, 1034498055, 1508908173, 2259916693, 2502642696, 3736869647, 2812494985, 1342798777, 2910707840, 2471695540, 2333585867, 1388940516, 1454175429, 1034781501, 4237081145, 932589790, 2363673347, 1303340869, 1497488393, 2955046998, 279171133, 671383169, 3914502495, 2366585317, 3120958727, 2872368852, 215925572, 2531636055, 2861333795, 3466432226, 4019743052, 1654460686, 3336013194, 1962242289, 2853036182, 4212302163, 234932420, 1002227216, 3684994109, 4053007609, 1968001019, 2992266004, 3859027367, 1894605951, 1840025449, 593496403, 891413929, 1565882387, 3341748574, 2981126311, 333239125, 3898546093, 244373965, 2668420109, 3652099291, 66958981, 1874042781, 1999756826, 32422579, 3591406049, 1803374962, 1133642312, 2899998344, 3254087706, 973050779, 958518316, 2221233219, 2782636732, 757685988, 2676233713, 3558181851, 767606448, 66299201, 2398370889, 3337260805, 1355636163, 2444708153, 1721178029, 3789546957, 1362174451, 1730756071, 1522709797, 148791583, 1505737909, 4090591449, 798250167, 3793068448, 3723672029, 2480658666, 3813726921, 252837135, 3902599790, 2895839324, 3406751286, 1451695394, 935589490, 1710986734, 3827199805, 1852320759, 2851301671, 899724533, 2068086660, 3282684663, 231718117, 682298881, 2593375265, 4196446792, 2729457868, 2251027770, 2851708389, 458719678, 2094601594, 2537265935, 1652458691, 3836342363, 2865366959, 2093619754, 2735012734, 3815167227, 3634042683, 1174987303, 951014625, 2433534171, 2027295690, 3671687281, 839439028, 77844568, 2668866058, 1854013559, 3709892178, 2848796150, 2979657605, 4082411239, 638157210, 690025452, 3105132140, 1131510169, 1355276257, 1734887956, 4104547221, 4097095020, 3660981114, 3178375691, 2689777069, 3206633698, 282), None)
Loaded weights: -0.7435611871338866, -27.76349448283852, -0.7121412700374417, 0.0, 0.0
events: me was killed by stupid, 
  ----
(3, (1274793259, 252481033, 733558498, 129301063, 2074520111, 3265498869, 3875017081, 2733699837, 4146226145, 2778265388, 1680651197, 2259465898, 3348463805, 3426806381, 1885412851, 4169158621, 1048856248, 2692297111, 3512992729, 1239482853, 2740478081, 1703684268, 869697372, 1182150549, 1225913842, 906747984, 2014711450, 418216962, 2157786232, 954675219, 99483576, 1682742787, 1042204557, 3982184274, 1391351533, 2106655096, 1226730846, 4063800597, 619404369, 884230604, 436842860, 1779942390, 3691393257, 1742117654, 4162435720, 627533905, 323684486, 62777016, 1800175593, 2325700443, 3699971602, 1486896420, 2261628197, 4156032020, 2961521048, 3118401949, 3204870159, 1860039332, 1810957972, 1773109110, 3715758738, 1287692251, 247975673, 3118703173, 2920198703, 3022922502, 3451182471, 4221647081, 1926387250, 865787442, 2608763073, 156411216, 3810788605, 2550867563, 4205448562, 3841149272, 508940076, 3549648233, 1780675802, 709428988, 1876632746, 1905858347, 2128197113, 2234427444, 3492428509, 3142203577, 914136042, 3266001517, 3185017876, 1558312476, 1595501527, 282109808, 2424064912, 868169327, 2514693496, 3935741194, 1593564772, 44576266, 3967147704, 3609583545, 2718697808, 3329688556, 3374538480, 3378802902, 4081669689, 628010217, 3626635593, 2992506935, 1923636373, 225055115, 869479837, 2080577596, 798398494, 3441916799, 2846179826, 1418662163, 4095630261, 3297292508, 2410034047, 1146091832, 1074322595, 2555091988, 867840127, 2392374694, 3424493403, 3583449392, 1280729863, 2449480582, 174874896, 691319674, 368261646, 1932742572, 2248017404, 1353615499, 3575281121, 3893098003, 2187601380, 618065257, 1158453748, 250764880, 3241536905, 2783406782, 2507382486, 1908208743, 1700710275, 1931771779, 3949515909, 376267089, 2724095403, 2196478072, 3087022629, 3369813089, 2586443567, 549903312, 505332013, 1407583319, 49036671, 1672470399, 1819371607, 4266142214, 2577581378, 1700022299, 2962063309, 3847408437, 1531386398, 1662594283, 2015412372, 3889084478, 4085132890, 874991313, 1346047090, 4277957258, 182303859, 2973827814, 1902859982, 2256188162, 3248113511, 2512707762, 233287741, 3175854673, 1586829717, 3243955278, 3292396825, 885796281, 2273295944, 3846707674, 2669610651, 2626728911, 1006350830, 676442232, 1127441743, 2711664256, 1528141927, 1750308322, 2602621969, 4075655008, 1001172369, 1251748968, 2055091979, 141386455, 3850174475, 1901612728, 4275854519, 2755379033, 953270082, 2539758277, 1007570455, 2019061268, 797550970, 3552609391, 3507257971, 4181720831, 789976323, 172370609, 3545766134, 618031134, 4288416973, 2789736415, 2206392010, 320330761, 799294473, 3796130897, 490492972, 975374136, 1067205063, 79395594, 1388299443, 1259189543, 1660383252, 1677136059, 1391243104, 3910814660, 2762077307, 3229049928, 2771288098, 118007779, 4057592592, 3529957192, 3971732039, 3266367544, 2368983093, 299177694, 1498002148, 3990069280, 1251212990, 2128019168, 1885524079, 3335703086, 2628486863, 864658674, 944384403, 1777850490, 3599102694, 3469907666, 706296466, 775594464, 103232187, 944465185, 4037059930, 3433659829, 2637733271, 935493204, 4218053693, 363314227, 1770720412, 3537595305, 2925813612, 154351532, 1745890918, 2921834263, 358322808, 3912621964, 679628403, 4281945045, 773720474, 1811682700, 579425804, 2609181658, 2342644896, 3450775497, 1082028261, 3902306317, 3576717723, 3233154317, 1343504681, 4038611483, 2956648310, 1421900403, 1577544602, 2692638760, 1464569461, 1382109890, 4146070889, 3509134084, 2987735645, 3072476499, 2081166266, 1404288687, 1802871768, 2843395114, 1717476682, 3990353107, 628639047, 924599525, 3073162644, 540130569, 2269175579, 2511503431, 932934499, 2216291843, 658884269, 32440836, 414175635, 2746336179, 1445343234, 862508402, 1248258723, 702149982, 2371222670, 4242225157, 4188086067, 2982403145, 3249441188, 738082642, 3477528352, 3729795758, 2443204784, 3962675938, 1027222857, 363020316, 4153204858, 4165536005, 3744801414, 2582941500, 3580334365, 3447626583, 2573669014, 2089798784, 1142716464, 1911070087, 2745248310, 3461682268, 1576225597, 2635058985, 3117406376, 2798489962, 3623890849, 1558286474, 1654378896, 4289578644, 1864447496, 1991425521, 1614421277, 1900666494, 281357210, 4156363384, 3741752641, 2222146311, 2645691928, 1607881490, 1868266237, 3682701432, 2291206303, 2658730897, 1772017676, 3050730085, 1510695116, 2750914140, 3860179771, 2587633006, 3495831377, 3373895872, 2225332797, 2683159068, 3493676230, 2834594888, 344593042, 236728788, 4144988533, 4100699403, 508050591, 1496959741, 721089069, 10922982, 2201457275, 4289014973, 1044421187, 1159318204, 2388621759, 2763490736, 2794879122, 16845274, 1732896423, 1413416466, 2863150095, 2711553213, 151512971, 2396775162, 299026580, 987521415, 3826462070, 3196650206, 316774651, 3638627490, 1788879450, 3907510480, 149289721, 1351049653, 4212331121, 2254614395, 1422069032, 3470128964, 1091340204, 55541454, 3581783456, 1203021187, 2182675734, 323004829, 3482888417, 3096335309, 2621001353, 343829295, 263667071, 3368289175, 4254469960, 1472971460, 250818598, 3690704459, 856030214, 3114040072, 3554584096, 3553821285, 2074654458, 2263207979, 4161848475, 1893687127, 2738536070, 320417562, 854711321, 4098816944, 1131497303, 150036446, 2217070758, 1241491807, 3233638525, 2286611470, 3874961601, 3955570580, 1954215018, 1025977446, 2992200125, 1786700360, 1966796076, 3578030226, 1040219215, 165967825, 387229903, 3473984837, 3898060493, 3573499015, 3504109660, 234797772, 386597666, 2521620662, 65627743, 1325352076, 2450804858, 1122607616, 304439429, 2254316758, 3418944705, 2464365940, 3691850388, 3557557421, 3235858019, 230878062, 2992177402, 3404593882, 3268558327, 3208293120, 214299720, 2074203253, 3432033966, 359445017, 1429570411, 3800282512, 4163155349, 1571953912, 335364180, 2526284372, 1382906803, 2785239610, 2590426833, 2382811797, 2468396235, 3736977560, 376835341, 2582335039, 3895115988, 2865359478, 4001807883, 1595666108, 3319147926, 991491714, 885415595, 1166872173, 2448727763, 3878125099, 665748769, 2473784670, 1970715955, 1124549298, 3650776984, 147076936, 2026153225, 1876580979, 3452000724, 827766389, 3350951494, 417378996, 2615759540, 2109257786, 4170991645, 1307488843, 1306892206, 536257406, 1812689548, 212783240, 962039773, 861189426, 3130002925, 3183628945, 3090212413, 1184936041, 2494482172, 827901697, 4135171009, 963091740, 1650578051, 2368107095, 721242593, 2352382321, 1266985874, 2675112099, 326538698, 2813841017, 1091641862, 609935960, 2702016193, 3978388364, 2406297249, 1752751496, 484646424, 4141030712, 4084901383, 894521154, 4095290327, 2969054010, 3475395732, 547975986, 1260901565, 665484951, 2130725035, 2989831300, 2417956996, 2450551598, 2242022888, 1133821665, 4076573881, 985651633, 4094289038, 3990835145, 827930163, 2696461355, 3155691160, 2509667479, 4039642181, 4199135876, 555275427, 3130020423, 1303425661, 2291433250, 1043937059, 2456459441, 2889606125, 4254084363, 3201788181, 3384531075, 1664567648, 3594677494, 768693057, 1333978876, 1492634898, 2442826072, 3307507238, 1542424808, 1993419461, 2503175109, 4054067115, 3676419118, 3300962063, 824232609, 2137039552, 1439396597, 604713585, 2283452423, 375583461, 2725038440, 1144582498, 607930902, 1762734312, 810870534, 3219789387, 805370871, 3627745354, 2025369297, 493512493, 2579887, 85269712, 4095666133, 2560344941, 1525248194, 2302387702, 4126323137, 353), None)
Loaded weights: -5.65640759169341, -40.690408183002454, -0.7121412700374417, 0.0, 0.0
events: me was killed by aggressive, 
  ----
(3, (742020070, 2077957427, 1165002123, 4040480587, 3778749509, 3540912510, 1539972526, 3994964077, 3999653249, 2702584339, 3848765036, 3534689585, 3517937985, 2873439696, 2212025018, 3019042667, 2645440455, 3336170398, 485413515, 2111750933, 2117799102, 1086264684, 2468914370, 1347471247, 109633413, 922056200, 4054803714, 1962970874, 3114576871, 2688932810, 10846789, 4128501530, 2436384520, 1464062483, 2081955662, 4266288658, 2664496124, 676028458, 1390639144, 3251841751, 3872539527, 4038130242, 2353933587, 2152656107, 1316446494, 1799637293, 1722800026, 1981300904, 2059115097, 1650399868, 1895105487, 2751513491, 2483453648, 3108304163, 281423899, 1706411476, 606823532, 3071859217, 4275701097, 3470250508, 2065551990, 1228101533, 1305543013, 1903323992, 2731489602, 1013992607, 2883326, 3673022411, 4150746373, 3763172145, 1273183117, 2355471503, 2056475344, 3454032766, 3149120030, 3027482164, 3682184356, 2678899275, 715525850, 4012335784, 1890847649, 2824987785, 1678166664, 3909011465, 1823946531, 2907527263, 1988527892, 3030368735, 1974495345, 316395199, 4136630419, 2902598702, 539097785, 2082420512, 3672465159, 786502861, 1256296513, 81167208, 519178552, 969167085, 3295888568, 3387238509, 536456273, 2956769422, 314191077, 1905217612, 4273103078, 2308580800, 860782657, 1401965679, 2157489324, 384394639, 4266993018, 1962249611, 2323286536, 2613109382, 2525656667, 1430438374, 2641993816, 3850587531, 2278707944, 3981046437, 2889664837, 2803608695, 751557257, 3940011011, 2469260670, 2875546276, 818729449, 3251920931, 2468064875, 380427791, 3171372692, 1073113566, 1192671538, 1274139499, 998292398, 4082866223, 2442722448, 419056772, 678535280, 3291956352, 1346063720, 4196564336, 344589570, 2062435191, 1936148, 3062284197, 1254866643, 1844861157, 1041113309, 3265170529, 3863863685, 3045377334, 1856978724, 1614842123, 891729157, 2912970554, 3914997455, 3906468512, 3223330844, 2916253223, 1851216243, 2626242973, 3391774348, 1358863056, 2778629777, 1134423725, 4218058591, 2649184772, 30735426, 3255677227, 881315789, 3786579846, 4052548295, 61310539, 1042319430, 175603303, 2566152635, 1931084950, 1068986135, 1577762631, 435844375, 1657545112, 2055883721, 820428736, 2007877497, 3325925775, 3858816941, 2800533755, 2718724669, 3162958458, 801956345, 1447942005, 1946149449, 1832867837, 251736811, 2437785097, 4206425062, 3627693158, 1007991246, 3480330850, 597200055, 399626940, 1400134543, 3545902468, 725724655, 874140105, 3756487505, 3208009989, 3094774699, 1640613025, 2664734172, 3841654900, 385287602, 517102493, 1372880224, 1482479377, 834961120, 2449999669, 415278567, 3015271679, 3541998380, 2498611843, 1530300516, 1295633026, 2788438553, 2316487668, 1056125815, 3880927407, 2543259319, 1382288758, 3391643418, 2268191755, 1257936698, 928555787, 3866281142, 1729396260, 2782811885, 2922677344, 850192647, 3800180969, 317379524, 2422877567, 3604852586, 575588827, 2918493325, 369964001, 3803373085, 3762505374, 2283141747, 267283888, 1446896208, 727350706, 3776130686, 2952649169, 1880156598, 2311999306, 4228277494, 2696404854, 210989458, 2569763053, 1638663254, 457227282, 4107418838, 1146449868, 2023272144, 2352425658, 2646982593, 611725707, 208772283, 2622859996, 3733824336, 3575234832, 415820006, 417763539, 2168215220, 1756424689, 1850258481, 3713224686, 3128990770, 4042071333, 173721882, 1086485731, 3036495495, 1533679217, 526641828, 877478242, 2392048188, 1267702186, 3200753410, 3132842779, 3167004427, 2816177300, 2064688542, 1624680458, 107683706, 2695845154, 3988302093, 2186763535, 2601573614, 3916147275, 3270176885, 1556510285, 2031997454, 1801722448, 3019081835, 3930090505, 3238510966, 3807023439, 3968603425, 930954349, 3136898289, 2623711824, 327840323, 4205324596, 2136575139, 931611908, 915794666, 1485744923, 3614809618, 2731786794, 1689305177, 645367704, 960348036, 3068214389, 1149841969, 1925033213, 663558863, 281707686, 3733017796, 783432451, 2489791769, 1691852379, 3591838981, 3362679581, 3290930884, 3266365431, 1535859697, 259021043, 2276071524, 887988216, 3024623065, 3749907161, 3676547983, 3761145559, 2036401261, 2260128790, 2944738224, 2899877958, 303160056, 3493491347, 3965741057, 1157841452, 1218587287, 3379015707, 3636729297, 2373230066, 1999378627, 1862705058, 1511552318, 1177439719, 1771334121, 1961220711, 3655751550, 2663535822, 2495275051, 1649951816, 3566216609, 3220786787, 2987129403, 288708154, 4278451284, 2882654852, 542827873, 2269101457, 1564793942, 2953468275, 2622671236, 1052416293, 3140857027, 1195704307, 3834934687, 928673139, 247241721, 1631303374, 50554662, 2378409735, 673969109, 4242025358, 1699779855, 3471943301, 2762822048, 1390714197, 2658026145, 1386569687, 1988869231, 1613092946, 1809535496, 207198913, 88908079, 25485737, 4125846695, 2467069071, 105620353, 785683042, 34173433, 2167715818, 2008409696, 4239417303, 1420629124, 3753915071, 2385635431, 1434315696, 3615729819, 1417709181, 680836002, 3357155938, 556324260, 1730059996, 902760833, 4239465230, 1770459478, 2908977381, 648763993, 511159214, 67597074, 2991920905, 3055455706, 4211356996, 2953463827, 629239423, 4010718522, 821564503, 2449429925, 2924699306, 4140756879, 3308177065, 3447208213, 612789092, 3853534892, 848062888, 3782965418, 3469800656, 3119238178, 4201351878, 1919361938, 3456607765, 165377321, 885803847, 2159831063, 1024216068, 3258179726, 1276774025, 4174178388, 3893253946, 3208881786, 904678448, 3221574232, 1548388819, 3426660795, 2593345414, 1905499400, 251267607, 3087589078, 2850945806, 3232420762, 3000205864, 3872147226, 1528085105, 3409219675, 3002427714, 551582842, 1425831208, 168230841, 2822307910, 3452021055, 1484356927, 3537498580, 693258963, 2347661309, 388659618, 3889536411, 2802889062, 4172702151, 1072738056, 1485567643, 3724509766, 2849617845, 2877728038, 523724871, 113550589, 3569010320, 3676560087, 2624274905, 3016238914, 3667387246, 135378870, 1918864250, 2030153620, 1008387899, 991595948, 677197849, 3143223817, 1227141602, 3957634309, 3781850601, 3214205750, 4116998384, 1755957757, 3656688577, 3765832944, 2998764542, 4277078632, 4204219639, 3576973239, 3667517861, 3407127294, 72449678, 3467343575, 3432103117, 1740991538, 3571669332, 2865293571, 3085245258, 3352727327, 2210311727, 294687168, 2568694807, 3657437777, 1894831102, 1563208368, 3845709954, 768218197, 2950036374, 1755901024, 695525581, 1161056586, 3287538201, 623619947, 2786092588, 2632341898, 601395656, 2899888240, 1206571961, 2243466067, 2112246716, 2516933601, 2379623990, 535946942, 1904363385, 1352781226, 730669779, 3919010455, 1519370727, 2789482229, 3769617618, 1226746477, 1051204074, 317078076, 1146927462, 2689421936, 2798521712, 4266320065, 686750929, 601081529, 128325965, 3569152223, 1771456426, 1878993311, 334150990, 1223346845, 3322068927, 108693503, 1998098640, 2718117009, 3996194281, 4222420991, 1593466876, 4153511254, 2766080799, 1859667332, 935814251, 3923251315, 4223742497, 4210545667, 3031222399, 189236888, 2846708659, 4103428844, 603891705, 2969526073, 1594652285, 4028331747, 2657931132, 280531029, 2200879286, 457639958, 1303946956, 1187552598, 2991317774, 1837670603, 3396228367, 3321597093, 546836941, 3508943007, 1325363637, 3037790758, 2358150554, 257672937, 989312972, 1975174281, 2379486135, 2855566383, 2038346190, 3094721157, 804661074, 639049613, 723284187, 1430550859, 4265801086, 1373996794, 3157078400, 1620481436, 91), None)
Loaded weights: -5.744212476958682, -51.936893218106036, -0.7121412700374417, 0.0, 0.0
events: 
  ----
(3, (1507375739, 232784021, 97915643, 179908322, 2113844327, 1447570186, 3913756470, 2787025037, 1469346465, 1530849305, 2664645834, 2364604819, 2795168122, 1424328332, 39267629, 65437466, 2773781933, 4093721912, 386226822, 3783122721, 311712500, 2816548667, 839624774, 1468993271, 2999219338, 2601454775, 3570898698, 549090327, 3108031950, 4098563870, 1003380489, 1097716614, 3519435790, 3145325634, 2809870531, 130830283, 1148548375, 2441425142, 2355741697, 72271036, 2108222230, 1205065242, 604203155, 2334561992, 2931134273, 3805727110, 32940486, 1998680476, 3113541874, 3944361733, 573250436, 1377994118, 1900263919, 251420694, 1252493995, 2261236046, 398422136, 2838512309, 2869644182, 3278669227, 3050610832, 3503975199, 1279927951, 1372805459, 4005144042, 7311677, 826220641, 510106980, 118116510, 4268015121, 1957762681, 2778649069, 690697539, 4131899498, 2784019633, 3810099981, 191697699, 3484172035, 1864218084, 2392394718, 2312598675, 3453938755, 274235825, 2805123387, 4179272032, 3808733610, 4041928906, 2112364283, 3045157621, 4275247111, 3023583054, 3391977190, 832672168, 3500712596, 2243617516, 2660720714, 2745312225, 32704610, 2948693311, 4098694369, 1806355854, 607911219, 3297977396, 3583184887, 3599728890, 151288370, 1775141724, 3786908866, 2485630838, 834949595, 1488134721, 2825570218, 4016110341, 2190732131, 955899021, 3237919865, 3701021811, 3721568372, 1227426561, 2180441810, 453354998, 2719844335, 4282316600, 3050354686, 3703235878, 3358112797, 1422322112, 1664970514, 234448306, 4143277395, 423973046, 1111774619, 1356579664, 3907459744, 2728886212, 2829542096, 3883699383, 1878589471, 790127985, 3206989343, 491246049, 1860470367, 3130879032, 4089350900, 98410323, 336620634, 103590973, 1202603714, 33341705, 3750990209, 2898168215, 4099273388, 2404012127, 3870318252, 1896810935, 1547862681, 2196833810, 144375857, 1853067114, 1823454817, 3225854188, 402702277, 2642137422, 2592529373, 2004072954, 779893591, 1733214790, 3566247288, 1760384718, 3082109596, 3531900651, 3567756994, 2909227744, 1046724201, 3177494267, 3612467164, 2584760580, 1185834974, 1610360073, 2539816741, 4073657586, 298667814, 2359078393, 745349148, 3809795336, 626457355, 3494200990, 3929802237, 3959077507, 2257610716, 3690054293, 3490472468, 941443851, 1963724118, 2421230596, 2848704655, 796409724, 4282772442, 3570407512, 2109032812, 2522982010, 3298566821, 1715617508, 2190217982, 755904096, 929795704, 4157114142, 144357292, 3438162477, 3885808526, 2347380391, 890858704, 4000879504, 1211824637, 184799626, 1375890281, 1178658925, 2094758785, 276381712, 4249980377, 3768088673, 3792724290, 1012356265, 3979317197, 2425181240, 260599685, 2786366238, 2006237452, 426547806, 903878923, 1174103713, 3588437170, 2950420229, 1787147233, 2604481589, 4108146783, 2899166611, 3102429331, 3157769018, 384962575, 83312720, 3537080600, 560860778, 4218217216, 3731309476, 1573051738, 170988537, 4139390765, 3031877702, 4285272337, 733347703, 3581730967, 1221228399, 3495191551, 307559526, 3301378746, 2669802362, 3283090686, 3616573555, 3320786960, 340546874, 1605686016, 885155195, 2999684069, 2137132284, 2906566203, 4264452123, 2881469194, 61231491, 2998889670, 557739219, 1225478490, 3329988383, 797282046, 3512524833, 1708777894, 2980517156, 1493271669, 1229915770, 3005989851, 2996763548, 1323766952, 4220538366, 1325956954, 2978497317, 4166917058, 3295525075, 2744456265, 1711501760, 2919738010, 4113493566, 1096460788, 3596870615, 1783328288, 2540470145, 141152732, 911455271, 439643491, 2228291191, 431137184, 306188195, 875189202, 465296752, 3093136725, 3952666303, 1153241748, 3020585367, 4265271333, 2650158209, 733878092, 3071038169, 2680387086, 1261293288, 4245696468, 382923616, 374519204, 28819840, 1417865947, 2941886420, 1168036287, 1427274807, 1948671266, 4098477666, 2286490228, 3866991117, 120768197, 3222759266, 1183488727, 1753040434, 1741419776, 1957876238, 3509857214, 3467425000, 849791816, 1691161370, 1164855242, 2859279189, 2996641459, 1235310622, 3183899835, 1929928364, 974021350, 2767010878, 3609221691, 532407600, 3403419368, 745755629, 1527613013, 432377367, 185296450, 875361142, 3558985878, 2629634802, 3766474273, 2326241261, 688689713, 2046019370, 752805851, 1843663879, 2788853420, 1963786202, 877421085, 2622735286, 3546458130, 2821746273, 1270125548, 3253130272, 116525790, 814852320, 2819207556, 69426388, 884884152, 1942785910, 1961894385, 2337999449, 4251115182, 3706025591, 580451859, 2129626842, 3545867233, 29600481, 709372748, 3014829871, 3029514808, 3089452258, 2438228923, 3357359038, 258779078, 1413245656, 2268519612, 16608650, 838145006, 946742156, 121622073, 1242178443, 3778195938, 2244083946, 4098477873, 2981592867, 2873976394, 3235278119, 3352559329, 936661113, 2905515389, 1402030385, 2365476397, 4034691959, 519650033, 2671134799, 951578014, 2871523609, 1710436979, 766789861, 1112206694, 1326522679, 2306199425, 4163810337, 1437370977, 3131349207, 2698309537, 2350232801, 3305149364, 1579347965, 4176080214, 2240788719, 1028984158, 4208243056, 3558670200, 1491809729, 3658613287, 3695614051, 3278965759, 2398971572, 3349890166, 3424446159, 186335308, 1461251261, 3245037143, 1487711074, 1454978924, 1573546361, 2255237057, 2838954290, 870340340, 4200286261, 427863899, 1297950430, 3526018189, 3835221460, 1152748042, 1450046385, 3758616316, 1955758378, 2093318061, 471823901, 3507921716, 4275336672, 1977310152, 1488025193, 1389305754, 4148531031, 2027632639, 1351520302, 2927569086, 3193859256, 3555649347, 3458956558, 4235798862, 1339173400, 3703974150, 90343380, 938402684, 3675248528, 1906851788, 2753489331, 246393295, 307665251, 1292620563, 1089675592, 2866179043, 3777402349, 4136152469, 3220010239, 2653570540, 1669896791, 1425152896, 1730324386, 807424126, 4132220641, 930502883, 2862881208, 929801913, 2042578203, 2420999640, 1485369692, 179335078, 469700124, 1900222035, 1916018297, 2209222891, 2275792680, 563384835, 1039029668, 1067834962, 1381264457, 547649338, 3248680608, 2891957996, 3168519898, 2257676584, 4049548081, 2249882848, 3097926327, 226088608, 1205780608, 2325157811, 91171569, 1184478450, 3473297915, 1883627316, 2882617044, 790524774, 3702588608, 565201718, 3742683807, 1730358700, 2299393358, 1608297150, 343058978, 9145042, 3402392656, 3128452811, 1409042368, 1783662714, 1654884212, 1609338641, 1225235961, 3688726367, 36444363, 133936930, 2117417626, 2065084056, 779222334, 1829037430, 2671135850, 1351777811, 1252310738, 3324287268, 3202042481, 553042448, 2609463567, 106597858, 1267337648, 3488552675, 123527832, 2665850252, 2389850346, 2927959378, 2716062489, 15764111, 2114455632, 3568692041, 694037579, 3141900192, 3823752232, 4109878545, 3480454113, 2774594469, 2526796502, 3853878285, 3167041642, 1286859271, 2012601358, 2981908099, 1577045506, 1282418431, 3639306526, 762876325, 2641186184, 265469691, 493382272, 1944280257, 2092011436, 3391365448, 2543620061, 2934324536, 298495390, 892529305, 521224300, 4279954374, 1809153081, 1672004907, 1851166477, 2751825113, 2167043896, 3613970869, 2667981388, 2767978938, 1203969593, 324779594, 703310315, 4065248201, 897636446, 3839979382, 4201959797, 3671844844, 2698358818, 38456112, 4172720324, 2052572566, 471236978, 484778375, 2823513752, 2615150406, 4182039095, 812333289, 1308684157, 396275174, 2422961227, 2205626354, 3171662097, 2908453636, 616033960, 807857416, 455), None)
Loaded weights: -5.744212476958682, -51.936893218106036, -0.7121412700374417, 0.0, 0.0
