Starting iterations: 50
(3, (262390951, 1587042022, 2734407815, 3326200633, 2608546128, 3245674310, 3131887828, 1462681463, 2079979412, 3686385517, 605841204, 3656072720, 2611708762, 3247084893, 3444460034, 2289553479, 2797273948, 721106227, 2716733502, 3779728159, 1624882790, 865127931, 3112112363, 294677466, 1681082086, 1698808958, 3564918578, 1729938440, 4017101369, 565678236, 4282903245, 1971948447, 1562198817, 3150086977, 1244286231, 1147587222, 1276444963, 3330573037, 2660485293, 3188590407, 1920245339, 1721478679, 848479699, 1993793891, 3395358533, 3899256578, 1907018274, 3264478414, 2585116231, 880656395, 3124327031, 575269806, 1011702803, 2212231063, 23219247, 1231027662, 3410169180, 4194586987, 199779784, 2417177614, 2496142214, 954062, 2544333664, 538007629, 2467581215, 81446453, 2669409841, 4197820422, 4225968739, 1060637154, 1142018461, 1211024173, 4012348848, 2119232772, 2339494641, 1531005507, 4045145773, 3031489156, 1173389766, 3643560276, 1941451080, 318355071, 1849108946, 2540548714, 334217544, 3474837714, 1723853901, 2143842676, 3264409610, 3677709728, 3050858283, 964566768, 3157962935, 2737342408, 3094890955, 1821538518, 1131155568, 3937281862, 4270164440, 2253137199, 1875241158, 2758499381, 1854579287, 2797370244, 3788503506, 4032684814, 633429221, 3272236063, 792770687, 1430219314, 3891806388, 2531931569, 2791429124, 3430620979, 1845757675, 1266210549, 3061197814, 2149718709, 1436795801, 596245515, 2717361341, 3406513099, 3816544244, 355073732, 3424106291, 3374467064, 3255220564, 4058778209, 771860157, 1735960945, 3424882167, 2641214104, 457652209, 4131381180, 868692007, 557526856, 3705326323, 3541538308, 4199775406, 4232553472, 1270141180, 1092077424, 1485146718, 4082186309, 1816219948, 1882855658, 1485892562, 809622540, 3608734832, 1603009439, 345571669, 1510077982, 1842209377, 854629849, 1752127694, 2563774874, 3194065666, 687544462, 3040003007, 604242612, 1922579891, 1733343040, 855131233, 3082152337, 2654991016, 1785935359, 2354469966, 873973918, 2020712877, 828731222, 2824741839, 337061256, 2957949332, 2071572265, 3421617805, 527827046, 1452589569, 1879250669, 2810728293, 2846092420, 1322267192, 1345092964, 249362880, 4046704856, 3692165942, 1499881607, 1663041628, 1050258175, 894741551, 1044330680, 3727169190, 2231507202, 3025054802, 3885622876, 2158503061, 870161225, 318134574, 1444434952, 3216253655, 1758043784, 2909852787, 2048681836, 1083425350, 3002717922, 3136994197, 799832956, 763436285, 1864235019, 1515870495, 1552297789, 3987741992, 4094765986, 219676656, 962127410, 2885643695, 505357377, 2439460545, 2872649176, 837085223, 656519516, 1921693926, 1335059229, 340670503, 321551775, 724787049, 726088845, 17344817, 4130849759, 1315967420, 2701246531, 3900199624, 2411501214, 3808615511, 898894008, 2652966088, 1514444161, 3940699238, 2801331625, 4081799688, 1156814534, 3976569895, 3064412961, 4048251617, 4050328077, 1722390689, 1633397044, 884802042, 1277386021, 1344968679, 1738149178, 1720419363, 2459503140, 3720126781, 3178185557, 75613212, 968702994, 2214672068, 2610188085, 2084230771, 3515222771, 182154682, 3929731359, 1456528779, 1413237858, 873357235, 808535320, 2726389445, 1001730428, 348134994, 1831805876, 2986444288, 3964231414, 2566099338, 2575690203, 1573797854, 639093585, 3036746369, 2077815260, 1158145288, 1826350463, 3501808219, 2150608347, 2504231256, 2113840585, 2276694493, 3746906251, 3510731415, 496123136, 236818393, 3214720116, 2219561563, 1077987844, 741075690, 2511188553, 179710632, 2530989035, 4247084806, 1075555058, 1811972532, 3914938298, 3057125535, 419918353, 2788300265, 768410449, 647591769, 4277850697, 4158349125, 1801858464, 2926949760, 1668786042, 2182295658, 1750773523, 1207776035, 3764465276, 2511857826, 1220253476, 3926280780, 3007520029, 459971576, 419083883, 1331913970, 2153526935, 1334480393, 4093696218, 3906451798, 497771377, 1313296746, 2623842479, 2814364169, 3986522023, 2104043650, 3508710454, 1166448827, 2606912736, 508779801, 2592778971, 2385725617, 3100871541, 3516215101, 3362623319, 3254012356, 596921969, 2356914657, 602017979, 1276786422, 197234879, 2301300431, 543733863, 712643137, 2207332257, 4190651312, 2221072358, 1395633417, 2418032128, 403958308, 1241937356, 1728731485, 757386451, 2393120211, 2410201823, 1692734996, 1119273874, 1659798506, 4027026502, 3799230578, 1951890833, 3838683041, 3964906385, 1396633751, 3040428969, 3669751432, 1737516365, 590954359, 3015603585, 3313183489, 3022711734, 1251791427, 2811878317, 3554609726, 1138690938, 3212143040, 3373368774, 3907831244, 3552799189, 1832861305, 2389958217, 1588678167, 1841863470, 3501616021, 2501407235, 4288652695, 3669370709, 581827970, 2639606636, 2226717726, 425510979, 1219394920, 756840561, 156176865, 3241459252, 56977330, 425774319, 2541211931, 178660662, 255451304, 162112968, 3107060230, 66130835, 2244171632, 2567081399, 1459514405, 2923677178, 2200093508, 2494752254, 2756490663, 2150569027, 4292178795, 632875127, 558781326, 3420978979, 2752894072, 4176972732, 655247073, 3497883822, 1880518221, 2431411915, 2436500244, 2633337471, 2151352840, 2704778716, 3989039492, 930031940, 813031877, 1409036966, 474801941, 3780841042, 2265404122, 94335574, 1903545460, 2160191603, 163132736, 3778056068, 1593024302, 640613009, 4227466294, 2382570465, 901528607, 1697861602, 3670459062, 3247344716, 2654971765, 2617120821, 1632615274, 147906697, 1502572234, 3292021225, 3356517312, 3611337911, 2920093805, 466506484, 1988891746, 101040305, 2922058578, 804655514, 2835957074, 3357455760, 890236605, 2357866136, 2513677604, 215029037, 1847719006, 2846529195, 641729926, 2462832110, 771506571, 2284818673, 135908678, 4067294875, 3450840142, 4012592077, 4150842837, 2234952557, 429982914, 1297747624, 3356969635, 4023499989, 1629748879, 1483305917, 110294012, 110905988, 3434036064, 1389502704, 4145430362, 2544830272, 938080962, 3089812210, 1241198230, 385485195, 3520456764, 591819035, 2964857909, 2948661656, 203769326, 4240373494, 4070736074, 3379584827, 3059251297, 797759493, 1196239538, 3180276761, 3546929535, 2336161128, 973057749, 1354095791, 1998246332, 4032825555, 369594944, 2588844592, 969930816, 507119047, 3977974875, 2886154562, 280209125, 3207912692, 1638854241, 3523855046, 2566620719, 1860711579, 2536723330, 2402173037, 707152357, 2463564281, 1703234160, 232343582, 4190482571, 70756005, 852698046, 1860996933, 2621475840, 2267485145, 3496567193, 4192447942, 1618937225, 410658437, 3751531691, 3711684676, 3326711361, 3728061197, 3665864474, 3889561880, 1644151566, 4241993532, 3415173642, 3521352610, 1532180977, 1756739683, 1109606855, 523907079, 2346851351, 3578571545, 2622034522, 2432551223, 3657116706, 1244841830, 2739838840, 2059321904, 1601594630, 657996283, 3132363247, 4139686544, 1485457996, 1055480629, 3480397091, 4275688211, 1267258693, 1616474389, 159887926, 3753877328, 3170326767, 3021719032, 2604862151, 3311971163, 553111415, 4225717531, 1196304690, 1864215759, 1384386817, 3404079142, 2591654870, 960478068, 329147719, 3427659815, 3299425804, 2199350473, 1015885968, 3602332149, 3314051395, 1302809275, 2021977776, 2829512541, 3178350453, 3136401596, 1644760370, 2817443079, 857466828, 3220123445, 300272243, 3170455569, 4288925112, 2666811302, 3624713557, 1177173624, 701105560, 2362799055, 247018309, 3326289229, 952935228, 2505721516, 3898060562, 163699929, 443583904, 1186266098, 1482969133, 2524393444, 1), None)
Loaded weights: 10.205124304949281, -12.10056944297583, -0.7162900781796975, 0.0, -2.4022439034702714
events: 
  ----
(3, (38818562, 2168078717, 991751031, 1322829594, 2044349260, 3391207793, 4164536914, 851778402, 3179148961, 3946826140, 788827291, 3356923613, 1624209350, 811157796, 1936760070, 3498001130, 1489489848, 3032202680, 1770171667, 2411310168, 2776120917, 2767809316, 2200947406, 2517399307, 3394726275, 221277560, 2750618282, 3735475086, 3224874629, 932269741, 2134507375, 935140167, 635327651, 299794384, 358370319, 2406994315, 3921068815, 3389895580, 659864878, 1731570984, 2950305154, 4046724674, 581052445, 3045130813, 2500098053, 640088639, 124191990, 804809674, 1295348539, 2980591099, 873970229, 1575541856, 1500235608, 1199976893, 3209815762, 1156464068, 3973740771, 477846574, 3425819630, 2188668419, 2538070992, 2782831069, 3536735757, 3859710514, 3714061172, 950950037, 1391248793, 1307599036, 2541924705, 2383394476, 831913937, 2722129916, 1945723823, 4069632505, 1560445781, 2277946895, 3365124268, 1325662568, 2763634779, 1908790754, 1645843835, 4206112935, 3835532024, 3197973873, 2729984772, 4093002299, 1925068306, 3915264678, 2185956869, 2730982853, 81165509, 2173115256, 1460144480, 161197914, 614145179, 3600824162, 2734167267, 1219182126, 1644456122, 1041881845, 2647070542, 1066928584, 806898905, 3227506908, 3622826015, 3352124227, 1144219686, 1007316010, 3824151074, 2242140219, 4260459010, 343785648, 1119490911, 1029925589, 931800781, 583318318, 2309775658, 2227404975, 2024556041, 2683629761, 1724101386, 1215435706, 1420753573, 1377337117, 3365280446, 1907423823, 1590323483, 2946928096, 2025662113, 669184011, 543091159, 1134065829, 3023155123, 3939328297, 2185926237, 3537936342, 1683129116, 2230062812, 2048160933, 1460227008, 1315400957, 2952939823, 663174948, 2789853455, 3254690227, 1278701664, 5949571, 4095189651, 737582420, 1426957876, 4080355330, 1970202357, 1738997547, 1439199081, 4039091185, 2495587211, 2241732581, 3636652273, 985119033, 3798462401, 747793319, 194416376, 1470033678, 3545688846, 2093802263, 3754951173, 272180009, 108986225, 1644983707, 3528574014, 1832102719, 2727562533, 302710235, 3833210325, 1901222662, 2100327676, 1607526586, 3242476072, 881362775, 1861200682, 4155089378, 3147375631, 2357341588, 4115396444, 819145671, 292015961, 2107322555, 3303854074, 1879191699, 2106595922, 2288463015, 3227440639, 1257457754, 3401762770, 212569436, 3453096603, 2820359885, 3126825252, 2731800241, 1245229989, 816412941, 1489833875, 2983855148, 2030316128, 3978792194, 3988861843, 157845981, 2269019036, 145000564, 658359527, 3337733568, 3106419264, 2186820799, 1425783645, 2418875527, 3094425127, 3645497635, 3477337993, 3587440099, 25821007, 731596797, 2071462878, 2572964553, 2531365579, 3391083883, 3253253226, 879001300, 1701338076, 145887619, 1327546899, 151424085, 2438174136, 2431368493, 4146678838, 3337609597, 2282541202, 558567319, 1453401503, 2859425214, 3477411082, 4060243051, 2463996073, 834830131, 2996548407, 2216061218, 1943809518, 815837717, 342214009, 2536795577, 694335488, 2671833625, 1031899586, 3398401037, 3786668196, 3262664071, 3258398183, 3813923304, 2553029769, 2255924961, 1622404734, 3184244608, 3879506453, 2775185338, 1790532617, 3524595984, 2937896595, 988755350, 2780437163, 3349385112, 1000532765, 3282414918, 3648893120, 4092378637, 1770003225, 2784706237, 3468511908, 3427028245, 378816689, 4069367296, 3896498858, 2660849551, 4126155390, 2736381951, 1980433618, 3940109492, 1033480826, 3434967171, 155292899, 3121676263, 165877759, 2251220784, 3413501441, 2876256622, 397922509, 3751098774, 3910147810, 3993134037, 127254283, 2532113441, 2985154367, 656056366, 3608361342, 1210615672, 1121432543, 3916552339, 1180477222, 74892082, 1965248443, 2333074202, 3851684557, 1404621351, 407792202, 3284587781, 946192963, 2365847860, 3074960163, 1651393428, 1231237433, 351465618, 1891220249, 2428306638, 3663129408, 3969932047, 3600009288, 2675326793, 1160232975, 2837659261, 1460683413, 3495823044, 1319950488, 3905851079, 740560029, 3397153075, 2450683509, 2823260568, 1040121509, 1086664030, 204690755, 3913529284, 574633917, 4121034034, 2831106786, 3929867180, 2946595409, 405534767, 3845222833, 1455954989, 3941993205, 3501340853, 675994493, 271126766, 940145893, 2040587599, 314809353, 2326116102, 3526408912, 2826446525, 3187955681, 2638522645, 3326289081, 3415605472, 3007174568, 3940768245, 359356197, 1741619403, 3514439594, 3089641175, 3203441769, 865490980, 1255851104, 1284066166, 1231720151, 3437296255, 4226805212, 2919421768, 3618653354, 3754556221, 2598030621, 344023880, 2015120331, 826322314, 2227814679, 1683400638, 1778987014, 1190377226, 3437735661, 3565396566, 2646732466, 3625060134, 2975436058, 654657659, 765074902, 3514473395, 1382392102, 3554159503, 1180388143, 1574389977, 4036793104, 2181632575, 1404587522, 1908601725, 3823174484, 946038375, 1481382126, 3314585804, 672168532, 3055522364, 4115139162, 1846596107, 2130029401, 3798603169, 1900169829, 1530838438, 3065371319, 502527236, 2531277305, 3057966774, 2562721120, 2091227825, 419013222, 3065577996, 3324255987, 3857493708, 1226359092, 723587742, 3931042619, 2638923333, 1890909193, 139910525, 3342594286, 582205122, 1813368127, 3292474048, 2655406728, 3079929013, 1260855577, 1710390732, 4266337274, 541095590, 3330582047, 1684274335, 4283749136, 846128048, 3837059896, 290117286, 369447731, 856709310, 116926118, 465520120, 1330327980, 1108749838, 3132623070, 1552446705, 413387185, 3732720631, 1824137315, 3179815063, 3339235516, 3702832322, 2880288540, 1831017649, 3522848980, 3757561951, 902802750, 850296663, 1776294463, 3372220998, 3102454521, 1304273632, 114459932, 1061570749, 3610668001, 2058995481, 4283834895, 2306522590, 3543698202, 2304571282, 4187430974, 3541867771, 674473528, 975183309, 2393427942, 3835310771, 1582353510, 1993099836, 1877991801, 3582977919, 3196243582, 3832723287, 2201905674, 63982705, 3919449789, 3838524723, 1629210871, 3115286482, 2740852947, 2849464071, 3947845976, 299251858, 1924668616, 1046518741, 3823737930, 4041355743, 3038055792, 3945060339, 816386799, 653330039, 3175072470, 1916732589, 1403356063, 865368678, 791554817, 2362176754, 4147124317, 2826510421, 4044568263, 79972071, 3670612752, 1566594109, 83168156, 1102335084, 247749179, 4136267928, 131966010, 781278824, 1134137321, 1603370413, 746785263, 160213399, 2217939797, 3535045628, 2612231595, 1085276969, 2711399336, 2922392630, 2456187589, 1273691568, 1570280487, 3268760441, 855299350, 1150555296, 1681181487, 578652350, 3567982878, 671013147, 4007562093, 2259407424, 4261238595, 2847796172, 2623519368, 3908575190, 4205939276, 769001950, 1568805466, 4198641275, 1749489400, 3627642948, 1949773843, 3750422990, 2220423198, 1130635825, 3300532105, 1491574038, 1365402338, 1902916699, 3338175815, 2832505759, 1911768346, 3554676650, 2256021130, 702375700, 2795117153, 55912679, 2852439632, 1137836704, 3564233134, 127210709, 3613002822, 1644469785, 2903101683, 3917445499, 1138155618, 1993842818, 3420402212, 276967769, 755896650, 3811587242, 2259337483, 4020374034, 2049235849, 2856656873, 94085069, 167317777, 3866015391, 212043852, 3361397850, 3036795362, 1892367406, 3291564454, 189835546, 2794927490, 3741733329, 1565497078, 2252605659, 472246872, 3313186478, 4285027100, 1318144854, 3417564868, 2438482379, 152842042, 1377220038, 1401268181, 181898027, 669568203, 2222216888, 3153374796, 1395564530, 4034020197, 3695369571, 1900010719, 1726133062, 1298193629, 486498648, 176), None)
Loaded weights: 8.69108330873894, -15.184891455377567, -0.7162900781796975, 0.0, -2.377934128446654
events: 
  ----
(3, (1762198385, 1183831899, 1960062351, 1294980827, 1610182451, 1149207374, 19830111, 1109842755, 1569693338, 2023056558, 1212936683, 511142376, 1725501387, 3687996194, 1501424400, 928864890, 2900886635, 4030337874, 2436689877, 2112909635, 3401363698, 1026719702, 3405195580, 1251608082, 2159814735, 4095026073, 642492659, 3526522115, 680453298, 1004439853, 4066558325, 2209433587, 3486830342, 2970953754, 4071003429, 703396760, 4215313222, 3828982306, 2025715597, 1914664717, 2261855451, 3894006391, 1162647518, 3085529154, 894377680, 836592075, 4081637085, 2933448676, 2547644689, 4027790715, 671893654, 923444820, 4118845869, 1572789607, 3637450300, 4092459103, 1453221798, 4167312896, 3028854717, 4130066815, 217010317, 752560923, 3635082757, 59970827, 346420289, 1871252044, 322411872, 2691143480, 786940265, 146951537, 2848686343, 2907284456, 2794643775, 3369056712, 1306361913, 519052111, 2564039355, 36622636, 2883215851, 559451632, 1573226674, 2706527623, 4000681055, 1803304015, 1851481636, 2646944186, 1795151157, 2934013409, 2810507076, 250374594, 3191948226, 2415309799, 2280897959, 2291495651, 3268285708, 750749597, 89020384, 2293058447, 626673014, 2805257376, 3028508092, 2429726241, 1385689254, 3433026309, 419922228, 2465957324, 2869967717, 3671270114, 3950218797, 1477033846, 4144046734, 3395993053, 3558639146, 2975455711, 1045198486, 2283652199, 744057045, 1294447502, 1742863992, 2007342946, 4277146317, 3997145520, 3035727053, 1711227187, 4011104195, 1088943306, 269411018, 3418848743, 3378530099, 3602299289, 2487715170, 2325532305, 1750930206, 177829901, 4072878656, 848904871, 2750065862, 1244833467, 3118651173, 4124179217, 3700490351, 2434190571, 3101065550, 3177444518, 36664095, 3143130144, 2007529608, 1912969137, 3294124151, 3207689793, 507679974, 57025670, 800275939, 1236238065, 702999382, 4128356083, 2834028285, 1041318456, 3229372871, 393803080, 1912371055, 4098203209, 2918419865, 2752176997, 1918545492, 2314452061, 3411389829, 3647127113, 4023412568, 1195769567, 4189213527, 65913240, 760054975, 1366575767, 2550276127, 750607546, 2326193988, 2157900244, 3808834619, 1010943012, 329133726, 608536787, 3618384733, 673078343, 3530405649, 3507652608, 3920188889, 4052457935, 331750499, 2114654758, 2139953963, 2329652799, 1598404704, 3960527175, 3128567391, 3304850088, 3141631501, 3301098443, 877540695, 878566843, 3315927864, 3705424816, 2010299434, 2416243459, 820934855, 2163434183, 2245735701, 1484238434, 1340957698, 3692081660, 302338678, 328681540, 1647125690, 2550272422, 2535887370, 2787764123, 4101947440, 3557393125, 1572346304, 926006637, 1855102493, 1708448478, 238724313, 2369291957, 102164851, 391308215, 776686774, 4099455855, 4162258573, 3915373434, 1166416903, 2391015802, 1072375125, 4216444222, 102806282, 2485299598, 3402450622, 1568431924, 2044060525, 2261814561, 196356009, 2559861846, 3071816510, 4007866618, 2312373669, 274990592, 4006224672, 1479423729, 1770202070, 1549787375, 341492467, 1022568086, 2228019147, 3732881135, 706830127, 1495730246, 4005571510, 676407002, 4092113100, 3509654726, 1535365583, 2685562616, 3317228867, 3528072142, 717180340, 634023238, 4190816903, 3842042647, 750786342, 1688093053, 3679954978, 3585208585, 3692420248, 2025716060, 3381033654, 1760784196, 575775228, 290097046, 1125468929, 600081077, 658951256, 273369372, 2296937014, 1676853756, 2796090173, 199143203, 730049489, 2297405345, 4045541435, 3686630813, 4280374996, 1092480246, 3176813301, 1023213995, 3572471881, 3236839516, 3523224107, 1001738184, 1823996072, 4112494888, 3813025143, 701088645, 2794680959, 895778349, 1627423423, 2850095218, 2193726194, 1480751423, 1251008574, 513889683, 1734019434, 3601892473, 1493137476, 1820207535, 1817041071, 3602108046, 3008708993, 3023584139, 782425780, 2410495936, 3854436163, 764840020, 1207329721, 3556636827, 1932925783, 2831379095, 1437877557, 2628542174, 4152672877, 4294444826, 59073940, 2771454322, 1123683881, 4281597865, 488959343, 3406895234, 3340281096, 3282106732, 37885660, 4006377651, 3842406574, 1263728448, 1187367312, 4181992477, 3870800777, 2509062321, 3688245959, 262258248, 588399825, 3169127610, 3774042014, 1254905275, 3499002385, 358365513, 2732531855, 72672434, 280765110, 1139630391, 1890970642, 227939182, 1393005529, 515518053, 3777255914, 151362684, 1653583214, 2097049745, 866195962, 2237279357, 3028004571, 2660377845, 14549778, 3176644351, 3333401294, 547951404, 433960420, 850662710, 1800708112, 1409426754, 2791354812, 924019494, 3536006821, 1540208777, 3272945392, 2341604728, 2171217297, 2856157420, 1503134225, 502625532, 2900973764, 1736022395, 2999446926, 3287241554, 3770772686, 2075199645, 591899393, 1479767019, 2131474263, 566127255, 1781655193, 2359578078, 1619315517, 1564156915, 10178765, 2825826082, 3566652670, 4161404197, 1189462281, 4255053636, 2184703392, 2140246354, 3384265130, 4294109634, 1396757892, 2807082843, 1676883436, 1222931256, 845877398, 2564253356, 2259123980, 1142503782, 369780449, 3364647225, 2691719730, 2932995906, 1760365193, 3823363754, 3574535008, 1485231449, 4282495943, 646669131, 1057400131, 317844903, 3486533507, 1192917904, 2766966321, 2098485988, 3811909633, 1109748005, 2849876884, 2299816490, 2812835886, 3457278930, 2490603015, 3168512867, 1174641571, 1144010143, 877506110, 1666006241, 1114718728, 791786462, 2422506202, 4049232852, 2181806000, 2558368146, 453843841, 2145101337, 2329641764, 735855206, 3679640308, 3497139154, 3551322452, 4040421370, 3469049617, 1251133898, 4035240692, 1565909582, 1135469698, 1835726553, 2617059032, 833857471, 1550890453, 1837127414, 3066537944, 2859957711, 833778556, 757946399, 546599152, 3839638609, 1760228746, 13918706, 3643496732, 3244619433, 906980981, 3584429736, 2259576505, 1076360108, 2389734393, 2964470459, 3784137725, 492336036, 2139991119, 3251790834, 3427744226, 3843913070, 765941665, 3777169530, 289009105, 2478617707, 3975020397, 1512907181, 1229535097, 687854214, 846850556, 3469441754, 3491151422, 3378870501, 1029399518, 3344039633, 2693871628, 2434942725, 3983369379, 2697791812, 3914208210, 3870788388, 1768862749, 709395351, 4141418517, 144296981, 1130850616, 2642441411, 2727844969, 4020936709, 2197852737, 3309866271, 2205235427, 3665295009, 2052490496, 2122891619, 3000564464, 3486069633, 3786764327, 2555393012, 3106887078, 3587804393, 2289692802, 795188966, 2842013535, 3745058825, 2412637938, 2058711572, 3345808615, 2104696048, 4242948609, 2040700371, 442486498, 1844918164, 1750803646, 2975920805, 1673090320, 864709714, 2930064829, 635248568, 2248303546, 4053656279, 3901740450, 3684203087, 485175244, 742396275, 3877467517, 3124801518, 1147551922, 1901536228, 3818924531, 1722159098, 2043939600, 3475041228, 2520111678, 3438706555, 141485061, 304839194, 1929484786, 1041604389, 2156864409, 3124702103, 630804127, 4191190628, 2538080921, 150581325, 3309309213, 1027180147, 1958168952, 2578772174, 565935520, 3254094533, 1433037202, 1093531207, 3620455220, 618043088, 4204852094, 1829660353, 3535856453, 4286289209, 3603012353, 1978719708, 2708947536, 4009444906, 3874994914, 583444417, 4177521266, 3588501519, 3592588059, 2004516511, 2828968324, 625366332, 1992277525, 3654588466, 1348193933, 4145733063, 2322148531, 2275096941, 2727958427, 832587428, 912192934, 3546600619, 533684128, 4044558306, 250533506, 334920931, 885427516, 22426238, 1220563262, 2633987504, 1447871303, 3532097072, 458), None)
Loaded weights: 7.650718927964925, -17.575337169798598, -0.7162900781796975, 0.0, -2.4063346210162107
events: 
  ----
(3, (3702639803, 3624876892, 4175686701, 773810478, 1686424640, 3654401668, 874185732, 1245646249, 3110484067, 3642410924, 2531385190, 3093466747, 3328270923, 1347863662, 4135841211, 694244248, 2449155512, 4135162691, 3046106039, 3342979412, 2853059423, 1051467285, 3466979521, 4269596899, 4162004542, 1247891959, 2108818709, 4179862239, 2764652741, 2823632621, 2790588679, 911953598, 3989550248, 2099657025, 1775495981, 3548205958, 3806205790, 2554476903, 3136082837, 1876642628, 378203341, 797790753, 2798253578, 3925417603, 853727409, 668443207, 2417112050, 26461809, 2156446577, 2909634758, 2851135319, 3510141113, 3371238516, 2730275616, 3807485314, 1601203356, 3373115911, 268217932, 1263243695, 2403482137, 311728631, 3583597836, 1946801538, 143092042, 4102926380, 2839284195, 725859923, 2163964213, 4106589435, 3858265906, 2355359273, 3454251794, 230061997, 1234651715, 2967904536, 4177157789, 3830981469, 2597972944, 2592242121, 3064014535, 3862719018, 3334199404, 3355246261, 1285658853, 3205161230, 2387652848, 1224698809, 51459254, 1722531336, 2779864040, 2720849780, 3547485890, 3957753476, 3740927244, 302802547, 1985056429, 1652810341, 4035710586, 1293723509, 250823970, 3815961579, 2807435733, 784355669, 3419019449, 1607894591, 1537587044, 3351167621, 792765846, 3986405368, 1817398361, 1479097375, 889338919, 1848003047, 546335397, 4198280523, 3679373170, 3508771628, 3250653425, 283742011, 212626574, 2563298387, 894008154, 1466563636, 15676224, 3280181980, 776033013, 3980819097, 3988037039, 2536140683, 173277739, 2372231187, 3868939485, 3165603075, 1657465887, 2018863233, 48833119, 548103568, 2697805862, 1797292312, 3071189226, 2875921505, 363434912, 1497371792, 3123071751, 3286231166, 1325292046, 265695600, 3276802541, 3258105847, 2988241034, 1330214388, 1938925292, 2909754506, 2312169681, 232091009, 1861198049, 1505042558, 3318333215, 3936436487, 1815430424, 3919739020, 628750274, 620666895, 3821546084, 4269196903, 624538360, 486512633, 1192770646, 907623205, 1123964676, 3493141768, 1181808042, 3376702942, 3629176841, 2348409463, 3311293935, 591182825, 2551702387, 59418276, 60553489, 807149362, 1477796041, 2578893355, 2239758763, 2466604090, 1352447477, 3774781570, 1545508011, 3545916525, 2905929099, 961552626, 2131124403, 2386697219, 1773189494, 296424555, 2833364945, 2753031276, 2350681616, 1418612286, 1398577954, 1009550786, 185434920, 3084464525, 2583608568, 1289452904, 1909995300, 2273875379, 3035075655, 191376111, 987338345, 3476807036, 962582480, 2994154234, 1378271317, 2042117604, 3312335157, 3297319082, 22955265, 208678971, 2824019500, 3401514935, 1241789039, 2530449740, 1390699996, 1773621860, 2190850492, 1371205581, 3259996709, 3161943812, 2423949902, 3958061537, 919792721, 694918071, 205205438, 2208648032, 1792400352, 733083167, 384891347, 4281827743, 197678480, 264170206, 976069357, 4047399224, 903376267, 3124848168, 3298464275, 3188077826, 3765694146, 3197917998, 2251767912, 2785847147, 3055956640, 588079325, 2896579507, 3507593539, 3024513265, 764725566, 1195646667, 1933515009, 2321645713, 3133612180, 3178355217, 978937204, 1383685700, 1026935720, 713720505, 326883053, 1721029824, 807981356, 2024708443, 4178024529, 379715645, 7200418, 3764192217, 3264713007, 4110395310, 2370354572, 3713628309, 4103734646, 2464305873, 1901857504, 2007490323, 2440134058, 3411977696, 125527019, 1864786934, 3989984738, 536356971, 2919798909, 1681259370, 2983632937, 1838235686, 81495658, 3708766164, 32088859, 4245196134, 976890449, 3120197935, 1247080274, 3817049463, 1901050740, 434230542, 8821806, 1770203701, 3299410463, 1042634082, 3535523310, 4001113756, 1884605804, 819940380, 1566406606, 3316459794, 757083688, 937791639, 1625874207, 260669833, 540128593, 628177571, 3331633784, 1459537706, 3301002748, 1828931891, 2050613292, 464673314, 691095186, 1871417669, 2280666331, 123158893, 4110578888, 1701406968, 2117696435, 870482930, 4172353882, 3408486494, 204889979, 118931504, 1366671774, 4082726671, 604024726, 1171741635, 1875162389, 4225562512, 2390055054, 3582703359, 3011378236, 1532311679, 925869491, 3623492285, 1984830207, 4133270081, 3333215300, 1994100140, 2410394623, 3006764647, 1686186116, 174554286, 3726033546, 3984317815, 235980599, 3689931382, 3481361286, 3614555811, 1320091313, 902870076, 3395809152, 165715379, 1220657341, 3919090201, 664557383, 3424708932, 1659537435, 1902388040, 610092061, 3402509793, 356388611, 2223964609, 2750229654, 2368807549, 747603152, 322696723, 2600147298, 3548824077, 1434177551, 1541858954, 4147767169, 4082290282, 549069933, 2291025674, 1366211552, 2477281224, 3987429341, 446122759, 1759768663, 23662386, 245095378, 1795217482, 309737750, 3506193725, 3121731602, 3783977436, 2044689462, 3272368546, 2370031470, 1999892193, 802829754, 330208670, 4227289307, 3980369807, 1919393508, 3289309516, 3385781933, 1768821909, 3782521647, 4027019250, 3063472123, 3991749369, 2428818112, 3688876499, 386399290, 2610952312, 254700492, 3928167176, 1743792, 348901643, 2410792668, 3576794215, 4283719279, 3247042451, 3006774880, 1833378183, 1753479737, 3718813371, 1356434881, 3496543488, 38294673, 2730568653, 3603886241, 701081694, 3429917147, 1820257694, 106987360, 2084193676, 2824787249, 2710103042, 1972149835, 141603781, 2822850152, 3558548615, 24932900, 3823422229, 894030442, 4128519761, 151757376, 2763648965, 2651270258, 1810930458, 3996605072, 2198560517, 1349514261, 2095969701, 2452009840, 2710769412, 2772893918, 2001145824, 520230553, 917822333, 2157849597, 1891530222, 873670782, 3943298810, 2622147662, 3495957599, 3655565160, 3230588732, 3794478947, 2987915697, 764929404, 1732331584, 3998871673, 4021585133, 2243769912, 2890539381, 284045787, 3628386822, 809891145, 1458804863, 2362087, 443557288, 2058672209, 436304805, 1220897273, 940430563, 67759821, 2929408389, 2806546185, 1743136596, 1216242017, 184467032, 4114382303, 4108379705, 2626439565, 2334763032, 763747361, 179844687, 1605285759, 1432360893, 2698332791, 326683217, 2502859973, 927149773, 1784061484, 911297669, 3835483160, 3377742483, 3668849474, 573818553, 617615308, 56830997, 161791878, 1197099346, 3725554291, 4247585309, 2560459436, 115958314, 4076228457, 3737508645, 1090537745, 4025085459, 3289359742, 2666418784, 1394296555, 975396954, 1637135670, 74510753, 3772864914, 620328158, 1023882710, 1913439328, 2723513944, 4044126156, 3259634569, 1912458157, 3107257711, 3201078797, 556967556, 1252426459, 2466829248, 1259351751, 2351546796, 522635587, 4195076692, 3228511904, 2922898114, 881918942, 2219325464, 2697088486, 3800818874, 1012040605, 4157056716, 1206943645, 3553792150, 3487667895, 4092507452, 2140894890, 3836541519, 180091798, 2578520150, 4245816572, 2146728936, 1095190539, 76331898, 2747964027, 1963689203, 1389916951, 680934981, 3271294969, 2478118851, 1663371955, 2662221954, 2971983385, 3307775473, 1749358510, 2071479600, 379267029, 3633811678, 3484348777, 990890243, 3422919967, 3110713568, 3904581537, 3231181792, 3719395153, 1669157260, 364429759, 199117318, 2828325600, 2658623187, 2212175723, 3134395095, 1067752902, 1173461265, 3925974178, 1242675394, 2103535193, 4006833895, 584272370, 3278981065, 2109394490, 1777819656, 42447176, 3442093512, 3717517914, 2371000047, 3917035071, 1393655283, 754987157, 1775174464, 2056590884, 1968071415, 570847124, 636026695, 330948058, 2238291948, 2770759572, 79), None)
Loaded weights: 6.314935115142461, -21.34815125527863, -0.7162900781796975, 0.0, -2.3083707009257135
events: 
  ----
(3, (3170621587, 1600691931, 3062193483, 1268587030, 4024745696, 3612233068, 3408189674, 2858522964, 2133063240, 2961686376, 671508589, 2287968030, 2888139643, 1804052655, 1038007641, 3918078451, 305337996, 1968676607, 2387454547, 1556840368, 495023622, 2841491589, 2108242134, 1931999443, 370871084, 2815109605, 2974986427, 1155389025, 404727758, 896953907, 2594457804, 2245157940, 2329710072, 3311583088, 4095098744, 565610094, 88123756, 3325463940, 3576467055, 1149449752, 2802299281, 3742669534, 2173358592, 3323569127, 4141425776, 2690108616, 2018097125, 3972026156, 1590064038, 1706137884, 630182916, 1694822430, 2998571653, 1144069291, 2578186271, 3028666268, 3813128419, 581588090, 4116264649, 1047897780, 2848452995, 711663316, 2024685824, 2824891238, 1812314922, 1777233704, 3996255141, 4234701883, 1145626852, 1604807734, 374320231, 3955270519, 1456136964, 2218368194, 890604494, 851959321, 2380409556, 912436056, 1884281357, 1586090089, 68985974, 347029500, 283965504, 2587379391, 3949099277, 3986240728, 3654045789, 51391053, 1143682443, 1362257245, 1942556361, 256350995, 1971091747, 2563500575, 2586682218, 2889920288, 2531081912, 1489935468, 1621067205, 3771705419, 3227321965, 995419562, 1208834746, 1785707085, 2801497002, 2538737084, 1561879684, 1768123523, 3124822350, 365520039, 2431739037, 993331433, 3187911488, 3460331606, 1542860604, 2349668750, 817657396, 198329344, 610660606, 2981942586, 1506251192, 571490716, 1194184946, 4291739421, 855972792, 926289727, 3912997922, 543934579, 48720623, 3736750535, 95220898, 55621408, 1988334768, 4130947700, 2724151722, 1908475902, 337007026, 2507217182, 1065231531, 4055502649, 953683376, 2398456848, 1964499600, 2745558966, 377677482, 3202344407, 107749924, 3642968480, 329841310, 4104939834, 1926823345, 2594073577, 3267759604, 636079179, 1846562319, 2196599549, 2407361678, 1745889348, 3604541290, 3596278012, 1861122172, 2091927060, 1981049519, 903955322, 2642235339, 1687801375, 1545037953, 1722341122, 734318612, 2980812498, 2653584937, 1532381447, 3026687184, 3631807134, 1483538515, 3181210072, 3353031281, 1767075095, 1514058670, 2344294490, 3592882696, 192781640, 1793879571, 2359957484, 2567175563, 1258752369, 3785153887, 1748111927, 3947379, 1739053434, 1787698585, 658507326, 2623763226, 1363857674, 1355357286, 829859770, 1404470967, 1637444889, 2168102769, 2153847858, 2254298879, 943143630, 1935393722, 597436325, 3538782000, 3504161476, 3189382309, 846187343, 2797023769, 3840715127, 555034066, 1892480373, 4070334909, 4059444026, 1714126367, 4011203258, 819897440, 3424769329, 959037315, 2509818948, 2258616268, 2116529745, 1265917306, 288577141, 317915396, 1958500565, 487133785, 3804262161, 391502844, 1517842788, 2315050209, 1650050020, 3511933619, 3405151578, 3742069924, 4092837272, 586642270, 2392135805, 3451631062, 2885350932, 4019833094, 88181189, 711829481, 252945816, 2383570729, 3511595218, 754092241, 1120885649, 3930462385, 3081231292, 674554243, 3734309789, 680574179, 1087557829, 2281067206, 1322632017, 2413613449, 976450707, 434771107, 3619626418, 47375015, 2839186882, 143272268, 467291320, 1249606663, 1167709638, 2009685112, 3205748999, 2051761836, 604090103, 339743526, 4142910241, 158465531, 2148192173, 2529139963, 409087328, 2450888073, 1606604479, 3044895145, 3390347253, 3874112509, 2434055882, 3509228908, 972208585, 356083073, 3283098680, 3900768862, 667618658, 1483858785, 4182614475, 3735604085, 1852340255, 1198116034, 936272631, 3270257288, 2153596179, 3662865534, 1936055246, 1124717843, 778911422, 2294904389, 894879193, 2668559324, 918428420, 1768948201, 1494367482, 699908903, 2083963584, 213948914, 1044530087, 3102659126, 3186781721, 1868778572, 1890619149, 2648463958, 3443220476, 3665971411, 1350785013, 1681455238, 1461510109, 2000879193, 2805027708, 2711192113, 2185600497, 4127450129, 4201590647, 980203554, 4208737289, 1239437782, 3994638268, 1939798964, 2594437895, 4073110931, 2181823462, 1793592475, 2465980801, 3043848191, 3270587222, 2161513943, 283722005, 4088267678, 483165051, 2143318574, 1761773610, 4285556960, 2801439480, 55142587, 3152555032, 2151065699, 612088528, 2225306059, 2916643480, 4154815699, 2608531552, 626554404, 770444202, 823072675, 3685492710, 782714395, 289618291, 76099066, 1543540269, 1797873120, 824551026, 1216997144, 2182509610, 1551824618, 4062090956, 2833643698, 2640975426, 2602038802, 2644833403, 45106168, 3590034810, 1114405279, 1113484501, 725371099, 614416345, 168501311, 3485172037, 3575782802, 2644842199, 2937979320, 770256785, 297357169, 529354115, 3525180281, 106505612, 1969512944, 2580115870, 3785512486, 805570367, 1680689542, 1532659048, 1395178279, 587189407, 14484627, 3273822752, 731069929, 3364367051, 4194224719, 516745188, 1594633847, 3493210284, 1619273688, 4274891548, 1680631618, 2937374074, 695922158, 2533599642, 1628810617, 816911555, 855948936, 601358973, 2278294420, 1214140947, 2470481228, 554558340, 714078722, 3690219260, 1683708046, 281301438, 2719743968, 1416521177, 2450070517, 1738014873, 2041404196, 3754295759, 3617331922, 3725758073, 2487278631, 596242703, 4176068676, 1714849330, 3121081974, 1423506070, 2953346392, 2653267424, 116622266, 4054605325, 3488289276, 3943474264, 3218237627, 3541064602, 1360083980, 755571895, 1721626328, 3324085982, 3604839172, 298890319, 3006397826, 1450627108, 4293402600, 1376420960, 2537038492, 542013108, 2197122617, 2026083892, 3307702761, 3628106507, 2587884248, 2376660171, 2286959208, 3028207821, 214418716, 1425805559, 3550858467, 4119878969, 818246328, 1682489806, 4264238952, 3806582941, 2970214220, 3304041407, 2194413462, 3163417103, 2215083932, 2249238880, 810023220, 1783506943, 2415882400, 1451883252, 1660397138, 1324784626, 2286028915, 2163253519, 3666284390, 2793422416, 1026719951, 3051367791, 2664699414, 3514252222, 3420256731, 3177567011, 3437284013, 3346851523, 561967579, 3084295446, 362219746, 3728697826, 3315473313, 1500889652, 2218165912, 617250537, 3967446462, 1008696397, 446710274, 1970650432, 1404934515, 3825326714, 3151146836, 662114189, 1041403310, 2245401599, 4024065761, 1243210887, 1643415326, 3665466550, 1304779958, 4050044196, 3494925094, 2393041886, 3274306566, 2049012501, 2232387203, 3129033028, 2157017448, 3939411194, 2049043689, 1871439990, 732932905, 1505385330, 3257070837, 432500718, 776632495, 306381593, 121905559, 2848198938, 3312735743, 2538534231, 2437339652, 407802942, 190161957, 2317032337, 3973621319, 1841074534, 2879158369, 1901469327, 1907001090, 2627495707, 3799124641, 2702710128, 2686955160, 944284718, 2864519930, 950379403, 691578541, 1216162002, 1616081942, 3677353432, 2096332898, 320820741, 3979762388, 506700295, 2276249245, 2349767164, 1851802475, 2354331242, 2775029665, 2105946003, 3790566856, 486349382, 379460524, 2383071046, 60646203, 1357157213, 3437334358, 2348047754, 1816309067, 205100788, 4015621047, 417617084, 3215534239, 491053004, 628354957, 3928494661, 2924037923, 1480454538, 2975181090, 191014928, 3337989381, 959926238, 297968682, 1502729193, 3864330172, 2128013060, 1167010088, 1601621926, 3262560920, 3107995567, 3774569259, 660907518, 3857084198, 2237484919, 1979095840, 2998612740, 2976310872, 3789139350, 2632371827, 2307594076, 1126385340, 3457725657, 4063848003, 580777311, 2312211737, 1099161680, 2760112780, 1108203394, 554119413, 4023486202, 1384541061, 1369208017, 1886190421, 3349698565, 411), None)
Loaded weights: 5.212978927854072, -24.011608481748503, -0.7162900781796975, 0.0, -2.3802174230633657
events: 
  ----
(3, (899575186, 2849579923, 2907088832, 3456931135, 1969996114, 983450114, 2231821318, 521526524, 3868095656, 2837963691, 2872773365, 3865091212, 2076757266, 3874636554, 2642228453, 2048734670, 2155576797, 434267746, 641461707, 2642425423, 2896924441, 1415276137, 2070874698, 1867963672, 2586408339, 1673140066, 2936553014, 2651244562, 3828057951, 1962901314, 2637116373, 2465356846, 3164852673, 3997942683, 1934799416, 4199126258, 1160626416, 1234770334, 916021658, 981669199, 4054837391, 1178004154, 195575585, 3028779972, 3139912252, 1526596502, 3849354252, 1047659999, 533844025, 1952056538, 4104388305, 1451786905, 3938486981, 653217106, 204747754, 390296390, 56602205, 882641191, 2138351086, 253634087, 771103070, 4184910185, 3429938872, 3963430733, 3110060895, 641829733, 1396854287, 1860416878, 2066720492, 1099606543, 1501084765, 1537213242, 1716785071, 2762070671, 1653114702, 3086535206, 2682191379, 602098255, 180466404, 2248748455, 2353477278, 942769428, 4267357311, 1665596665, 541417624, 2535014051, 2524331531, 861872745, 828449662, 2053847261, 942359302, 2659454081, 546138303, 3552757667, 2270653486, 2159175303, 3506609429, 1705490576, 1846772281, 3629695538, 3934056387, 831628735, 1912603675, 3605242484, 316458218, 3938104538, 2306046071, 4049267993, 4025712321, 2345681043, 2984741355, 1287408851, 2200036945, 3593058506, 561087306, 1716303540, 2151627263, 4259882654, 1388809754, 219631554, 3413292152, 1850979535, 1468607093, 2312298234, 204561566, 4155783703, 3004966899, 494175019, 215274872, 3259433785, 3949395818, 1096820401, 1419200844, 2055212028, 559601805, 3358186540, 327148385, 3908950565, 3012998234, 1529358159, 2931742482, 3221202103, 2258372236, 3657935185, 2653541898, 1214494007, 2794110785, 2769083144, 1474995707, 1274590822, 3843136420, 281641464, 1465922017, 1282579833, 962993361, 3885570271, 1279307788, 2177985871, 1401475061, 1582275219, 1982139352, 3260150174, 3252638821, 3947206488, 4166713813, 1513446987, 761776518, 2454627991, 2497401493, 3095252128, 2029496886, 3209977289, 297423580, 349259070, 36941482, 3967496779, 1672200466, 780286700, 1429806960, 2817657426, 3460993838, 3225168541, 174890242, 986762669, 3832504539, 376436463, 4032128520, 3160752875, 3657170680, 34011440, 1268642453, 3211006127, 1674035349, 4002489142, 562830339, 2702268334, 4032157114, 2143355099, 1055287581, 2678683272, 57496257, 4225456965, 830905506, 3381500083, 1326056604, 602132907, 1164057103, 4289049331, 1506137952, 3790369969, 1085761523, 1017138802, 4050652865, 2839431532, 4187208068, 2857776243, 2642784024, 1280172551, 1263502962, 3888915818, 2752950389, 79502920, 2118163743, 1543498503, 4073384036, 3890266790, 1874911058, 2117369964, 2229607201, 816871791, 3206575309, 3301612756, 1608875183, 3934477908, 1726743088, 3086339335, 929423178, 3454455838, 3013470086, 201599377, 1029322551, 289626062, 2106910466, 511377046, 1900363275, 3913947516, 636431192, 8401822, 260606903, 3061697108, 3642025993, 1466538813, 3671838687, 2901612373, 1617205605, 2060279620, 2968417748, 148015451, 3106788087, 1690439757, 4208362874, 924296862, 4154765998, 4179152428, 1800795005, 226348966, 3154266387, 2357877721, 3443428638, 25704114, 385406603, 1721175070, 3287536799, 925303470, 1916998511, 2413013538, 2192826202, 1997929178, 2861201852, 12393444, 1852117559, 1688303964, 3534921597, 2429267010, 356779835, 187966657, 1559994518, 2563135537, 1558104403, 975987677, 33663901, 2599101758, 2762869441, 1916033867, 3083183928, 369546451, 943212520, 3790923275, 1284938853, 4214752338, 1728186556, 1829763744, 3970418596, 846089784, 258626610, 2266162088, 3088207047, 2317843047, 3189249048, 3794656612, 2763488042, 1475659454, 910805498, 2560103200, 1438813591, 3307780040, 2334270456, 171392837, 738382768, 2183440204, 3227151901, 1318264297, 1486362784, 856416194, 2174263284, 858119720, 2084465897, 2391590696, 110956129, 198146497, 1119547176, 4072090364, 2881440041, 1695534821, 1630514438, 743274977, 3936934200, 1753494495, 2646629510, 3136743326, 21449128, 512866909, 1389228705, 3213299087, 2929061858, 2322303640, 283335118, 308367510, 1013868967, 3436193359, 3745441718, 4008400424, 3121200679, 3786415329, 193103614, 2371612278, 4019261642, 624815288, 3502836439, 1456725937, 3448306741, 349075069, 3501920021, 926617837, 3925270576, 3718893359, 1646750761, 4207684427, 4048203670, 3407347077, 232612787, 3748788214, 1654554506, 1588867921, 489381309, 3682349385, 3233782101, 2031926116, 2921132421, 1039220520, 2611521229, 1860770829, 677724104, 3717506923, 387939153, 3817767574, 493029461, 1284979488, 3467987281, 2970517366, 709829656, 3394086166, 2006457599, 2650481866, 440004615, 230514691, 2582414768, 3023471645, 35190899, 4098721572, 1538733772, 3032287566, 3294635549, 334091006, 300216162, 657403089, 2960681199, 2599937497, 3418226256, 3824089953, 3145791251, 4260183967, 2659927822, 4088620994, 1094900541, 3495671902, 1384122610, 1591349140, 2459841489, 300575954, 3874687977, 813818867, 1378801053, 1616504991, 2500177992, 36750479, 692242096, 1755537320, 232434854, 3803071086, 21090539, 1937695934, 1358467762, 1482812724, 2513031096, 1103227340, 2935924289, 63874606, 2642334123, 2525333055, 3703053120, 1064451334, 3286112702, 4111282462, 3284262019, 2013360414, 3302811141, 3480751607, 3579704496, 1742234590, 818184981, 3443451792, 2397405334, 1683803676, 773045046, 479665378, 1288811125, 79364326, 836922766, 318407107, 895456494, 583278340, 1958877630, 1896234436, 2123393210, 55030056, 4022646738, 1698205291, 593966889, 1115777206, 4127433223, 700567981, 305495164, 1686708371, 3352196678, 1300968569, 4118126308, 2167870611, 4215683101, 3710154639, 3350719023, 1361005132, 1572213437, 768065842, 3517081859, 3564000580, 931270501, 1028093378, 3035562230, 3100555685, 2443400179, 2545106767, 3402077928, 1132108954, 1983682663, 76105004, 442726457, 1546867450, 1233697007, 942958992, 1537074100, 1884835875, 1153312137, 3029264773, 2954032163, 2816104637, 973587780, 3736301137, 1453429857, 2405157079, 1517853531, 172835308, 2430048737, 2988326713, 1690442413, 1814334172, 387000710, 1692599750, 2723694508, 3431342930, 895823524, 3595656507, 4062109062, 2746692726, 3165931177, 215883985, 2388612655, 2199539223, 1523191451, 1618518767, 515072897, 3077807767, 3421590623, 910147663, 437144372, 615691276, 4140815849, 1594220810, 2237336778, 2129306872, 3569310015, 3378573146, 1496156895, 1682358276, 2095675382, 2697224031, 1669798100, 4170132892, 3654655675, 2963909935, 1669846394, 3515566264, 1862372415, 1767956884, 1272358450, 2332683752, 804384168, 1922258211, 3743469584, 3586558232, 4119385400, 1471447148, 4200339517, 1886785193, 780369697, 1945685484, 3168598187, 3405525671, 4183432523, 1647986757, 4059660460, 2782585396, 2372856123, 3357890700, 2736499175, 438218252, 2301233290, 806814156, 3908541778, 346935075, 2915186367, 2371789422, 3287908752, 1679841235, 2300663109, 518330777, 986523508, 3575785636, 1367286389, 1791584584, 1805694722, 3776426533, 1751750148, 1359811575, 2242336969, 3549248258, 3836516950, 753286911, 450451710, 2347459264, 218522030, 802712110, 14296621, 3125073093, 1614881510, 4138697385, 1293806051, 1288925483, 707565475, 1240767638, 1670401496, 4144724143, 734578918, 2156101126, 743885576, 3707024407, 3490223287, 2747534525, 4255475307, 2278791650, 742239869, 3137813874, 3076652254, 3273896825, 560), None)
Loaded weights: 3.9560789870583712, -26.02082254797569, -0.7162900781796975, 0.0, -2.4511063381452765
