Starting iterations: 50
(3, (1412024558, 1811601234, 1669727762, 1296806275, 3223454749, 4180356221, 148239649, 3202150716, 2218497136, 1711410411, 3077281090, 1359752338, 30479633, 2238523704, 140865569, 2803582565, 1943585954, 3280051070, 4240208989, 1599396956, 760654223, 1594347379, 2107222517, 2356229706, 4128800042, 1226550885, 2661388624, 1484622593, 989206618, 156198240, 1755685653, 1440093056, 1506720446, 3094170716, 560157371, 2699515830, 1685920027, 125851027, 512047104, 2760583261, 203653275, 23253052, 2949421990, 4138918366, 4239357603, 377973354, 368180017, 3458961070, 2837817106, 3624616737, 975923524, 717165094, 633136530, 3455575860, 2774647724, 1378292083, 3838707540, 2009599450, 2033184237, 113641156, 4257052726, 2295285217, 1492153215, 1377625281, 2225392426, 1246112387, 3063787597, 3095083463, 936036759, 1867197906, 474368778, 2923268169, 234814489, 390259, 2996728921, 2464059008, 338311941, 3381844114, 3386699836, 1165353553, 3993477701, 1471486915, 443606624, 4095207048, 1496380697, 3982845159, 1818232519, 1574175196, 545303310, 3086977482, 2577207366, 705590893, 115266150, 3512977291, 135952062, 499601446, 1876235277, 1513587139, 3000817596, 3069584150, 44387785, 4195937548, 1726099533, 4136289715, 3685747198, 2801614763, 578577204, 3786388872, 2274191469, 3616504744, 2533545923, 181777669, 1838482628, 1320840217, 3345544955, 272061973, 3485962789, 467201781, 3339735206, 3332182983, 4132262188, 683879881, 1511285717, 655491958, 3681212924, 2642672351, 780180094, 888880458, 799864947, 2581855833, 3315749766, 2190218936, 3052562689, 1173154821, 2840154912, 252460286, 3686745143, 1587395034, 1646883738, 2868251440, 1703390211, 1409584573, 1466497430, 4020962407, 1617746293, 2418170956, 3441230517, 948710068, 103323744, 4145104890, 3521382176, 4228892097, 2594661720, 1953437746, 2635970732, 3280229206, 1680328818, 912062840, 4289292384, 606170303, 2283433881, 3039978911, 1296102755, 1741780074, 698395431, 4051289573, 779998182, 3353133557, 2772461208, 3716046063, 2342204466, 2323475663, 2857818806, 4065675479, 3356681438, 1666127002, 846035351, 4037701413, 623031030, 4135509978, 1612047903, 1187628022, 3496862513, 1490575186, 339617092, 1980358926, 1167753964, 1229809512, 3436513196, 264122210, 3375437077, 811575341, 1386364233, 3769108192, 851333456, 4202152112, 3295424679, 2069419254, 3059566964, 2120175887, 567270576, 661783728, 3440901371, 839836821, 4206502950, 1631941453, 4070257259, 1148954211, 2800708251, 3981931573, 389204533, 1191183065, 1094951655, 1580138549, 3669882438, 4118192290, 1671460560, 2937835476, 1254596373, 2796668395, 698616938, 3848674483, 567216072, 1664390943, 2295470009, 2215223764, 3139494874, 950906318, 442821913, 1077343623, 3656930007, 1873687065, 682029521, 2031934518, 2873441928, 627271628, 3925738102, 3157096162, 3800865814, 2890554077, 1525225429, 866185855, 3903811136, 2627472776, 1653485283, 2855657195, 92250738, 4195798730, 2509711793, 3498333693, 1864602252, 2778066389, 3920019063, 3542253897, 281280199, 2150872843, 3383793794, 3374623440, 1102836214, 2063313159, 2215900835, 2028740798, 1054858798, 1176232731, 3561966548, 1266716820, 2675082545, 3392017459, 3549399767, 3600661325, 3322791623, 2125375390, 81001206, 4016483689, 3042535452, 1633374551, 2357649980, 2137451560, 682325360, 1024907289, 125803798, 2394402186, 2198951294, 1159371214, 2921405597, 3551454693, 1577733422, 2980043548, 552788724, 836016944, 1523586578, 385770713, 2302610126, 1985369164, 1411894731, 3678837125, 3656073403, 1020262174, 3842012802, 1787666786, 1297669700, 3369670586, 3373988305, 1382346128, 2928433433, 4128630157, 790751384, 568887949, 2033519257, 3204439309, 3984309193, 1644863270, 3223130486, 3757290269, 524132440, 1164132747, 4158316506, 2323912515, 599172124, 4183091808, 3967801237, 488844431, 3382186650, 2006137766, 3432769447, 2987074551, 1164235836, 1092175535, 378423103, 1730974297, 2166179826, 3883311023, 3727554883, 4237759356, 1205115447, 2941630625, 1843794984, 3714032358, 2507039813, 2387519872, 3729210007, 1292380749, 2460421578, 2674389582, 3397492942, 3235155581, 3089600935, 3715066535, 1612729475, 2553019290, 2000312550, 2865538733, 927817373, 2393556088, 2232287842, 2871343130, 82695547, 968189308, 2399380524, 3403237140, 3593800095, 1963765997, 3386935385, 702006433, 3264074207, 308548886, 2103075995, 3699750982, 2052361705, 2825565156, 1649585944, 2692114962, 1517140505, 2852646265, 392650145, 3668531553, 3836783119, 945464587, 1489784782, 3898134438, 287635113, 363219767, 1998370631, 3173749041, 901316391, 2269597283, 2698149457, 3123212356, 3694696021, 3290864783, 3932259441, 2496915018, 1759198345, 2825340201, 605330290, 3270721350, 2510841030, 2272500881, 2971874635, 999269666, 2259979414, 3587039364, 210267423, 1708205162, 3071930315, 1338313425, 3192826545, 1270222866, 1455821220, 3308100603, 4163220907, 863437764, 1500376350, 1467422940, 2437953470, 1349002148, 428623126, 2946548932, 3778590950, 3930349536, 354027807, 334831547, 3351614270, 2999473738, 2498082933, 1980136611, 2206688520, 1879747228, 1567450250, 3137130416, 2455904959, 3919374526, 3210930389, 1339324755, 1671768831, 1180817982, 2540024942, 470026348, 2506834509, 1607393078, 2244917451, 3974610536, 3953636805, 2265494470, 3569727722, 3381657159, 3948543526, 1072112867, 198606160, 1684842894, 139670708, 534832000, 732770507, 939310348, 2590283462, 1433994497, 1318159344, 666432582, 2267586349, 3337924210, 2178187717, 361122234, 863874691, 1936680898, 2164759244, 2596872521, 1360139852, 2505239192, 391040372, 957379295, 3695625003, 306601965, 3377764059, 2033771138, 3921793163, 3358435268, 3435780451, 2325767329, 2327139299, 4051253922, 1683552529, 1214981326, 3547151431, 3110531237, 2918081061, 1206566421, 509950017, 4075753938, 576290750, 72123958, 1585523677, 2612624536, 2998189485, 765067160, 404621597, 3109291718, 3898400553, 1529158624, 2102084166, 4260615984, 2006663886, 1297949065, 999295612, 332147458, 2350564412, 4102934603, 2156714602, 3871744379, 2105766108, 3313905215, 1344781529, 532821327, 120327056, 96396625, 262460170, 1530874215, 2555446174, 470857413, 2431012603, 2882992708, 2213994258, 3054302132, 1052642133, 3201713002, 1267220591, 816975517, 1483850869, 3835465272, 408502856, 2395964488, 1275339764, 2404258803, 3010425259, 4179236808, 645427264, 2376400927, 632257021, 1466297236, 3737340116, 2732562630, 4202257893, 115064808, 2853930841, 3801770812, 1798070808, 2117653377, 245230598, 2573138215, 379407345, 699762341, 2637772852, 1586052702, 1426721786, 889539873, 3090849276, 1194179876, 4288838155, 1829070388, 1504343454, 1703979046, 2806643657, 2226030043, 824712899, 2204325634, 1370012725, 2004080290, 3515256086, 4258348143, 1987097056, 2045982890, 1717081957, 229565235, 21226698, 1353791051, 1031956795, 607365973, 1842990458, 243048401, 3007609788, 2579946147, 3735660816, 1954884840, 841101204, 898141, 4011932118, 4194532604, 3445999818, 3241166507, 2141828832, 493001335, 2889890189, 658792338, 3534565300, 3385225015, 2148666489, 2206302964, 2741083316, 3718549804, 3959104378, 3952069974, 3719735906, 3283721092, 2272810408, 1354196931, 3778718431, 1067454700, 613354033, 3432792322, 1844649006, 1288454399, 610869594, 2814134750, 1472456736, 3750211297, 1605190521, 3804295536, 1118820408, 3379157175, 408857218, 679503580, 1271220511, 105454578, 3648053851, 3216801969, 1), None)
write weights?
events: me's bomb hit a wall, me's bomb hit a wall, me killed itself, 
  ----
(3, (1412024558, 1811601234, 1669727762, 1296806275, 3223454749, 4180356221, 148239649, 3202150716, 2218497136, 1711410411, 3077281090, 1359752338, 30479633, 2238523704, 140865569, 2803582565, 1943585954, 3280051070, 4240208989, 1599396956, 760654223, 1594347379, 2107222517, 2356229706, 4128800042, 1226550885, 2661388624, 1484622593, 989206618, 156198240, 1755685653, 1440093056, 1506720446, 3094170716, 560157371, 2699515830, 1685920027, 125851027, 512047104, 2760583261, 203653275, 23253052, 2949421990, 4138918366, 4239357603, 377973354, 368180017, 3458961070, 2837817106, 3624616737, 975923524, 717165094, 633136530, 3455575860, 2774647724, 1378292083, 3838707540, 2009599450, 2033184237, 113641156, 4257052726, 2295285217, 1492153215, 1377625281, 2225392426, 1246112387, 3063787597, 3095083463, 936036759, 1867197906, 474368778, 2923268169, 234814489, 390259, 2996728921, 2464059008, 338311941, 3381844114, 3386699836, 1165353553, 3993477701, 1471486915, 443606624, 4095207048, 1496380697, 3982845159, 1818232519, 1574175196, 545303310, 3086977482, 2577207366, 705590893, 115266150, 3512977291, 135952062, 499601446, 1876235277, 1513587139, 3000817596, 3069584150, 44387785, 4195937548, 1726099533, 4136289715, 3685747198, 2801614763, 578577204, 3786388872, 2274191469, 3616504744, 2533545923, 181777669, 1838482628, 1320840217, 3345544955, 272061973, 3485962789, 467201781, 3339735206, 3332182983, 4132262188, 683879881, 1511285717, 655491958, 3681212924, 2642672351, 780180094, 888880458, 799864947, 2581855833, 3315749766, 2190218936, 3052562689, 1173154821, 2840154912, 252460286, 3686745143, 1587395034, 1646883738, 2868251440, 1703390211, 1409584573, 1466497430, 4020962407, 1617746293, 2418170956, 3441230517, 948710068, 103323744, 4145104890, 3521382176, 4228892097, 2594661720, 1953437746, 2635970732, 3280229206, 1680328818, 912062840, 4289292384, 606170303, 2283433881, 3039978911, 1296102755, 1741780074, 698395431, 4051289573, 779998182, 3353133557, 2772461208, 3716046063, 2342204466, 2323475663, 2857818806, 4065675479, 3356681438, 1666127002, 846035351, 4037701413, 623031030, 4135509978, 1612047903, 1187628022, 3496862513, 1490575186, 339617092, 1980358926, 1167753964, 1229809512, 3436513196, 264122210, 3375437077, 811575341, 1386364233, 3769108192, 851333456, 4202152112, 3295424679, 2069419254, 3059566964, 2120175887, 567270576, 661783728, 3440901371, 839836821, 4206502950, 1631941453, 4070257259, 1148954211, 2800708251, 3981931573, 389204533, 1191183065, 1094951655, 1580138549, 3669882438, 4118192290, 1671460560, 2937835476, 1254596373, 2796668395, 698616938, 3848674483, 567216072, 1664390943, 2295470009, 2215223764, 3139494874, 950906318, 442821913, 1077343623, 3656930007, 1873687065, 682029521, 2031934518, 2873441928, 627271628, 3925738102, 3157096162, 3800865814, 2890554077, 1525225429, 866185855, 3903811136, 2627472776, 1653485283, 2855657195, 92250738, 4195798730, 2509711793, 3498333693, 1864602252, 2778066389, 3920019063, 3542253897, 281280199, 2150872843, 3383793794, 3374623440, 1102836214, 2063313159, 2215900835, 2028740798, 1054858798, 1176232731, 3561966548, 1266716820, 2675082545, 3392017459, 3549399767, 3600661325, 3322791623, 2125375390, 81001206, 4016483689, 3042535452, 1633374551, 2357649980, 2137451560, 682325360, 1024907289, 125803798, 2394402186, 2198951294, 1159371214, 2921405597, 3551454693, 1577733422, 2980043548, 552788724, 836016944, 1523586578, 385770713, 2302610126, 1985369164, 1411894731, 3678837125, 3656073403, 1020262174, 3842012802, 1787666786, 1297669700, 3369670586, 3373988305, 1382346128, 2928433433, 4128630157, 790751384, 568887949, 2033519257, 3204439309, 3984309193, 1644863270, 3223130486, 3757290269, 524132440, 1164132747, 4158316506, 2323912515, 599172124, 4183091808, 3967801237, 488844431, 3382186650, 2006137766, 3432769447, 2987074551, 1164235836, 1092175535, 378423103, 1730974297, 2166179826, 3883311023, 3727554883, 4237759356, 1205115447, 2941630625, 1843794984, 3714032358, 2507039813, 2387519872, 3729210007, 1292380749, 2460421578, 2674389582, 3397492942, 3235155581, 3089600935, 3715066535, 1612729475, 2553019290, 2000312550, 2865538733, 927817373, 2393556088, 2232287842, 2871343130, 82695547, 968189308, 2399380524, 3403237140, 3593800095, 1963765997, 3386935385, 702006433, 3264074207, 308548886, 2103075995, 3699750982, 2052361705, 2825565156, 1649585944, 2692114962, 1517140505, 2852646265, 392650145, 3668531553, 3836783119, 945464587, 1489784782, 3898134438, 287635113, 363219767, 1998370631, 3173749041, 901316391, 2269597283, 2698149457, 3123212356, 3694696021, 3290864783, 3932259441, 2496915018, 1759198345, 2825340201, 605330290, 3270721350, 2510841030, 2272500881, 2971874635, 999269666, 2259979414, 3587039364, 210267423, 1708205162, 3071930315, 1338313425, 3192826545, 1270222866, 1455821220, 3308100603, 4163220907, 863437764, 1500376350, 1467422940, 2437953470, 1349002148, 428623126, 2946548932, 3778590950, 3930349536, 354027807, 334831547, 3351614270, 2999473738, 2498082933, 1980136611, 2206688520, 1879747228, 1567450250, 3137130416, 2455904959, 3919374526, 3210930389, 1339324755, 1671768831, 1180817982, 2540024942, 470026348, 2506834509, 1607393078, 2244917451, 3974610536, 3953636805, 2265494470, 3569727722, 3381657159, 3948543526, 1072112867, 198606160, 1684842894, 139670708, 534832000, 732770507, 939310348, 2590283462, 1433994497, 1318159344, 666432582, 2267586349, 3337924210, 2178187717, 361122234, 863874691, 1936680898, 2164759244, 2596872521, 1360139852, 2505239192, 391040372, 957379295, 3695625003, 306601965, 3377764059, 2033771138, 3921793163, 3358435268, 3435780451, 2325767329, 2327139299, 4051253922, 1683552529, 1214981326, 3547151431, 3110531237, 2918081061, 1206566421, 509950017, 4075753938, 576290750, 72123958, 1585523677, 2612624536, 2998189485, 765067160, 404621597, 3109291718, 3898400553, 1529158624, 2102084166, 4260615984, 2006663886, 1297949065, 999295612, 332147458, 2350564412, 4102934603, 2156714602, 3871744379, 2105766108, 3313905215, 1344781529, 532821327, 120327056, 96396625, 262460170, 1530874215, 2555446174, 470857413, 2431012603, 2882992708, 2213994258, 3054302132, 1052642133, 3201713002, 1267220591, 816975517, 1483850869, 3835465272, 408502856, 2395964488, 1275339764, 2404258803, 3010425259, 4179236808, 645427264, 2376400927, 632257021, 1466297236, 3737340116, 2732562630, 4202257893, 115064808, 2853930841, 3801770812, 1798070808, 2117653377, 245230598, 2573138215, 379407345, 699762341, 2637772852, 1586052702, 1426721786, 889539873, 3090849276, 1194179876, 4288838155, 1829070388, 1504343454, 1703979046, 2806643657, 2226030043, 824712899, 2204325634, 1370012725, 2004080290, 3515256086, 4258348143, 1987097056, 2045982890, 1717081957, 229565235, 21226698, 1353791051, 1031956795, 607365973, 1842990458, 243048401, 3007609788, 2579946147, 3735660816, 1954884840, 841101204, 898141, 4011932118, 4194532604, 3445999818, 3241166507, 2141828832, 493001335, 2889890189, 658792338, 3534565300, 3385225015, 2148666489, 2206302964, 2741083316, 3718549804, 3959104378, 3952069974, 3719735906, 3283721092, 2272810408, 1354196931, 3778718431, 1067454700, 613354033, 3432792322, 1844649006, 1288454399, 610869594, 2814134750, 1472456736, 3750211297, 1605190521, 3804295536, 1118820408, 3379157175, 408857218, 679503580, 1271220511, 105454578, 3648053851, 3216801969, 269), None)
write weights?
events: 
  ----
(3, (2995713848, 2162177602, 2216873276, 1068318279, 810600037, 3521783632, 2059361524, 4110689779, 2781658235, 2784714768, 590349915, 3475385331, 3348828007, 622837092, 3119648809, 545361743, 1991759203, 1980153167, 1069698442, 2519703822, 422286242, 1190976707, 3967599813, 1846949770, 4000348246, 3365231510, 1207837461, 2308879448, 1923206675, 786236509, 1524736860, 1904884181, 2798283166, 1541094205, 4193207141, 1414845575, 3575440197, 1827124991, 3442278095, 1216136444, 481648754, 2190282654, 613920729, 1653715781, 2812545885, 2019031170, 2686284945, 2153212771, 1015213832, 3058453124, 716746224, 419958681, 1117215252, 1524880738, 4026260454, 432681825, 1276689377, 1073467631, 1444546147, 1884241899, 4208453225, 1918375501, 1995599053, 2206655568, 3920489508, 2973484666, 3059371006, 1139429080, 2909583264, 1597060041, 457481827, 3367568295, 2686072889, 1543588312, 1529419949, 441006982, 1576111819, 2368710805, 866117171, 1656928414, 2020759967, 2274173139, 3413297638, 2445816642, 3889243746, 1012240379, 2542596171, 3182311330, 1544911600, 1386983522, 1054906939, 557192845, 3052786988, 445386882, 2505757835, 475432820, 2575994790, 24142531, 3794736973, 805751058, 1713991014, 2536696511, 1606288694, 440616497, 2267745923, 1789803494, 589033926, 1456783573, 2672455071, 1376059732, 983845670, 1263137470, 2077468908, 3936057211, 3469815450, 3116855901, 3512345332, 741145433, 2709090395, 3816270600, 3514405118, 618975182, 3093298175, 2923672556, 1640349188, 1778271850, 2762726863, 3310783625, 2773172590, 983625142, 2782561636, 3685271063, 1966162581, 1486916196, 3368553868, 129524591, 2522139429, 393005453, 2564687239, 3462668067, 3832487317, 4118230047, 201501226, 323453312, 248156622, 1436399324, 3202121318, 1748512296, 1169191036, 1718611862, 2119281432, 1540290909, 1401031356, 2478302306, 1061885941, 656011203, 774582685, 2280532428, 2352331684, 1655176472, 2928993316, 2785198064, 1450709523, 714153605, 622516214, 1712781104, 965052199, 50892665, 2160347146, 2487949071, 568802007, 593222843, 2580622366, 38921482, 2080991614, 2172512478, 4058820870, 1863528512, 520930488, 2228981418, 756579882, 41564923, 4121621770, 3568745394, 1333910639, 284126946, 615188457, 3377183232, 3185339213, 1895166623, 1516130, 3488618651, 758552839, 4112453925, 444579786, 697534264, 3026847052, 2604443843, 1705417388, 3011932908, 3458044788, 1417178584, 729812931, 3773544561, 705925885, 658340930, 2877424685, 1799728973, 3489864233, 4129218548, 1981083825, 3562700162, 4208160826, 154655353, 3708230031, 638833480, 3356117259, 2747677740, 1754309466, 377347597, 1657955889, 1220094310, 2148703628, 3601134108, 1145948952, 2229310390, 3823785558, 649343339, 972291166, 836129928, 3513948052, 3171618386, 3982772555, 1864221616, 2813695509, 2436087104, 4226669409, 1383483472, 767554, 870790226, 2781312132, 2376443657, 1859094923, 2667082445, 4195672805, 2105384115, 2871314027, 3404248997, 3082176226, 2616003971, 3855905215, 61577138, 940354541, 2526506153, 277864194, 377061970, 1246712117, 977034151, 3590282633, 1036722704, 665660258, 3867192434, 3998324181, 4282074799, 153616053, 1537019016, 3026419258, 3967423942, 1892377319, 3734633573, 499572874, 2781738534, 3605798633, 4205953183, 1777496855, 985767446, 3388947600, 1055725384, 2659963722, 1093178527, 1572340647, 2926801241, 2068283270, 3254814064, 3475247810, 958341364, 1753272933, 2863568659, 1790073813, 1536845764, 301033187, 3979503939, 3390106716, 88153540, 4148277957, 1485940514, 22464582, 700753186, 3187659542, 2260096795, 2020459013, 2796344474, 1937460558, 3552514712, 1865280140, 1678709375, 3946728711, 3722472460, 33193610, 617063645, 3771563217, 3353325273, 3399804586, 3625066599, 102180792, 1744311581, 2397113116, 1866188853, 496788413, 1522699833, 3440719386, 2979454406, 1738480295, 651152554, 3246212071, 2157804883, 2307054234, 4100390438, 1034687308, 1597023951, 4042307897, 1899315965, 350597720, 3656977410, 3631656026, 3921241995, 2091569191, 3910912475, 208578174, 2381874552, 353882754, 3347228799, 4134833018, 3021664915, 3578662072, 1684146263, 348696196, 945882720, 686895619, 3284326284, 573395045, 2741739925, 1856709718, 3861699838, 2428768388, 2117409548, 645553928, 2723895154, 3200542109, 2267248261, 3140379341, 1966143871, 3394974176, 773493525, 1583268614, 1065060117, 3760636672, 5106622, 3779227117, 2100034982, 58504329, 4210359325, 3650547903, 1818714217, 3697553991, 2933953956, 2739539404, 1379372287, 1877122702, 2182660407, 7106854, 2647522441, 2693044100, 3992977105, 491077154, 1163146323, 1068746042, 1501568977, 1561936232, 3124781300, 1626926496, 3363830125, 3945653627, 1804585630, 577835226, 3390077545, 1325033880, 3766358189, 2124156458, 2592827989, 1756829000, 2739269422, 3012917995, 1936258620, 2449016311, 2569216319, 3774908067, 108754680, 3118745561, 280010496, 2366454352, 1664559840, 995418764, 738401334, 2709498834, 2971290054, 1730515197, 1888189969, 3134338923, 4273155415, 1710042663, 966620757, 1895279645, 1729128873, 2033657421, 1684351016, 3414370210, 3769311537, 1225132544, 4223249987, 2485505070, 3970586184, 3655331892, 56107405, 1215644242, 3685859358, 3088899010, 3853115720, 3149730329, 1631362176, 2135164237, 836531122, 1704430251, 2724763006, 1577677776, 490495049, 3498507427, 1731811481, 2056224161, 2218461142, 3646194652, 3365135266, 2669595952, 4007140661, 3573547828, 515587494, 571092651, 1273915613, 3731970411, 881244534, 635365229, 654569867, 2827226785, 4218295815, 2249877547, 1753398628, 961429790, 3999273534, 136654521, 3655620801, 1322511844, 1203116375, 31583730, 114073329, 2935907399, 1222253196, 1203080972, 965109905, 2065107683, 3542640570, 2997026510, 2687627774, 3552725727, 2242957560, 3233920114, 1137013110, 79473401, 1988203709, 3836145513, 1478078692, 4075288803, 3379892412, 223474500, 560253547, 4040169125, 2649603500, 3003871637, 593707433, 2603883966, 2904670094, 1159192708, 1949988393, 858229655, 3488767630, 3718467506, 3738025599, 2873308413, 595180489, 364435097, 2321289525, 1424568072, 3434223370, 2731074179, 1867693024, 507085695, 1721424410, 2358938745, 2156589377, 3101234273, 2347467733, 1581736990, 823527344, 1207600791, 4254750894, 2828341939, 147816947, 3036155911, 876700449, 2714441406, 360275124, 1292938174, 2945639046, 411179419, 3087168807, 1111121116, 3391451819, 259346711, 3484211387, 2528142010, 781252743, 2608856979, 2316457163, 380969091, 4218894864, 3375305002, 450008510, 3479519861, 525542205, 1011134027, 1761838781, 1233867653, 3958916634, 51866396, 2510263396, 2549096628, 2608176790, 699536853, 3693446134, 1140659950, 2655649635, 44498480, 434770916, 3892890634, 2373336802, 3533841034, 615375093, 1780001680, 1848609394, 4219155498, 1548775447, 734344149, 3589275357, 3576832941, 2466327238, 3010487061, 505271486, 1576282299, 999255483, 1988131867, 33550558, 2624473738, 2312439630, 3879432701, 300598243, 3747277068, 3631645176, 2125718799, 3304765885, 3800630427, 1165204985, 2109258972, 1997034716, 3264217169, 958887395, 1099770564, 2968691639, 335131952, 1988175156, 2402491062, 3075319182, 230403499, 2681739411, 1605605018, 182446204, 233276553, 3836586825, 2757157302, 1989541681, 581135401, 2997880617, 4263631422, 1990511154, 4087305212, 3379418201, 1759537001, 1011789172, 133971056, 752335073, 3695168003, 1472721195, 1756055399, 2546061608, 214338286, 398266884, 412), None)
write weights?
events: 
  ----
(3, (2685275020, 1015900340, 1549092265, 3919038117, 2343632006, 3469399185, 3504493594, 1511516949, 3420361015, 697316689, 3101742046, 1126265013, 1111441842, 150766235, 2860473752, 2567420130, 2382950990, 3198061847, 3121453377, 732977452, 3405619375, 367322582, 2310551186, 1389695500, 1574427550, 2315259208, 1675572101, 2574217627, 3926072025, 3874747916, 1097239812, 1516453583, 257721090, 836427075, 529042644, 1784230217, 3961735725, 4159409642, 3213861472, 3058068475, 3840894599, 1895724330, 3380409853, 4120817724, 1308069875, 3968958524, 2068549648, 4719700, 102398219, 2245700187, 4072009610, 1539625131, 2840259943, 4004081199, 494815949, 538583071, 1747797405, 1728426202, 3214152332, 2255056192, 2882196260, 2080432082, 893766494, 1359483263, 2141065910, 4087950174, 2593861995, 2427204603, 2652017759, 2917449456, 1395925810, 3240133242, 3085237293, 4199534957, 1251116180, 3054606920, 2572417636, 1849239425, 2042316483, 3800306460, 2739423271, 514747920, 2613870107, 3242880511, 1729332956, 1091338789, 3681012521, 2932541706, 1787865415, 2193905467, 4279381796, 4267443711, 358594725, 1631724153, 2271105798, 26522775, 4174662613, 1489972700, 3320764709, 2149566246, 2985460777, 4109049637, 956869705, 3750418202, 23948250, 581596020, 2106625595, 1259260322, 3083812565, 3054571886, 115163798, 676397807, 639179351, 864139333, 156835579, 3395679225, 2689365651, 2542635917, 388042654, 3827713030, 3539506854, 1040079169, 3704248867, 782613276, 99165317, 3433552047, 104443445, 4197495300, 1436546856, 2786415285, 3231559925, 1113261867, 958994822, 1769254264, 1967547374, 2325794006, 1790746942, 3613257408, 874499557, 3830083330, 740291179, 3501275055, 657668167, 2618996596, 2698809253, 165355440, 2406165764, 3958843668, 702898805, 4031617017, 2881285964, 361081621, 1624798348, 2401659040, 1635516708, 2366259981, 2523431042, 3521838438, 3928383514, 1056466887, 2401557518, 2982784824, 302629118, 271291851, 719415420, 1841479494, 368757121, 3535799951, 4152417197, 2749597220, 3867858160, 4153647653, 494437010, 365004650, 3578858162, 2915334958, 3834163942, 3170238793, 477107179, 192419758, 2746925081, 1280640670, 1805954311, 1655051362, 2174922815, 1818641110, 894377699, 415001717, 956614760, 2126017598, 2047477039, 756742343, 3874792884, 814179129, 1673631552, 3634692855, 3987837277, 861824914, 2838600385, 1962376330, 482153432, 66825608, 506513769, 3250246666, 2353440434, 3547997267, 3866464005, 3169761602, 2678244531, 1179920689, 1555612144, 1607128116, 1864587978, 1235936806, 632103830, 1318242214, 2559494735, 480786116, 2927162029, 2946351031, 143338578, 3694560453, 1016432677, 177054443, 2511444211, 2100535749, 3723475566, 3170366883, 610681584, 1961627235, 3071426956, 1678403836, 3108255049, 1513107407, 311309749, 790678616, 1084952953, 3102017791, 1523772060, 1356659696, 3609649600, 1141909890, 259207515, 1779053539, 1495856017, 915884715, 3620516385, 2435220446, 3239760840, 1650114194, 318822869, 3638116023, 407047107, 731438084, 2454958258, 1445724828, 1659202304, 4069626655, 75935687, 478811827, 43682682, 4054382305, 2362188481, 834143656, 3659860910, 2780700029, 3229311256, 92432171, 3334093767, 2275378616, 3883420463, 3213439064, 146919596, 2528778564, 489212767, 585492291, 3668713983, 4260365871, 2723686971, 513694827, 1620600412, 1625158926, 18506407, 264195324, 998908064, 316459873, 171349526, 1201360401, 1372449840, 2763376880, 4271478017, 446063768, 2970199484, 942889174, 4242858090, 2662985852, 3104238689, 1305201337, 460527912, 1390063088, 3910777632, 858726963, 2681082628, 4005891874, 3308658273, 3576483999, 2356421914, 3820320610, 2512719009, 849506476, 1001196108, 37877129, 3020759753, 2557237493, 71283547, 1843408073, 1817248766, 1758768677, 1245049404, 869606312, 965299354, 1838771850, 317936322, 1096964857, 2173248426, 2167387240, 4197234741, 4012150159, 1115421853, 2558017546, 1041811131, 186626806, 240579957, 296474646, 2799356600, 1351804441, 462701916, 1089081769, 783106131, 1821569814, 2303220901, 1919114054, 157301359, 3404427471, 2092187513, 491083996, 4162242358, 1602797432, 471806599, 349455054, 2786646793, 1924970158, 4289836752, 1314629239, 2234138498, 1185077420, 3073964300, 116863716, 2562854070, 4256602175, 2330222872, 1349253918, 1151677827, 1167311037, 1374199189, 67939429, 2758580957, 2243327042, 2921646460, 3213218524, 946370981, 1428113189, 3873447771, 944866552, 3162989510, 2017485971, 6218073, 2622332939, 2374073169, 552487967, 415770171, 826165990, 1660751034, 3637125011, 1783125904, 4127163015, 2335234288, 2712173754, 2900991810, 1651881518, 2904349090, 3330222622, 403003913, 79839724, 1858112356, 2432560993, 181681837, 2579813349, 1675536336, 1763903542, 73625853, 361957144, 3564109872, 1971093698, 1768890633, 4126728293, 1212525778, 641749802, 67979550, 1830957103, 322797842, 2617819513, 2053622989, 636537610, 1076971670, 3550392521, 3757407209, 4268469829, 3410747059, 218792568, 3040962764, 3266507153, 1915062012, 1210233508, 23917446, 2364541200, 2645187789, 2017335000, 2804927094, 1411526526, 3085958958, 3769196200, 199132234, 3259969068, 2436258125, 3282872658, 880859541, 2557409315, 794073716, 3381258419, 1363468287, 2389595676, 1604750617, 4153045927, 2336139327, 523451427, 1158259492, 2898535005, 3727361838, 1346357707, 1858360122, 3661561451, 2471960448, 3077553140, 4088032112, 2892752250, 3356723922, 19029478, 1044984903, 849606176, 3501811669, 2680455738, 3416225668, 2595132851, 3433322061, 1182124563, 1743581935, 171755075, 4058690877, 1746585513, 3503918999, 1507329384, 2902045964, 1505439965, 4115369624, 3804238926, 3885054469, 3078876283, 4048358762, 1091728548, 2071995643, 1656366338, 351562464, 42316089, 2473798564, 2681227876, 3200412722, 2848017425, 2644782739, 750218863, 1426230774, 2626548236, 738510999, 1629215381, 1265940989, 104281042, 1327928755, 3940697584, 3910791071, 1783242990, 900698767, 2645802571, 85772292, 3028125222, 194931151, 1861288090, 3593089360, 4081892815, 4244327755, 1802433827, 702957433, 4091994430, 1702205073, 2619533174, 1960190748, 3465026259, 2113405071, 1006481390, 3328906669, 3727300531, 548952846, 1175524350, 2692013099, 1950668263, 2426714783, 2550637044, 2448600255, 4194054271, 2039712873, 3108390619, 4178345569, 276800115, 1344625363, 3983084404, 1605336808, 1266095349, 2356980782, 1895119633, 3422632213, 549088735, 1148043855, 3597505477, 1348186561, 147229547, 633201914, 4103070681, 3849585385, 3198397280, 3222281483, 2940095455, 1956542964, 3221394980, 2346745434, 2983503983, 2728280772, 2410301096, 3060433393, 1608928716, 2637430168, 1325763181, 492753380, 2464066749, 371849576, 1925534745, 2343850252, 463541659, 1535456815, 3036006064, 2235814802, 2240418650, 2031370110, 2401607280, 1422249407, 950421091, 277239079, 2884474373, 2417706188, 72373723, 1917013697, 4052128661, 179381712, 1874802595, 2539587970, 2559937930, 1791783448, 2123583214, 1187214398, 1655198602, 2883224893, 2054777837, 2115496659, 3920112994, 3247941195, 2225737663, 80188742, 3889697764, 2227519558, 1072821502, 247043554, 959805777, 2931112046, 3546196107, 2100269229, 2678428610, 924042608, 3752463242, 3266052952, 2425430256, 2976840109, 502129061, 2744679050, 1401421422, 138532980, 1716018075, 3213830656, 2937553274, 3977697921, 436964476, 882139732, 3042462053, 253929848, 681823763, 2602788451, 450050923, 83), None)
write weights?
events: 
  ----
(3, (3347212223, 3573331419, 3303037883, 1102778046, 3959348623, 3154192957, 2172634519, 3582515533, 943213074, 1412810045, 3738721199, 621996487, 4032086461, 100806622, 3498777864, 1029944810, 3820436830, 2218734825, 2252774495, 1669536609, 3029982382, 3482830330, 1684015998, 2611643651, 3350394677, 2596450273, 3718101686, 3982872117, 4287230486, 4246280783, 3423025504, 2692844535, 3586650368, 3089873220, 1284339411, 2764542339, 3116034265, 3471935613, 25635952, 3758086665, 3759260342, 2464305237, 3007754413, 2931271897, 3089536514, 570639633, 4155404685, 289088613, 2228672977, 1012094177, 1479473879, 1401340226, 3194211843, 3111372419, 1396399803, 1044974993, 2230150041, 3965739574, 4016002010, 2650202944, 2132947471, 619434472, 2200915520, 4017516174, 2786072469, 534405102, 1274035345, 447065277, 277321067, 242672502, 715949950, 856718324, 2352324544, 3046165981, 1120979020, 3763357758, 3081704386, 1352572198, 3548519872, 792571593, 4174699379, 1705214648, 3099587204, 134866837, 3677672655, 2689548203, 1440757180, 2134101976, 129683750, 3242949536, 1340603953, 1308836382, 2233388940, 1454220405, 1162811544, 2305187234, 226249851, 4035667376, 1178128449, 2396481400, 161446589, 747964772, 1167018851, 1964582754, 2363918321, 2732343238, 2449138423, 2305902202, 905545773, 2504298523, 2121043047, 1996452031, 3953564126, 3024255195, 1339861021, 2891652359, 1324126831, 1061594323, 4238031056, 344214492, 4228526993, 1896253539, 2306394685, 3141826963, 4182396790, 2053159918, 1230802149, 4201333003, 302364785, 1756677146, 30999349, 1694957738, 2382106727, 3283046294, 355451928, 628820556, 3334994964, 2628266181, 2035426164, 1132193220, 3248820249, 110106089, 783758949, 2366321986, 2457869341, 1475225411, 2101157857, 3897025823, 1436653818, 2963961167, 1835650613, 4034668365, 2829942671, 69237094, 1603209085, 3235135003, 3642873564, 3616371401, 1239336340, 2985881590, 117611088, 3560381927, 3726176343, 137258458, 2755654430, 2245799287, 3266176897, 1769769989, 1246811785, 683695191, 1446291325, 3422524123, 2406142191, 1404877351, 3653739495, 646026444, 4292212248, 3350653965, 2924584402, 416191519, 1652217492, 3734612125, 3235223972, 2473118992, 428611272, 351286828, 230886255, 1984828972, 1104114929, 3805202038, 3979190070, 2560677863, 3140643502, 1341596019, 1559370950, 776461882, 3708107894, 2304239865, 2644749729, 2325465514, 1040982586, 2561229193, 434639700, 3902171959, 602606205, 2535319536, 3251818339, 3788118006, 629714893, 3975177120, 3212069610, 2264880328, 960008886, 2974739265, 1959697853, 2634943884, 672940281, 834397065, 1641148030, 2840808616, 2904063681, 4090893977, 689318095, 2633160158, 3476205102, 3050617684, 3718279525, 2511423175, 2005008949, 3748232061, 868104896, 1851029492, 1209109765, 288386962, 3256401761, 2170909297, 3511677341, 3014733537, 226268223, 3687297373, 1678392095, 1312437626, 2439912644, 1445721161, 108798307, 883455376, 722492046, 3558126922, 3199900339, 4108900171, 785296007, 312197643, 2400109027, 3568591599, 2255736699, 3472574358, 1566139167, 390913628, 936128625, 3565860029, 435647211, 2481182572, 4229665623, 2494065934, 86390300, 1639619836, 70670659, 1514434442, 3509424777, 1509041637, 4050858229, 4232478292, 694045107, 540189949, 2571200283, 814250481, 3684951849, 2416598805, 2244042664, 2385509677, 2300394500, 3401506615, 966175727, 2569565129, 2080814937, 3930331345, 657716375, 1472513047, 917583248, 1701524511, 2721930434, 3197420875, 1136915333, 1971473572, 1442403459, 3574354820, 4053513973, 655690730, 444411148, 3099148880, 1963977755, 1295499726, 2536689583, 1279044653, 2734704054, 2511867725, 1592202616, 725544444, 1022540526, 2775152546, 2418126222, 1480258932, 1970381582, 2398575822, 3502991715, 831672537, 1814666349, 1794967343, 1474941898, 2581227969, 1616974640, 1278652921, 819970049, 230219182, 2954674052, 2720414852, 1615696224, 4054463532, 547957089, 2206963937, 1888943641, 314920340, 2852770765, 2190968747, 2016445865, 942910083, 741943312, 4029848721, 1085671732, 1980368723, 3446920568, 3529770485, 270931391, 2847816972, 837028029, 3230686027, 2067797088, 1796020749, 2070718724, 58464102, 3256492740, 3331494942, 2219169802, 1271501604, 2570726749, 161072375, 735010152, 230163822, 2194996330, 3364757739, 2879042073, 2926964230, 2663013069, 2000355841, 128372264, 4067221189, 27320293, 2528605351, 1498610823, 3951802984, 1049372175, 955818863, 197584191, 1669246466, 225404809, 3431356553, 662967701, 2996945730, 956543389, 1036115021, 482302997, 1861320992, 1975091469, 2886073620, 1954153301, 205957612, 3777810859, 1366709745, 2769143536, 3365313670, 1796337877, 1899359941, 2277313921, 4123894323, 4161457002, 2519890176, 3173680506, 668726421, 4285404864, 341039182, 1500854699, 4093617151, 1547687085, 1382733379, 1682058464, 3396553659, 200195466, 1618768411, 1895825493, 3377158445, 73670003, 4256645233, 101209001, 769371940, 3330932375, 3074259418, 83075467, 293650608, 3727005403, 2710757064, 3081169252, 635494328, 173442920, 3719513525, 2402282609, 1249784600, 4135895750, 765183745, 4072166966, 35646659, 2562901091, 1711556696, 3057283302, 272716570, 2149335903, 3871372248, 2043653998, 3906865104, 993202254, 3365031318, 3061432399, 2182441966, 1069778048, 4102792249, 3878341959, 1129660396, 641330521, 3255696726, 46219939, 510918994, 686103092, 2258182638, 3999491758, 2759148765, 3280254074, 327927644, 2683852174, 3046248508, 1996852452, 4182085168, 1590832783, 2815886499, 1429899383, 773155428, 1233353527, 2810338711, 1204904611, 3321352542, 2738873969, 537553872, 986183421, 268499941, 3246218529, 297115074, 2775891821, 1417328494, 908169641, 1449667634, 1913845849, 734421825, 3857281134, 2349464075, 1454452693, 1424029389, 1487207278, 1756169832, 425894506, 3459110269, 1555091588, 3600471468, 2599326728, 3391939208, 3359621481, 3095704930, 1499461219, 1874225295, 1820526365, 485980133, 2304994851, 2860593195, 3085159175, 3687777049, 716618466, 124019473, 2809323352, 2933147392, 1853952789, 1852320382, 637605241, 3027056780, 2698707798, 2545208526, 3830803306, 1566106905, 3918035361, 3510994184, 2023089128, 402679499, 1216970317, 329244162, 1451935067, 3704326729, 908495272, 1623284581, 1796659984, 3415001996, 1565518512, 2429459184, 3365687932, 1924939840, 2634796491, 303716352, 2735508215, 825272844, 2542655321, 986508537, 1142643445, 791249371, 2440000324, 3461346038, 1019815411, 569246044, 2902042035, 2130144784, 3383903772, 3160105569, 3331046513, 2573315434, 2191598793, 1251015931, 767137468, 4125917353, 1673844844, 822259714, 3061782392, 3801405766, 3967335943, 2114912469, 3964614781, 2762390335, 317743402, 858028317, 2556014672, 702742678, 619357827, 4101776124, 1819337739, 2412919985, 2426473560, 1823214080, 2922181172, 3264110269, 1170983077, 3926625836, 3891487184, 861997922, 3629944148, 1647523195, 1733913867, 3239922402, 3843995690, 2459281820, 1171456562, 1588159588, 854696473, 2713011829, 4191815982, 662650968, 1245834031, 951656315, 1139741872, 4268076498, 691104197, 1136858438, 2774236501, 456154276, 3027451927, 969993470, 3177885464, 480016648, 2480491160, 3941605120, 3277099368, 2081290029, 2641675911, 1482010673, 1971932213, 3707801628, 3104817453, 1685437512, 3318088227, 1885007727, 2791978238, 4276831403, 117282124, 1250827119, 2241026744, 1901838847, 4069620392, 3224131901, 2023028197, 1821624452, 1112757354, 132318842, 157), None)
write weights?
events: 
  ----
(3, (3568115367, 68586434, 1955487505, 4118996915, 888636990, 2240317113, 2712013370, 945687017, 2036406778, 3179946114, 2885531175, 3491942484, 2320125634, 740398071, 2735118980, 936627462, 4140598671, 480378983, 1609843893, 515854300, 1984635469, 2887095140, 894381206, 1299653153, 4052301975, 1687706163, 839455344, 4041938298, 2918846176, 2424790646, 3839078949, 2556145334, 1577726049, 1737281493, 3983487046, 1945089109, 3996198907, 3235894631, 1345793539, 164056629, 950509349, 4221106375, 113322277, 3932851022, 1243380153, 2635861145, 622757588, 2085163376, 2222204227, 2468749549, 3956186615, 2230850941, 3687142092, 3631220150, 11868153, 1964861373, 3527767494, 3022724503, 1567667964, 2036464726, 2816997576, 1989290948, 2399058295, 2496828826, 3896126292, 3922339552, 3125742821, 3636986205, 2696490028, 1384587548, 3699371172, 2770676113, 3821714913, 1538233051, 539549690, 2594886848, 2046481233, 2360717709, 2599211221, 2470661327, 616164718, 1850540315, 4140441684, 1367059158, 1160172801, 1010906379, 1803096353, 1534694397, 1208531896, 3885624749, 3912004722, 1581233986, 616871753, 3091798084, 3466579033, 394876811, 2160134074, 2739613340, 1759370035, 2974026396, 180220759, 850164557, 2416812954, 681064480, 2325814522, 4215503686, 1138540588, 1686547345, 1031716818, 2294277625, 3424592638, 332552598, 2000991294, 1581115271, 412218002, 439063170, 3690137519, 3620070857, 2600968422, 3751299839, 4186673701, 3577588620, 3610595860, 707781344, 2717636542, 2340454149, 3304868671, 3139221495, 4292258177, 3299597301, 2722962085, 1466624656, 325838731, 3617337287, 11001126, 2154788093, 3865841329, 3945055971, 460398107, 4257309222, 4117314544, 524048553, 3368708183, 3967916834, 3541148194, 191863452, 3554421824, 2741144161, 1023862809, 691530676, 945229331, 1342122961, 142655560, 2608244189, 1284386683, 257176322, 3284974009, 3532682674, 4201164477, 2952393519, 3441180409, 441184393, 3769731538, 15702181, 3905085305, 1611133775, 3293967947, 2563407128, 2031401992, 3730966378, 858080515, 1310512368, 2625300428, 466064152, 2446234843, 2048996265, 282609909, 2967187257, 3859739058, 3915507230, 3564589546, 120824281, 2292788330, 2849551182, 2565714570, 3661248346, 1703833458, 2334042302, 2429691214, 2404173493, 4062681972, 400088696, 3326754589, 1838553811, 3913695951, 129234942, 2657112549, 1921129306, 1585297521, 3950334218, 2894920933, 4053706418, 2984246348, 1529118585, 3783191800, 984958470, 216595670, 1454907838, 1848476129, 708012352, 2659138168, 3851651190, 3856300343, 648674338, 2128472489, 1802282077, 2134771120, 907371123, 1579662651, 1243075847, 2444786284, 1058201104, 3461690322, 520987378, 913937710, 3045841927, 3560117702, 912568162, 2997520035, 760300145, 3265846345, 2314727523, 2366681456, 430105941, 3789815822, 2295222763, 2103052077, 1951091943, 1690941477, 1632101266, 188516682, 2880541926, 3318646781, 1828333025, 116800175, 1249667570, 884282745, 2954813387, 1332299806, 4213229834, 3711071227, 1862723769, 2546654107, 3896001810, 2543236785, 1516113840, 2602643800, 1715280578, 722879543, 2348366283, 1853695075, 174737714, 968590034, 2896313589, 4026702617, 3408179837, 619018736, 2302273214, 241785578, 2809135488, 2487858276, 2277240255, 336457272, 2964751750, 3171261783, 816670216, 1110163384, 2838376995, 1525111604, 2672544974, 606591730, 3312906961, 3766611590, 894344885, 402759968, 2548169832, 3414896258, 3166659072, 3710845204, 2682263318, 1385187296, 282288713, 3540713650, 163255931, 4065208479, 1098663817, 17671401, 3510729250, 3111749817, 4586291, 2100589116, 2998470898, 1706832393, 1752887690, 1600194292, 4120861289, 2262579761, 985706521, 2096741066, 3202021011, 1030148204, 2141062278, 993696620, 2585007439, 2595752782, 3876898129, 1274011365, 3268976023, 3420074877, 1425293009, 123400295, 1341693062, 290797916, 2563725432, 4065865950, 419107715, 2307985546, 3286357816, 2858485730, 1900964937, 570072810, 112018883, 587204684, 2798400039, 3784822287, 727854042, 699276142, 2890147428, 2984241888, 1375559298, 2919716258, 3381282962, 250907652, 436843310, 1854240947, 3869747926, 1930852134, 3292382887, 3565396031, 4130882422, 1231464687, 3822664635, 3999577751, 1365896526, 1725490515, 3929081653, 3262634306, 2737267856, 2854570554, 3752726104, 2158418116, 3606200479, 1660568866, 3854526885, 1260001630, 3265904950, 1871866026, 13170028, 720995741, 243583887, 1777695306, 1341808738, 986762653, 1281568603, 472454906, 4157362700, 812059157, 4259210754, 3356980520, 2681724573, 2886624589, 4015677218, 425119112, 553191628, 3568509252, 1408661175, 1581934856, 3751468417, 2113978058, 204587367, 2709380888, 1913973094, 2213122697, 3092288510, 3553837464, 662830773, 344411647, 210914915, 70596823, 701025222, 3140547128, 1725550162, 3390892119, 586768005, 216709691, 2751049591, 1079472076, 1979703583, 3130965392, 1402180108, 235643817, 1122052993, 3436699848, 3754041574, 3498054739, 1268991316, 2274141933, 1144905926, 1192341788, 2644069295, 1063679247, 3966566779, 2959271419, 1090459394, 398262998, 1698683154, 615514709, 2513491966, 697950220, 615919266, 673602389, 4200846475, 1922428811, 2515430822, 634918994, 315250262, 509373096, 3286676063, 3252334269, 669919695, 1738754517, 557591529, 3357656734, 2510541772, 1472200069, 3560176456, 1796287404, 1238395874, 807984825, 3660037832, 474034693, 1095247481, 2126106294, 3052490747, 2141277388, 3176574052, 2006469231, 3106544187, 3042260859, 2071009000, 2470565851, 309458154, 2680480985, 3230861929, 4269986547, 2653534635, 1136397117, 3282815661, 4222918926, 1101384796, 4260554956, 3208652000, 44476179, 3204971024, 3659760764, 3446747157, 3491028755, 2100543240, 3823987142, 2772329388, 926157000, 1707512196, 3911631881, 3077786863, 1382783478, 665261314, 904356778, 2444321, 556213220, 1959577814, 3384036785, 219532146, 2540103884, 3510776350, 669671974, 2703255995, 805505709, 166769578, 1274266997, 3606362980, 1146729685, 3898523686, 2853693279, 1368576020, 4265873827, 3031392865, 2826951153, 2922373265, 3745541783, 2968284973, 2123692242, 1781208213, 1615150651, 1715970701, 3558711428, 2707812576, 183014572, 4024191001, 421301576, 1632031424, 3201721216, 2841472075, 3893648100, 881248609, 4102496228, 3621682657, 136492619, 427449090, 3420924114, 4063323187, 561503626, 3622826832, 2902921071, 336748866, 4272846522, 3355223919, 809928353, 902916558, 414842365, 4233541962, 2330138081, 365717832, 2557440601, 1865874923, 100506744, 832003482, 407169124, 3741504220, 3015201316, 126480898, 993110259, 2210028776, 8014722, 2460916534, 2997599131, 1163257918, 2537643260, 2396369419, 3455494275, 1786263769, 643219062, 3988461095, 2140384145, 2731800816, 2524591898, 1592731706, 3474780165, 3864515470, 3218886034, 434304286, 3796249775, 2506632254, 3550637504, 15714254, 2643280662, 4172146325, 506030356, 3821186741, 3277299402, 2632706690, 404961664, 70345802, 3311777031, 1107802257, 720729973, 3603451565, 2349969012, 1015979404, 1403420669, 1124978554, 3666722636, 2257198435, 3813165973, 3828836063, 1297144638, 2848494921, 1382858224, 2000694726, 28597478, 859597009, 958079195, 2105761358, 281155909, 2815809929, 150736581, 1809540077, 2975307411, 1770075396, 2640347398, 2730327110, 3252473764, 3347462971, 3045811261, 489989038, 1674928361, 2093552534, 3985936711, 2553635404, 2332718375, 1722505380, 2384033724, 4076530605, 611351944, 2816045683, 252), None)
write weights?
events: 
  ----
(3, (1318652802, 2809833344, 2315323584, 3779801383, 4246027729, 2597317962, 3890145966, 811218630, 3174874934, 2359362560, 502171957, 4290484977, 2626415400, 529067755, 420007170, 1857622736, 144412682, 1718781654, 1157423802, 631342868, 1379346804, 498476887, 573205088, 2661964187, 120167613, 2842062019, 2022350271, 1094714790, 763131433, 3486608280, 3657236645, 3751037155, 2390292887, 512869238, 446479998, 3699756201, 1820932042, 3570089868, 2401321363, 2600932837, 1730313955, 464685808, 316370024, 2611332566, 3065683322, 2595128820, 2877774708, 3431817211, 78142433, 2281624968, 2460275075, 1573550047, 3055533075, 3306359078, 3805160824, 1469805653, 1995207151, 286857138, 2179355215, 1684780555, 3261272025, 723704607, 823680037, 3881615985, 1721034650, 1542181492, 905951768, 2933802213, 4150929701, 1837366639, 137490106, 324620065, 3044718062, 3991308081, 2987740800, 3881008740, 542478857, 240999625, 500704941, 2185767332, 3541929818, 3632822764, 3447961287, 2360332951, 3807296478, 1167260742, 63387086, 1987036202, 2372096779, 1097947539, 1866110848, 2857224351, 1760052468, 938679106, 3755593832, 2533780241, 2162664784, 3398188896, 3112332533, 3965010905, 2309897939, 1140135096, 2193139572, 1091123880, 2516548997, 3422127945, 4208538883, 3774565962, 704127042, 3463465102, 3888565338, 3840029832, 117058609, 1927020955, 1732173268, 3568569651, 2494423222, 2577297655, 1470195008, 4012240225, 2235735519, 1921393730, 877732784, 2922088543, 1972757270, 325242788, 4026540613, 308607995, 746791108, 3222047686, 1926180426, 1532652488, 1089979151, 1629762329, 1322318321, 1194965224, 4169708268, 706627944, 4179367548, 1257380697, 3813143877, 2782165257, 2316727515, 3815490800, 1350280198, 2978047097, 2811168772, 3262535851, 621586496, 2640830386, 1643509739, 3086496256, 2470055987, 3296595857, 2215658857, 3096749953, 4226195951, 1452760090, 2342625654, 1757934431, 1526266512, 4256066666, 3003597908, 2336186645, 78667615, 3299991659, 4004955772, 3941624094, 1910385551, 260498011, 3243882998, 2984328820, 1409367186, 1940510237, 1903166773, 1120336229, 2173345933, 4002036687, 2350716314, 1947386337, 961793670, 3338864895, 3355947813, 1414914245, 1764524007, 3080880830, 1200155854, 1654416850, 140942632, 4110574542, 2002973360, 3918254252, 2899210956, 1998991092, 3310610076, 1970328504, 2641783666, 4217812953, 2624732620, 2636280669, 261062303, 1499177664, 3349604274, 161765031, 551157069, 381052718, 2357840214, 2799861482, 2126698317, 3194489775, 457765183, 1988431170, 4058612311, 1740278703, 1798887882, 2316592869, 2671157832, 3587051179, 3234482634, 3846745201, 3350990148, 2887838926, 690850269, 2502278443, 1899476337, 1315567467, 4243269058, 3469015052, 1759164007, 845010491, 1018722761, 3147654505, 1326853951, 3610045097, 3979718380, 1519979647, 797708972, 3062031864, 3474484024, 2568335245, 173024408, 3806805539, 2177675519, 2464693634, 1129099823, 3350124761, 2762364974, 897813883, 539378642, 3585860418, 1881251096, 2512667055, 3715780170, 2856941112, 745472638, 552398469, 3167741689, 1434358369, 1130390745, 1615780729, 463792111, 104955671, 1406951948, 2374027929, 676451949, 3713269099, 2677794490, 538366870, 134908464, 1493153370, 1097892822, 4240206438, 2197145399, 1812800768, 2497441023, 633177149, 174160966, 4292312089, 1383043512, 3826012522, 2124464273, 2458833467, 2486471632, 2062328191, 451537286, 3827549454, 976488203, 2901708627, 1691537556, 1481670613, 1983759242, 1326540739, 2252269974, 2513444488, 1466488830, 1860455310, 1159938174, 3448085049, 3396534887, 2346749168, 4105831240, 1506010971, 3547203233, 266670451, 2912567586, 3351153514, 1176551799, 3982578239, 1592636026, 2469453553, 3009466580, 4285789800, 3515893310, 1318793321, 2632783453, 1906052262, 4178945927, 2480881377, 1497327400, 4065168408, 269440257, 3614657734, 2606876461, 4190879039, 536413822, 3175802032, 2376443973, 3701390626, 2723844675, 2454054913, 3679922326, 2222946723, 1100426885, 320496347, 3041549223, 1026502133, 3629276092, 3207149866, 2350685129, 301565664, 370746834, 541367254, 3652244644, 988277808, 2865603996, 774528723, 1412677357, 1980497183, 161089017, 3387606808, 114271581, 2611939458, 2077636867, 1516560435, 3195324606, 1303956581, 2443131278, 668830551, 881683684, 10792813, 2471863177, 1068358496, 3975068901, 2634399299, 189442547, 2396332585, 1251369455, 1865647956, 1000254481, 3203189246, 3298227393, 3558568471, 246956811, 2845541241, 4186993069, 3828850069, 2743659699, 100552063, 1629187473, 1547014730, 3016957952, 3367707565, 2833785831, 3518968141, 2791626654, 2760152562, 3724684608, 637052405, 1656634374, 2746854360, 4063565222, 2622236356, 2560207252, 2271176368, 540550811, 3801431471, 2428990901, 1514902850, 2768591767, 1234781582, 12923188, 3447112129, 2326980344, 519523663, 1719557291, 3963003516, 3622142385, 605851726, 2932523513, 1443549742, 3962422746, 1330089859, 3628307149, 3066058296, 122537848, 2460515969, 2535232429, 1424632382, 2119157156, 1786116244, 3625459350, 74065086, 353327161, 2527652377, 3388562256, 388140089, 2546604194, 1531154073, 1258337681, 1253931719, 2912750653, 3231431255, 474042877, 3731211647, 2944882113, 1911349785, 110355039, 3802994366, 3162155386, 1529910882, 3995872900, 1328036485, 3234172675, 1843522645, 4292342543, 3041057820, 3248527744, 1184944839, 2167616426, 4261781504, 747183816, 1315656234, 3449413705, 2201715620, 3496980030, 2317230991, 3082841081, 4279915179, 3324374557, 3753800717, 2652115164, 2078239839, 2748856724, 3385182986, 1621002738, 936304249, 566819332, 2005562399, 2184566797, 3207971993, 3444060146, 2601996665, 3626837457, 3384252944, 3392382382, 3508837508, 2871147718, 1104620027, 3344658553, 2262845998, 2561294074, 2180305061, 3797809197, 3589941762, 1185749216, 1502860556, 4183084470, 188184093, 1009195900, 3993957387, 3406442272, 602055179, 3052594276, 3429816233, 2844678036, 3372466105, 1544023951, 4253143475, 3620091860, 2043784578, 1478640915, 1490595727, 1299508279, 2890646600, 1015578102, 2673397151, 705892861, 2282243845, 1408259442, 3950966713, 3606158314, 3015951940, 1309189271, 272291657, 4232476451, 564566722, 4139182854, 984843566, 2142375587, 2572539990, 1484134514, 593689228, 2913968097, 2137051020, 1063392278, 392882589, 2271060337, 3511260961, 3117671837, 2211833956, 605219035, 1645311562, 2377628619, 2037905962, 395817303, 2680570357, 2312661526, 640982773, 3243813581, 233405457, 75302093, 164765614, 2668610188, 4226509243, 2333380652, 1427968794, 3721192822, 1238596627, 2495067591, 535929739, 4162229067, 1606689727, 3021842731, 1308149079, 3191097661, 2851748925, 1277657563, 614779912, 1749800208, 1388081598, 3167705367, 1401634480, 742838669, 2473541681, 3495865655, 848974612, 1657958183, 1240924955, 1823859033, 1906012716, 1884551727, 3273429884, 1851637044, 1526013798, 2471870090, 1183756659, 1627594909, 1734634040, 3587898819, 935830979, 1484542486, 97428194, 3048448242, 502084331, 2511412446, 1921367006, 1591992747, 596520104, 506150109, 3249038147, 1195900973, 3823516902, 1707483545, 742263920, 3806297391, 1386803945, 2236407581, 3293371058, 1418589856, 2336056249, 2539269214, 1761201616, 1859502478, 2130598670, 2837138518, 3770160647, 687147208, 3177406595, 2581962126, 3355853877, 729062415, 1705629023, 3927884837, 1994403307, 463219774, 3447506042, 4020443902, 783851498, 4011428502, 2677346890, 1730847673, 1912608863, 1752249417, 4153143412, 392), None)
write weights?
events: 
  ----
(3, (1240909442, 3758481399, 2687790530, 3880197891, 2148611940, 4183659439, 1188714028, 2027946800, 2858819708, 1734132, 2194271721, 3767481453, 2160465284, 3769213787, 2015037163, 3691928264, 2247693651, 624145957, 2155396363, 3188131607, 3275327818, 1868230804, 4230505606, 42229783, 2312217088, 4030899769, 3054037194, 1179635867, 818559477, 1648109615, 2910919223, 2503244165, 99982204, 2698203906, 2010246364, 1778764312, 4093663929, 1897874903, 2775046196, 3960106481, 4017378246, 3038191438, 1457681545, 3044106297, 41908351, 2500207289, 2461004663, 613117472, 3065886424, 301613470, 2974636535, 53763452, 2626430099, 1575881844, 3165542623, 1877436513, 2344028285, 1234450374, 1629702229, 268000458, 864260091, 1201762512, 1964549610, 3982385937, 1445627237, 3106399384, 1201822119, 2183343551, 3624374289, 634391897, 3878576976, 2559083258, 1355691998, 2487388338, 3904826955, 286219274, 1469154475, 1574372903, 3489695830, 3266116459, 764613901, 949099461, 1505694650, 3923600149, 3812470406, 3820905162, 4006463511, 3641967034, 2686699802, 3469313654, 2266571405, 1213413638, 4126636458, 3840329492, 4050200412, 4118886092, 2838022169, 1816645937, 639741578, 2178433081, 2625330159, 3600442478, 425013462, 3419753230, 2754403572, 2836448873, 3694551917, 1752460759, 3093359064, 1508931536, 4202257729, 2307257269, 1259882411, 3849254144, 9531394, 73290956, 3321716717, 2543240579, 2403130541, 757011766, 1139840783, 1704632187, 390638758, 582806009, 718511454, 212287004, 2941911726, 690193524, 929868926, 4265227860, 4242842309, 10532037, 709837111, 2591171836, 1099803198, 2985550525, 746118814, 723106409, 1673002118, 561193067, 3990229678, 492511359, 2086444649, 1816188622, 2283412813, 3435677326, 64550193, 3650274316, 1538194627, 876523100, 1378837779, 1143082241, 3838186652, 588644640, 2592522400, 1357269251, 649292634, 3152320902, 1150383437, 1633418387, 443808317, 835221306, 2385211883, 1738524263, 3906698842, 1528672947, 3860296894, 834209839, 2891027174, 1115599836, 285711393, 112557840, 3511101949, 3521333354, 2071420689, 4153433517, 3032003166, 3579524167, 2777637212, 2108344286, 3723320984, 684823694, 3303400830, 4125285690, 505406397, 3598177941, 748879874, 2441237066, 1208257081, 626170099, 390841598, 1212941755, 3124458553, 1709306723, 2573096250, 1803359264, 3364218691, 2900779977, 2234612632, 1535365261, 3907062738, 2002683257, 1458042933, 507404839, 1671626311, 1754342693, 764372091, 1332909871, 1719968527, 4233740424, 2250368546, 941223034, 584298813, 518582506, 4188755698, 2776995073, 2232392289, 2079918299, 651174557, 2357009500, 2024335757, 579337895, 202341376, 2260322782, 3426505525, 1443145384, 2431224946, 2761108846, 1612940341, 660660729, 1669406056, 2123534372, 1271092772, 809533786, 2359571920, 3181390122, 458950408, 3846559861, 890065780, 3320711112, 1221758101, 2717249099, 2507817993, 2102918299, 2683071126, 3526070556, 2110681461, 3542788259, 1166475573, 2218306058, 2439966751, 3882648869, 2774932773, 3762252277, 3476100870, 3081075286, 2441859520, 356096132, 1008444646, 2435799124, 989551702, 1581243866, 4123860875, 958398800, 3334343613, 3937020777, 3154183226, 3950057182, 2573780067, 1985623394, 2335134986, 3658296123, 3808473145, 30062039, 4015856865, 3012364539, 3071889229, 3631911211, 825390537, 2060776452, 3449935286, 4138999095, 2342094849, 2260991166, 2072368449, 2771516175, 2156637116, 1105913777, 4068605925, 1309033519, 1407082543, 1429598638, 4090489820, 739652184, 3041986680, 4204146734, 2585424026, 455037628, 3715679362, 714290810, 1638648768, 1476484548, 3488965740, 1096590394, 1040728978, 706238514, 1830085291, 1122356272, 2818753634, 1014736, 2523174945, 2348125593, 503007777, 2041836518, 2715420649, 94480902, 506374617, 3951464729, 1903558410, 620258293, 3479134583, 634483733, 275536012, 3872672550, 1927455593, 4194028151, 4019658408, 1415488017, 112206001, 1962845341, 283264768, 1576008553, 966084571, 1604058721, 2951433202, 2487862278, 107277125, 629121146, 3245945029, 1075107138, 4115445995, 742988368, 1496163028, 3499855139, 1502304821, 1009627908, 2400344934, 3728024876, 1097858295, 3441938135, 795569592, 3459264768, 3097362138, 2959107825, 3606532761, 1067659449, 886850336, 3869381815, 2583319468, 3136102444, 3315910988, 4008854675, 1719242051, 4040506040, 3044776866, 2683600046, 384492481, 1762784377, 36521088, 2266977494, 2672156442, 1447988247, 1091385325, 3860364600, 847362585, 2472688197, 4022941756, 4222247684, 1782105124, 4247749788, 3728941097, 1476026764, 2704367994, 1971388565, 3920024447, 730883053, 2863603382, 724362302, 538223318, 4147247928, 700044549, 2761403024, 414319083, 788780844, 2583373351, 2100992227, 794524029, 2592964917, 1652153815, 3508908391, 1850775637, 1043213421, 568544213, 512699604, 3812648313, 1467289947, 799313913, 1400934075, 1138032025, 4076013459, 189377060, 2872482308, 2367159689, 1862656958, 31382997, 2592240432, 1327992300, 678176300, 2104949233, 2520218482, 668262716, 181488121, 4179743219, 2893630187, 2122290442, 2396288969, 2938808094, 1416225221, 3406334149, 3642871540, 3883601875, 3029001830, 3735779141, 3812916804, 2928432892, 4240827135, 3440331735, 3625759391, 1434560331, 365274751, 3765722487, 1086398892, 1249760244, 602723129, 559441621, 1174433373, 1982186976, 2016505944, 1569009319, 1514926948, 2710331595, 1945637838, 395929466, 4175321965, 2023001206, 2731213078, 3253041267, 2577095353, 2286230269, 80305738, 3567749034, 2638752026, 3645033647, 1796490225, 1739196310, 636038774, 1730383128, 3502297164, 1734851800, 4091433968, 2849301752, 1794263201, 3069205524, 416785314, 3149457121, 269885270, 2111540776, 734787836, 2753339442, 3912434264, 969781624, 655842255, 3713560407, 4074593712, 972059138, 11649597, 1304187781, 619237864, 4029683456, 2420639771, 4057587850, 3695671695, 362147938, 3905302512, 385382877, 1852015483, 3516034404, 3771485920, 2800090618, 1444487791, 3031323343, 1357896229, 2779310815, 3915215286, 1323190075, 4247997928, 3889719129, 2757361423, 1510200884, 3772859892, 3743555484, 2240362453, 874782836, 664805618, 288991952, 3386542694, 325027512, 4111456161, 1503600005, 2683627493, 1034374942, 982415191, 2233882600, 2242607761, 2309133997, 1205773541, 3678358837, 2756348369, 434874870, 83140830, 1884561183, 2715496104, 1453565223, 4292315871, 3557710869, 3975082345, 3390932085, 801144216, 1409909582, 2261612696, 2103114801, 2925389487, 3780947460, 1537532367, 2164791444, 1603505585, 3642322211, 1544293195, 4079031567, 3043992054, 272558630, 4058302243, 101652483, 1770359529, 2578123984, 4188754051, 1722598041, 617065864, 1957807030, 3204078479, 912154937, 549491691, 83285185, 4148366593, 2083686896, 1763227529, 4259832848, 1511979160, 344236870, 4161597212, 4044735645, 782599343, 290929847, 2260239395, 612027722, 3907443814, 4271242187, 2626593670, 215700286, 2493765585, 2995206016, 3425600224, 3898415379, 1040502095, 2682308952, 797119398, 2871670392, 1404692477, 1462683117, 2631220618, 3240502475, 1586510769, 2313910934, 3196972425, 2571976146, 2575539153, 3845732751, 4110623818, 3403189524, 178266562, 2456067024, 99310302, 2887587778, 4215578135, 318691544, 1044529216, 2056684546, 2461134574, 2867983177, 1837342626, 3730660069, 1168179634, 3387475399, 2808154281, 227706371, 1472540585, 2691544269, 506794062, 3948749749, 4063224040, 2399890396, 885722332, 1191141593, 1268783676, 517), None)
write weights?
events: 
  ----
(3, (864542225, 845409078, 999198265, 777520103, 3683145061, 1116627139, 587148620, 4134761799, 393751457, 3083389394, 3134170194, 62388059, 464479969, 3997997454, 2234627936, 1457768447, 2761197683, 2565485455, 1552498788, 784025929, 1606508134, 1130548146, 1316879270, 591147068, 3958942266, 2720376214, 1448481401, 4279384367, 650302209, 551721690, 2281401816, 2314356091, 3376965493, 2626943421, 2173174634, 2107894470, 46361712, 3158293222, 331900120, 3132449332, 2190949688, 2818059728, 2524292796, 943935895, 3544875055, 2585959056, 1906926633, 973520313, 251481746, 4153137604, 967532262, 3402337329, 884798814, 651426939, 2634225441, 2336904091, 2618572942, 3507329155, 2771890035, 1093406545, 3125535441, 2999535624, 2876170013, 649754055, 2178669398, 597381283, 4077741553, 2460057409, 3993606149, 1421130928, 2625933617, 251701047, 4194244521, 1149444866, 578152100, 70266526, 2939457646, 2478351050, 3897086524, 2988094577, 2928297409, 2294491631, 1154810637, 1213425211, 1455975082, 859192195, 2656525677, 1776391823, 1742012678, 2537058844, 1086410091, 3402345429, 3795544977, 2305651492, 2793923305, 3624477873, 133003191, 99135128, 4152824760, 111636556, 2340519127, 3931071889, 1945339880, 3870833845, 2641299918, 1388014518, 74446722, 1391342551, 2446030336, 1139570982, 2039723530, 2793882942, 3528867700, 2674567069, 2275810739, 2412920669, 4116968172, 3484382297, 2673148157, 2880404960, 1590307011, 1379617750, 396501958, 684622257, 1021175897, 2458605247, 3510286507, 2450833554, 2026094543, 1011199112, 2098357100, 2512697778, 164475552, 278055424, 539651881, 10472040, 1934878516, 3855983190, 1700778371, 4244016418, 4167392632, 4079975589, 2968327167, 3764339272, 3359229416, 968385603, 2003665865, 1977079338, 1166858911, 1762029429, 3876961556, 3242336065, 3840188774, 494766710, 10441597, 358002094, 1954006570, 1659569833, 1343102485, 4070412120, 1008965141, 3937192860, 1413285987, 36953620, 3561421421, 939355806, 915880393, 1780105347, 136834663, 1819056863, 1497646864, 2771355495, 2432518953, 363256778, 2355436198, 1259038104, 1964879583, 1992130020, 2519973769, 3496170631, 3370543553, 782868865, 3998398796, 1686140545, 2115885429, 3188496658, 918938730, 1659518107, 2753752832, 2693780487, 4002895359, 3543912238, 1999467748, 3448311382, 724480417, 882981352, 1911975090, 3688202270, 1833616200, 3511270502, 396678697, 2023997905, 2629279758, 985486380, 2829809811, 600970528, 1173710175, 3098818944, 7249924, 965113619, 3468499155, 579902216, 1660413911, 3800625564, 2389408749, 308787240, 1133853723, 2280794002, 1375445383, 1160868052, 2524864450, 3982138805, 4050846727, 1881010841, 1607032712, 1317775072, 434736267, 3667832020, 3101371157, 172884109, 286346229, 4268359287, 1521361006, 615331748, 2829279698, 1523951653, 476222775, 3762884072, 557905087, 3872297076, 1740562036, 1451500987, 2973796717, 2875374904, 4060084993, 3144075265, 2653334983, 2752146979, 1098817207, 2680304502, 3380789873, 541267063, 1261609395, 835623418, 2764080132, 1845967841, 1786664600, 2583084971, 2170939729, 2486552926, 3012302672, 577125488, 557050478, 3096762737, 1348607885, 1305011909, 3473795419, 1462497238, 3704960865, 2481065017, 3427628245, 1002596588, 1137668260, 3742325382, 4207446299, 3430504939, 46014862, 4164605149, 4154586675, 309075845, 3296805439, 1103586302, 3358305732, 2027821809, 1520293339, 3849484973, 3100757078, 436448764, 1287838400, 461987797, 203459856, 3090951864, 1972390287, 3919962573, 4025116502, 2734989384, 423302638, 2990076784, 1514748938, 3375034953, 1753452000, 93279378, 1688108163, 2955981223, 2259979987, 1204425654, 2473087593, 3129681904, 3368326151, 3606052802, 2493583400, 2168291173, 267371120, 397602374, 724648844, 4056606005, 1005816399, 947630830, 1103047408, 1553755125, 1116568049, 2930888367, 3949134114, 3885274844, 2686319484, 2152504556, 4118843803, 298966096, 1228441344, 2072159336, 1363636702, 413997820, 3833472089, 328880763, 415945172, 1274131325, 1364437275, 3223822007, 3331141535, 1912132574, 3377343157, 2872102105, 1050102035, 11464489, 3518606811, 2564566350, 3300257654, 2809488999, 3986693218, 1075287322, 265722161, 1620252468, 1404294424, 592027960, 1422780433, 1655545439, 2518423052, 837765818, 3367119268, 1797248518, 4276312214, 3390970199, 955602740, 703474405, 2855246849, 3072463036, 1366738881, 4185128760, 4037072590, 4283432050, 309376156, 1907879617, 179591903, 3072716314, 3849223127, 845694593, 349396727, 2450120454, 4292205839, 315457965, 1988147888, 268952512, 4137590075, 3651936074, 2922088320, 1163497806, 2802580807, 740935550, 3509859840, 2582204990, 276302684, 18303559, 545031432, 2741115397, 2375007277, 2256724486, 4163037850, 2976913700, 347467531, 2128459740, 2478406947, 94113683, 1145893874, 3719638204, 2215593366, 417941674, 1621861125, 1879353298, 2396557975, 2885053534, 1897610115, 2711525230, 3381553357, 2938255967, 1873478915, 3283167734, 3032074001, 1227135448, 3626005143, 617022586, 1374231157, 2394352007, 4220857410, 248096311, 1169623845, 987730119, 578157659, 2871534228, 338896555, 1979881272, 1626875679, 1593209838, 1383082498, 313740833, 1608415264, 4292982064, 3430981251, 1031109545, 2977626344, 3418716595, 2196267338, 2874511895, 2593743211, 3392257966, 1039835235, 1793672055, 2032781560, 565475406, 3229574151, 2025686205, 165804926, 1409674293, 3958127497, 1705233072, 3422235743, 1092691955, 3750436110, 3426448980, 3154989394, 1895687099, 1778983721, 1560983386, 3059169538, 800560892, 4072512211, 315699763, 3467573330, 336396312, 1869286467, 3853187857, 1192438199, 3934770443, 4144830928, 452095592, 3959513480, 2140363171, 2317864712, 3683422824, 1423611227, 399800591, 3142419650, 325321584, 392795449, 914780057, 10940010, 1051947084, 2252448170, 2341739728, 4081748130, 1507793451, 1337972073, 447276988, 2041311549, 494495082, 4178747060, 4095476179, 3817089865, 2671741480, 3385215236, 3230722332, 779093835, 1897155755, 3101155632, 4242125516, 3332600361, 491091264, 3645395165, 2843781413, 1907867908, 2814026250, 2735878596, 9422305, 4137839316, 2957842750, 1055844559, 91036060, 3087402202, 4192711437, 785313173, 725872128, 1844079289, 3984149666, 2027531743, 3303206503, 1222578653, 4007537231, 34014846, 611735835, 133498109, 3317482451, 2698847987, 1961749663, 3777586694, 1617415356, 1442115483, 885188322, 2165293326, 3198538127, 2187051817, 3897167031, 2576657870, 1537152142, 84944141, 997688837, 3468346601, 4097518782, 2878529167, 3793044393, 4094041684, 2742842417, 1181631890, 2048051106, 763816263, 4183103475, 4094477518, 2741393043, 1776382636, 1797230597, 2664990692, 643408922, 2599594833, 2209942379, 3914892578, 793439715, 1839429036, 4169063831, 485994386, 3272375062, 2536946519, 3742702466, 3472137633, 1075479391, 42524544, 2525530579, 2466646100, 199381336, 240174297, 1237004462, 4090121219, 183520984, 1163845704, 3119240263, 2762426407, 2582409888, 1714340713, 3710333592, 2613810471, 1283230399, 3295971218, 3245274510, 3752757218, 2933530954, 1902925479, 500193576, 750420495, 456456918, 2244898391, 1998385686, 887619104, 59119415, 4124066677, 4083216438, 3603085653, 1571566235, 2368274214, 3265175310, 462780122, 3136353227, 1724263441, 1085833366, 3145506707, 332879292, 2413929925, 2026507929, 2663637109, 1477074105, 3606305305, 3168676441, 2013313587, 1744384230, 4178025579, 939048094, 2740121368, 2028582221, 620), None)
write weights?
events: 
  ----
(3, (3556524868, 22214282, 1453886350, 3034697901, 1830877888, 2954247438, 1568986489, 3589137892, 1298141711, 3745703263, 1417699769, 108561945, 3237259423, 3663992253, 3813466813, 2507894430, 1186171947, 3927805451, 3666906882, 4233661748, 2943787806, 3073192431, 1683810548, 2729490007, 345231760, 450344666, 3422995799, 2335176130, 846135187, 2045541549, 899371852, 3356768504, 2813463844, 3740075405, 2721653178, 4214744387, 1694775149, 3283285929, 1743837974, 2352824600, 3458586592, 3961643823, 699007036, 63517726, 4077008914, 3962490057, 2709847595, 1926526488, 3455091637, 1525874244, 2807847380, 2625712030, 1412649997, 3098935078, 4004564754, 241805261, 812601492, 2296586894, 2538322005, 231424471, 1042216925, 4121844228, 2652616844, 1337399918, 1805006232, 1695572327, 3823532393, 340920588, 3150779902, 2152414721, 1245343595, 979847224, 534821662, 61629792, 1469179178, 639189980, 1783028579, 673728041, 248639295, 2787401623, 1233509887, 1034246827, 3723195177, 3126959858, 3016540350, 1768803114, 1954960675, 2863523846, 2670807636, 1069273812, 2618100422, 1390751603, 1786662999, 505122263, 3299445875, 491744254, 4223611674, 4165114429, 618502703, 517823174, 324551694, 1266778256, 2861677647, 133222349, 1570985535, 139226056, 3298517178, 3606244313, 3446930664, 3644701199, 3391028755, 518775442, 770472298, 3591605115, 3598793227, 1118847753, 3841860296, 3654639688, 3746055017, 1899908389, 3927630320, 3920655120, 1639508410, 3225167848, 905527407, 3382404711, 1917636145, 3903854203, 1749378664, 1876112083, 1990007812, 1207762522, 4227975825, 3378199073, 3876911232, 2941776613, 754737856, 1035624203, 4208331965, 1239598400, 687907434, 2887229380, 3097333001, 3960272056, 1526080750, 899906031, 2129854591, 3639320560, 4124862421, 16498942, 3952434124, 608344040, 1161071928, 2480854060, 115480651, 3652282621, 4130055392, 187410537, 930797041, 416075153, 1427772581, 4092767238, 3937981752, 3023345770, 3936323210, 2601575886, 303519658, 387076722, 909223573, 3378994472, 1156244235, 3830216939, 2405278367, 3448024217, 3051486481, 1867452334, 349807834, 3736507801, 2728477755, 3337183888, 2169572227, 4165028030, 1390612260, 3893189730, 2974927056, 4023132228, 762390869, 778747006, 1102953406, 524437900, 3893117173, 2729595259, 3929568489, 2478452018, 1622643752, 1962386324, 4208337148, 2872077219, 2364004618, 452587289, 2189316185, 750149323, 3130140016, 2195154284, 2830207966, 2231155231, 2970044295, 4290471717, 154214581, 3190213264, 3272805513, 2321306448, 3447534524, 1654917554, 1003398357, 3360810616, 3222690504, 664777470, 3182247226, 3248882019, 3229805098, 569535158, 3025158950, 1327692300, 3104274446, 2113338975, 3545735933, 1826498483, 2833698751, 1443651547, 4238581536, 244450691, 485770949, 1290278739, 117390904, 194275811, 4026365519, 1076890936, 2834796823, 421050712, 709574001, 838513465, 2561606034, 605664476, 1055576844, 2998597876, 1841380393, 1308743870, 1248716785, 851628594, 3542768626, 473644350, 2664112699, 635734562, 2229735089, 2975571346, 3075814962, 4249961251, 761159791, 3744829805, 3333569616, 270020939, 485868473, 2833761098, 2913490821, 1423941868, 3771261455, 41003397, 3569407654, 1584943814, 3104847687, 7073724, 1611476713, 3277648811, 988654001, 3448003880, 3162172476, 458963409, 558101134, 1802956010, 2011405851, 402173177, 509366723, 629388236, 1669343494, 1158729129, 341057103, 1277280070, 855309660, 3848721507, 1957726088, 1981253654, 555562099, 2239734396, 240745026, 45718007, 177418354, 2830246125, 62004744, 1972863816, 574636813, 4267346176, 3148846942, 2393795354, 3870679969, 2605627527, 2615409113, 3001729233, 3573486360, 3107236948, 2422323545, 1871547992, 2534809878, 1037468533, 3527603803, 2008272336, 2904560709, 2315357838, 7796924, 799814130, 319893250, 904848391, 2056162354, 4207189909, 185174545, 2785496858, 2886963142, 363276396, 716341035, 2631482150, 2269598419, 2981701481, 674091585, 4257231006, 1769164230, 2738783942, 4185599066, 1663440228, 952078557, 3997721869, 2584032280, 1160749216, 3827026217, 803730803, 430831868, 3710161581, 3139694993, 295193170, 4124541488, 1289370450, 2857040191, 2693118036, 265335748, 3920658020, 1279384866, 2205229053, 1790294619, 1842546515, 2126445334, 2531411063, 71293926, 1420021831, 2149499713, 3340078578, 1077896877, 2585019562, 2212442029, 927047794, 498193653, 1337506196, 3976229208, 3722495404, 1085442557, 609699084, 613152016, 3176271894, 2119471545, 2157462715, 251912641, 3081333614, 1672041320, 3797887599, 3668941601, 3858529598, 2591160087, 185376914, 4205677099, 3700402544, 3293350745, 4069911706, 3490211642, 2605616360, 4115721236, 2464368340, 1119549639, 38233809, 3297245880, 947771890, 2144203808, 2262692205, 3461875884, 2987125286, 413648219, 1919436119, 1853698058, 507346275, 320866013, 2312968390, 559352909, 1797846249, 479519366, 2852111137, 3228194674, 1199749468, 2633765160, 2419616404, 389987282, 130297796, 3382277851, 1971425742, 1846708258, 726275509, 822310305, 216194472, 1877601911, 3987180385, 2203787027, 464015963, 2389238060, 3513327226, 503784032, 3590413739, 1794671589, 2289106265, 2746585798, 3774952409, 514628434, 53743047, 185632753, 3649881611, 636767571, 1389563573, 3593640103, 951820945, 3717464694, 36628746, 3028314659, 3203471133, 552970451, 3332700563, 3356208041, 3677931107, 3495406699, 2567559067, 487994584, 844901151, 3768807173, 2220552236, 2720946874, 2119966727, 3373902822, 4261412955, 1565207764, 3077763516, 2653122418, 595314207, 3618255840, 377635785, 2651615423, 3277767603, 997247583, 3433108881, 3247495008, 3476554547, 3992932572, 2177766773, 1575884237, 3955355771, 3276275839, 1041151494, 1548765353, 1392674452, 3947885782, 1983946942, 2902690809, 3941679052, 40378323, 3827211112, 1683635280, 3181239468, 4007797650, 501489196, 2041871547, 3183352067, 591934850, 2347631013, 467374717, 871173721, 3558498735, 3169814412, 4021356135, 1306663595, 1775548303, 1034134292, 612541779, 1668148583, 677291084, 676587387, 3329508195, 3150364165, 1841809953, 1039717406, 3027524105, 1284507568, 2836907572, 1583046263, 1613032281, 90694126, 3848292230, 2806416016, 3511962225, 1240394490, 1551251769, 3615026429, 3014860331, 1073645073, 3415282321, 1581714939, 857928953, 1470521492, 2869178941, 271693062, 388533430, 1914459888, 3503201635, 512259751, 686910291, 3438757296, 1285643026, 3330457302, 3763254480, 1912398135, 1494422494, 3686639908, 3127764234, 3219953449, 394254274, 2739435627, 742043080, 2596498121, 4233810212, 2861795246, 3235257283, 981505805, 1763711141, 3301608481, 3978796470, 3077445140, 3465745499, 1680241021, 667283757, 4054059214, 2518360451, 3416675589, 875275560, 2535476360, 77959120, 954105156, 1890645459, 1043512241, 2757498152, 3505592915, 3146367356, 1405540723, 2080520310, 584454116, 1909334741, 2726311006, 615446653, 3412445977, 400639063, 2395671251, 3292675586, 949681781, 1558946082, 946308250, 873749418, 1611151261, 1240983975, 501860968, 472067846, 2060339521, 4252824657, 2519157546, 620192144, 1222120350, 3047453313, 3764988186, 2450447491, 3497260349, 3738125978, 2735000377, 798943427, 2840909794, 1417197221, 645591925, 2836000396, 1526219990, 79259584, 3175398802, 1616848161, 3767911295, 3846620508, 4215452175, 2502560403, 155831840, 2554110939, 1958896780, 4166662655, 1877375542, 449047660, 3164919697, 1889895893, 2910444314, 100), None)
write weights?
