Starting iterations: 50
(3, (1755977172, 88347988, 2712183290, 557647372, 2667649370, 778851045, 3326218174, 3100885804, 1298464625, 2342399437, 1299082346, 3472795114, 2584908691, 2361731330, 1944630838, 3493651016, 3769828058, 2782667577, 55767705, 403176403, 1997534848, 2802248729, 3025248999, 1318349707, 3489581341, 2839425748, 2368184595, 3601006714, 625792609, 4261126069, 1828188024, 3135442243, 3957026619, 3233022613, 440616166, 1334033183, 2676253081, 3509932487, 1781634986, 3914237127, 4134409784, 4249279039, 2386020239, 1071467967, 3841198878, 1787944430, 3217196706, 3072441700, 3330094753, 1414640348, 1352463134, 1720166403, 2285716486, 3960887042, 2393832348, 841347919, 2733929867, 1639490675, 1735472488, 437912303, 638135869, 1488701995, 1854301545, 3605380010, 419543688, 1269526595, 743929631, 3920072968, 2719628636, 141110498, 4072470840, 1609772152, 1488168389, 3838459734, 616396283, 3366465428, 2353010522, 2536868751, 3155138566, 1637436432, 852912327, 2847818999, 3321967232, 2318777091, 1835852609, 1095393003, 3007584787, 1482321574, 1059426791, 539884363, 3084067150, 204756711, 31384824, 3057553453, 2781764190, 3608909118, 1971326100, 843877946, 969276649, 2425326330, 3984378664, 438508334, 4190081579, 733583435, 1416177076, 638047177, 2768277857, 360493763, 4126632763, 2871735645, 1919264005, 4261005375, 812220306, 1395412662, 1020924155, 1465310704, 1376943994, 3162925817, 1391200949, 2212845357, 1572385070, 2710581244, 3642858698, 2736838168, 2171338785, 2251374683, 3754141722, 227345286, 2706739917, 1025229144, 1685325285, 3442981652, 3406102248, 2830800564, 3492398221, 299663108, 2580114906, 4114895455, 2184219113, 2870187269, 3633966843, 4085031913, 960189335, 3172046231, 3074901138, 628992316, 2212573560, 1534493906, 2743797989, 2092138292, 5766396, 213091550, 3669368373, 1801095752, 1993544937, 2692600898, 2332593038, 3797308439, 561345639, 476758472, 1043167233, 2753855594, 2332724622, 3547638243, 1700338685, 847402003, 3242199411, 3985842000, 3427541781, 1322781117, 255140173, 2055834070, 143776559, 3430312467, 5449846, 46001189, 382910943, 538160514, 3438824662, 468836875, 1306406102, 3056249784, 220077504, 4064250722, 2705340582, 623848893, 701528142, 3080057590, 742209077, 407731331, 3476572834, 1362723987, 1122896923, 4149940133, 2417440187, 1610993466, 924265926, 973054571, 3876200195, 1578701526, 3609320800, 1641912614, 1726050807, 1497164853, 1724184448, 3705001230, 1079006539, 2982910295, 1767727104, 2233919400, 3842190478, 919129270, 4283014436, 1608719036, 966583455, 3079399502, 2368209451, 4105689644, 3387329403, 1127830266, 3442291544, 3235696226, 675264399, 2492158990, 2504422585, 2343736651, 3302306255, 1685853836, 1197490390, 1887771195, 2348959582, 3357668595, 417237718, 1627545375, 3297277054, 1254260766, 1273258088, 3907989145, 2778289659, 3366388694, 1597220480, 3140934082, 3458162748, 4050330465, 2940273306, 4193506341, 3115144810, 1708075797, 3421955008, 183367397, 1356148346, 2173060414, 713361639, 2109378794, 2516399104, 3587765011, 162614308, 662085822, 4187377860, 260080887, 1505965939, 1217884548, 178501145, 3524555558, 1023119126, 1097363474, 4100886377, 503595708, 2633643424, 4038104146, 3341160135, 2801817190, 4248892384, 4243092816, 384636006, 863257726, 2961477348, 3370399405, 247525487, 399196053, 1139480663, 1163911445, 2390624085, 2269621195, 951747733, 1980218546, 2481869396, 2769136268, 3192299779, 1535568996, 2244582108, 1721088703, 2182130572, 2385580940, 2336210749, 4011351702, 1653889309, 42212831, 308984304, 2995231080, 3221722794, 1273901198, 3865661891, 3647406308, 2519740657, 1937740514, 3734938494, 3900849021, 547797401, 3010990391, 1359115434, 2659085691, 564799517, 2053991927, 3036534201, 439093756, 2451901199, 1281677094, 4035774181, 268898584, 1633689835, 2494274515, 882853632, 4008241292, 310611556, 771793716, 2180346327, 1422565949, 3501801853, 460181005, 3925137521, 2538575378, 2033226175, 1100480362, 953951004, 308906694, 1964370633, 696830304, 3298367307, 1816296564, 2911276423, 2931260825, 4038373613, 751350061, 4098875443, 1334012138, 4062228836, 1345028598, 3147209774, 276689413, 2202314908, 3213994483, 1054332347, 4017230782, 3225095465, 1330424228, 751359914, 1698981226, 910345775, 3277702691, 1848055978, 2582116783, 1230111232, 3912132281, 2774480567, 778803284, 2830728701, 509886106, 472715690, 3179387422, 3818109788, 1175409873, 1805042359, 3747158958, 2014873809, 686169252, 1294696012, 1517095133, 1335974376, 1029157515, 3067441150, 2270497541, 1091412380, 2356836498, 2044420635, 3788904532, 237385411, 616816986, 1333910801, 1726494877, 957372715, 491148953, 4126869840, 4222786556, 2201906175, 2752300706, 1563433687, 65972375, 1255301486, 1583061266, 3344133592, 938336897, 2958834349, 170590211, 2679322249, 725015174, 3676816610, 4113271170, 1426523083, 3439974716, 2746372233, 904044412, 4256691315, 37344857, 2999894016, 536697678, 4227152329, 2428604998, 2555828225, 2747415994, 178060204, 1419601825, 4251886138, 3647732302, 1019116969, 3781647873, 3620415214, 1685158071, 2827901730, 375625111, 1698385078, 3444315744, 2934659863, 1613128598, 2770405203, 1742364719, 706122372, 2154211661, 2752626219, 689903358, 1385117978, 505805143, 1801254002, 2691235397, 2177828090, 3014019688, 3948292607, 374687068, 2433733623, 1096542025, 3049126569, 2452623465, 2040537658, 1354407962, 2125526783, 1712702963, 138933198, 1249320741, 2860702154, 641257765, 2767960880, 2233902161, 970782742, 1712383377, 749395038, 2907538845, 2774820260, 2443985793, 932045341, 3891950416, 2214852098, 2394377606, 715370054, 3994505544, 4165388849, 334514299, 2995268061, 2064016742, 1888985695, 2602025614, 2806417415, 2594557185, 62508763, 3102669304, 2939487752, 4034549021, 2298576277, 1659813395, 1693710876, 1229015339, 3519289720, 3083942882, 1510453847, 2101746638, 4041381648, 3466911433, 27903115, 3640605303, 3903053663, 765397474, 1193847876, 689921386, 841161354, 2020973535, 2778394096, 2341468878, 2793907619, 2100436574, 2438240359, 2508363030, 1146899866, 679590522, 3510439126, 898246996, 3599119613, 4096821463, 3290842167, 3338272722, 2773419453, 689515718, 7518569, 99068797, 742623125, 664143470, 2924609410, 1492191508, 1462559898, 3485551242, 3260642769, 1373008217, 4222925450, 84301925, 972024543, 266708711, 963278804, 765127151, 2963526665, 2512346022, 1769804996, 3522834290, 3744731836, 3926696716, 147109934, 666820207, 3755949388, 803427505, 2704388684, 2682912735, 2625698029, 821345205, 4165467987, 2629369946, 483749718, 1828659366, 192704312, 1921318898, 1930323616, 2128698664, 398334792, 1555719550, 1708020823, 2665592689, 2990633349, 578305300, 4238012932, 1918185292, 3693551911, 3271212982, 3133805758, 1864765029, 3265107722, 960061892, 1446442153, 759571591, 903531166, 3631183698, 2025530021, 40587752, 446056298, 2172120610, 3777701287, 1331171156, 608085525, 2405787775, 2728431694, 1047271510, 3269058355, 2585373186, 1528047279, 4289943318, 1234460118, 3319924657, 436088327, 963667464, 3171527346, 2262507783, 3862700700, 2801649878, 695395607, 1357313937, 3459986709, 4130678881, 1754686389, 356400525, 1764526250, 3619326068, 714456439, 227210714, 531112172, 3715005409, 2707196385, 2955489296, 277610702, 989714896, 869919324, 779923388, 724929565, 1119941722, 3935023343, 3069145469, 3671359793, 941031265, 1264766534, 1768230973, 1), None)
Loaded weights: 0.0, 0.0, 0.0, 0.0, 0.0
events: me killed itself, 
  ----
(3, (1755977172, 88347988, 2712183290, 557647372, 2667649370, 778851045, 3326218174, 3100885804, 1298464625, 2342399437, 1299082346, 3472795114, 2584908691, 2361731330, 1944630838, 3493651016, 3769828058, 2782667577, 55767705, 403176403, 1997534848, 2802248729, 3025248999, 1318349707, 3489581341, 2839425748, 2368184595, 3601006714, 625792609, 4261126069, 1828188024, 3135442243, 3957026619, 3233022613, 440616166, 1334033183, 2676253081, 3509932487, 1781634986, 3914237127, 4134409784, 4249279039, 2386020239, 1071467967, 3841198878, 1787944430, 3217196706, 3072441700, 3330094753, 1414640348, 1352463134, 1720166403, 2285716486, 3960887042, 2393832348, 841347919, 2733929867, 1639490675, 1735472488, 437912303, 638135869, 1488701995, 1854301545, 3605380010, 419543688, 1269526595, 743929631, 3920072968, 2719628636, 141110498, 4072470840, 1609772152, 1488168389, 3838459734, 616396283, 3366465428, 2353010522, 2536868751, 3155138566, 1637436432, 852912327, 2847818999, 3321967232, 2318777091, 1835852609, 1095393003, 3007584787, 1482321574, 1059426791, 539884363, 3084067150, 204756711, 31384824, 3057553453, 2781764190, 3608909118, 1971326100, 843877946, 969276649, 2425326330, 3984378664, 438508334, 4190081579, 733583435, 1416177076, 638047177, 2768277857, 360493763, 4126632763, 2871735645, 1919264005, 4261005375, 812220306, 1395412662, 1020924155, 1465310704, 1376943994, 3162925817, 1391200949, 2212845357, 1572385070, 2710581244, 3642858698, 2736838168, 2171338785, 2251374683, 3754141722, 227345286, 2706739917, 1025229144, 1685325285, 3442981652, 3406102248, 2830800564, 3492398221, 299663108, 2580114906, 4114895455, 2184219113, 2870187269, 3633966843, 4085031913, 960189335, 3172046231, 3074901138, 628992316, 2212573560, 1534493906, 2743797989, 2092138292, 5766396, 213091550, 3669368373, 1801095752, 1993544937, 2692600898, 2332593038, 3797308439, 561345639, 476758472, 1043167233, 2753855594, 2332724622, 3547638243, 1700338685, 847402003, 3242199411, 3985842000, 3427541781, 1322781117, 255140173, 2055834070, 143776559, 3430312467, 5449846, 46001189, 382910943, 538160514, 3438824662, 468836875, 1306406102, 3056249784, 220077504, 4064250722, 2705340582, 623848893, 701528142, 3080057590, 742209077, 407731331, 3476572834, 1362723987, 1122896923, 4149940133, 2417440187, 1610993466, 924265926, 973054571, 3876200195, 1578701526, 3609320800, 1641912614, 1726050807, 1497164853, 1724184448, 3705001230, 1079006539, 2982910295, 1767727104, 2233919400, 3842190478, 919129270, 4283014436, 1608719036, 966583455, 3079399502, 2368209451, 4105689644, 3387329403, 1127830266, 3442291544, 3235696226, 675264399, 2492158990, 2504422585, 2343736651, 3302306255, 1685853836, 1197490390, 1887771195, 2348959582, 3357668595, 417237718, 1627545375, 3297277054, 1254260766, 1273258088, 3907989145, 2778289659, 3366388694, 1597220480, 3140934082, 3458162748, 4050330465, 2940273306, 4193506341, 3115144810, 1708075797, 3421955008, 183367397, 1356148346, 2173060414, 713361639, 2109378794, 2516399104, 3587765011, 162614308, 662085822, 4187377860, 260080887, 1505965939, 1217884548, 178501145, 3524555558, 1023119126, 1097363474, 4100886377, 503595708, 2633643424, 4038104146, 3341160135, 2801817190, 4248892384, 4243092816, 384636006, 863257726, 2961477348, 3370399405, 247525487, 399196053, 1139480663, 1163911445, 2390624085, 2269621195, 951747733, 1980218546, 2481869396, 2769136268, 3192299779, 1535568996, 2244582108, 1721088703, 2182130572, 2385580940, 2336210749, 4011351702, 1653889309, 42212831, 308984304, 2995231080, 3221722794, 1273901198, 3865661891, 3647406308, 2519740657, 1937740514, 3734938494, 3900849021, 547797401, 3010990391, 1359115434, 2659085691, 564799517, 2053991927, 3036534201, 439093756, 2451901199, 1281677094, 4035774181, 268898584, 1633689835, 2494274515, 882853632, 4008241292, 310611556, 771793716, 2180346327, 1422565949, 3501801853, 460181005, 3925137521, 2538575378, 2033226175, 1100480362, 953951004, 308906694, 1964370633, 696830304, 3298367307, 1816296564, 2911276423, 2931260825, 4038373613, 751350061, 4098875443, 1334012138, 4062228836, 1345028598, 3147209774, 276689413, 2202314908, 3213994483, 1054332347, 4017230782, 3225095465, 1330424228, 751359914, 1698981226, 910345775, 3277702691, 1848055978, 2582116783, 1230111232, 3912132281, 2774480567, 778803284, 2830728701, 509886106, 472715690, 3179387422, 3818109788, 1175409873, 1805042359, 3747158958, 2014873809, 686169252, 1294696012, 1517095133, 1335974376, 1029157515, 3067441150, 2270497541, 1091412380, 2356836498, 2044420635, 3788904532, 237385411, 616816986, 1333910801, 1726494877, 957372715, 491148953, 4126869840, 4222786556, 2201906175, 2752300706, 1563433687, 65972375, 1255301486, 1583061266, 3344133592, 938336897, 2958834349, 170590211, 2679322249, 725015174, 3676816610, 4113271170, 1426523083, 3439974716, 2746372233, 904044412, 4256691315, 37344857, 2999894016, 536697678, 4227152329, 2428604998, 2555828225, 2747415994, 178060204, 1419601825, 4251886138, 3647732302, 1019116969, 3781647873, 3620415214, 1685158071, 2827901730, 375625111, 1698385078, 3444315744, 2934659863, 1613128598, 2770405203, 1742364719, 706122372, 2154211661, 2752626219, 689903358, 1385117978, 505805143, 1801254002, 2691235397, 2177828090, 3014019688, 3948292607, 374687068, 2433733623, 1096542025, 3049126569, 2452623465, 2040537658, 1354407962, 2125526783, 1712702963, 138933198, 1249320741, 2860702154, 641257765, 2767960880, 2233902161, 970782742, 1712383377, 749395038, 2907538845, 2774820260, 2443985793, 932045341, 3891950416, 2214852098, 2394377606, 715370054, 3994505544, 4165388849, 334514299, 2995268061, 2064016742, 1888985695, 2602025614, 2806417415, 2594557185, 62508763, 3102669304, 2939487752, 4034549021, 2298576277, 1659813395, 1693710876, 1229015339, 3519289720, 3083942882, 1510453847, 2101746638, 4041381648, 3466911433, 27903115, 3640605303, 3903053663, 765397474, 1193847876, 689921386, 841161354, 2020973535, 2778394096, 2341468878, 2793907619, 2100436574, 2438240359, 2508363030, 1146899866, 679590522, 3510439126, 898246996, 3599119613, 4096821463, 3290842167, 3338272722, 2773419453, 689515718, 7518569, 99068797, 742623125, 664143470, 2924609410, 1492191508, 1462559898, 3485551242, 3260642769, 1373008217, 4222925450, 84301925, 972024543, 266708711, 963278804, 765127151, 2963526665, 2512346022, 1769804996, 3522834290, 3744731836, 3926696716, 147109934, 666820207, 3755949388, 803427505, 2704388684, 2682912735, 2625698029, 821345205, 4165467987, 2629369946, 483749718, 1828659366, 192704312, 1921318898, 1930323616, 2128698664, 398334792, 1555719550, 1708020823, 2665592689, 2990633349, 578305300, 4238012932, 1918185292, 3693551911, 3271212982, 3133805758, 1864765029, 3265107722, 960061892, 1446442153, 759571591, 903531166, 3631183698, 2025530021, 40587752, 446056298, 2172120610, 3777701287, 1331171156, 608085525, 2405787775, 2728431694, 1047271510, 3269058355, 2585373186, 1528047279, 4289943318, 1234460118, 3319924657, 436088327, 963667464, 3171527346, 2262507783, 3862700700, 2801649878, 695395607, 1357313937, 3459986709, 4130678881, 1754686389, 356400525, 1764526250, 3619326068, 714456439, 227210714, 531112172, 3715005409, 2707196385, 2955489296, 277610702, 989714896, 869919324, 779923388, 724929565, 1119941722, 3935023343, 3069145469, 3671359793, 941031265, 1264766534, 1768230973, 186), None)
Loaded weights: -0.14915646296502832, 0.0, -0.852679995874501, -0.7144132366835665, -5.7144132366835665
events: 
  ----
(3, (1081840394, 978972205, 2955968299, 958038027, 2819984832, 1172069943, 1235319025, 2187518476, 2861029213, 2171400045, 3407728943, 1938457009, 3795640103, 3203514273, 945164604, 3001734148, 847398049, 2222201749, 648382089, 2298726854, 2483835226, 2039312113, 2626784621, 2388436761, 579400328, 2323166248, 1849154312, 83182265, 175000709, 4158032198, 3915405199, 1748510378, 600362601, 791993324, 3801408699, 2598316489, 1365908552, 3412152008, 2202525917, 3096259007, 1570793228, 1984453519, 122958456, 2759378123, 2408669513, 888496462, 384267389, 188461879, 1560511863, 2784215584, 312374363, 3896587621, 669746039, 3191496873, 39367843, 1031299111, 43647065, 2791635047, 2716036771, 965650004, 4230468600, 781425845, 4070181571, 3566306571, 4126718553, 4057073491, 1534966245, 651871082, 3880309099, 2278266287, 3776851220, 4179049683, 279111467, 295460264, 2584394365, 869788117, 3415468098, 3501167274, 3138107598, 2840636149, 1546978681, 1594865546, 1878606854, 2540362033, 2783441663, 2022505570, 707005167, 813882133, 675042196, 4241451382, 3339082868, 4158908126, 3037220849, 1805966307, 711769171, 4133866572, 2544469196, 160160168, 213193511, 3451981409, 3582125755, 53943330, 1742103195, 1852966770, 1689005467, 4234448137, 889012011, 2885168186, 234759310, 1358380848, 3052740127, 2240601045, 3661494809, 1795939229, 3962664887, 3214065483, 366535393, 1557527303, 1263991478, 803191692, 1211363987, 4117836735, 3023650671, 2493286647, 3067053288, 3199905565, 808033264, 439422266, 2589038427, 970701205, 2715601508, 3803719215, 248885491, 4281008559, 1987657277, 3694315726, 344068043, 1749847093, 3829727430, 2527248000, 1039069469, 446054205, 833243919, 945797261, 3195154824, 762466063, 1675799326, 2338802844, 1623481232, 1515422074, 2111596292, 1236604454, 2095851895, 3456792983, 1126968255, 193670346, 3348362579, 1018925333, 1648565242, 2374763006, 3721091109, 145614216, 1105719941, 4282611320, 4199869088, 313848531, 974548173, 1247433803, 190459270, 1201471139, 2572915548, 1426725118, 224577738, 1828184219, 818560530, 2927017080, 3088638977, 4137160744, 720487456, 3317188165, 1946212543, 733242595, 63931797, 2511758579, 201944251, 129589713, 3652742845, 780929520, 694078161, 3124875895, 1015763187, 2481137176, 2585948585, 2282795974, 3116636433, 3372901250, 3777832696, 259170347, 1522804405, 2164171472, 227418553, 1155492860, 658274357, 3118823730, 834268104, 1106791864, 4071651050, 4074912713, 334174344, 3620384284, 320722539, 1256090397, 501443160, 2859851030, 2614374473, 4210408837, 1406235039, 934687608, 1849064574, 2771489824, 2861157597, 1255076096, 2354237495, 1765266043, 154281513, 2509396952, 306305194, 2955211246, 1556210219, 4018853705, 1666982559, 422404572, 2630322794, 1673737255, 204974372, 3390450130, 2173095423, 3988092789, 3644615613, 390772954, 1654140563, 1968900576, 956174981, 2166296010, 3587413974, 3225514894, 3452895591, 853498741, 3760013312, 1130564340, 2831447539, 2388641334, 2875835017, 1075738517, 3566101395, 2400867862, 3243155717, 2894321349, 1792803613, 3702382303, 48456254, 2304583988, 2446575331, 781346252, 1102589745, 2034757906, 3840417151, 3763308732, 1136671797, 2561974105, 4106524006, 1809191945, 3879197228, 3255289979, 1228968138, 3503676445, 2489070765, 331216672, 2509436519, 1616244329, 496206651, 1940343632, 28911539, 2643464948, 1417283378, 1931126032, 3417548956, 1514283897, 541571080, 3306586908, 815560016, 1800425079, 450935172, 2684268515, 456902676, 2677244324, 2199057875, 1209336966, 3150443797, 4021778865, 1205305226, 1805120016, 644307691, 1651248214, 3302722181, 3253572914, 3280482989, 3547887308, 1908664688, 3192757908, 3497346281, 3332424165, 956431449, 1893333444, 3205986601, 3971008406, 1221815822, 3830609418, 3486535302, 2307602425, 607815759, 331905424, 2038698322, 2585812530, 3441374120, 2774938332, 1114920780, 1257491554, 1777621851, 3048894076, 929947895, 2294304133, 2113049185, 4199140595, 1897536446, 2075481561, 2550160782, 1818297136, 1195312394, 64495145, 991831004, 2490073963, 1655533330, 1989172175, 2589244450, 4022460088, 1407020398, 3345768666, 3500827075, 2406906485, 3078086072, 2910246736, 3472823885, 884531085, 35210900, 183325187, 3887721105, 3892450334, 4180920643, 762378430, 1287703686, 768875244, 293377774, 1131723728, 3341914006, 14800488, 3366876944, 8976023, 4123176731, 1271094777, 2522210350, 1131093374, 1710489752, 56771229, 1302840805, 322527121, 2703796519, 875711848, 181765256, 3967524989, 1278788080, 786573858, 3193660606, 132236127, 2643059840, 3248056170, 4247064236, 298789023, 948213969, 1068636139, 1585907518, 3064417839, 3315855249, 1806053505, 1749594498, 131412993, 2984025483, 3619699460, 3677513850, 1192629678, 3144508336, 1958910019, 3147129805, 353794788, 1131403372, 2467620105, 3845839480, 1713860024, 1405815593, 3972480213, 3398841086, 3020506914, 3460051994, 1596631410, 3667152926, 3058754813, 4149562982, 4288420335, 2912519705, 772513428, 929910843, 1172751720, 1019273242, 2280461128, 2888661789, 154600431, 3454290014, 3860895263, 1093675704, 1378523471, 2658446964, 2550868672, 731395041, 1143275226, 280562188, 1297095355, 1892537370, 2703196725, 2637511076, 4187131314, 4186899018, 562779206, 3553608502, 712708829, 2132170804, 4146669939, 336748904, 3052230503, 1936178040, 2607837286, 363165062, 1806408669, 3739274580, 144904002, 4098810472, 2339630911, 919795318, 2855300922, 914238247, 2864013202, 1201773398, 2403865785, 4010310540, 2895461652, 2136891912, 3955685574, 1769469443, 3043300477, 773784857, 299228587, 3745802603, 4217229180, 1374794371, 2103325946, 1327408846, 3858695434, 2363582373, 779128856, 1504665347, 74975967, 3501200685, 2283661963, 4229645156, 1938852290, 1019289468, 3527337176, 3805882355, 1841494025, 2812062927, 3078280952, 135536160, 469582532, 532020347, 2389480671, 3970806138, 3637246309, 2719506528, 2074303121, 1394460901, 1185257762, 1339612716, 2510076103, 2170759364, 4196029812, 1649873904, 124930893, 181990179, 3236676147, 1481011190, 3209807241, 1180092992, 3737473693, 585748882, 1368297966, 2341929994, 3917150840, 277701086, 3256907998, 622828324, 697962535, 3871943192, 3078634984, 2903149175, 2118464169, 2298836417, 2377549639, 3110157595, 2129052575, 239439524, 701747974, 2670829402, 2036526223, 43296640, 3452837013, 3698031539, 1435756244, 1408705561, 3921894979, 1950593899, 3845578081, 2118790709, 1791739259, 3374479361, 182857691, 3389180906, 3324921772, 2228232207, 4069396632, 1387526816, 1685451633, 2172025943, 3505550503, 734733625, 3318906598, 3858038542, 1156217409, 2766709247, 1657923227, 1826189241, 4021929082, 2157882647, 2431982249, 2463935937, 1390522694, 945104930, 2442078088, 1074636855, 1644824539, 3018438892, 2052108405, 591706253, 1792365890, 3953986829, 280007534, 1983142991, 1684801666, 4067621576, 2675527306, 3375753595, 2355766098, 2249052899, 3896962691, 4223966476, 3851489454, 3267201758, 3033022372, 1265861544, 2033454374, 1367168984, 1901075068, 1144765441, 568099381, 2887484487, 862184020, 1280963162, 3478443495, 2372155647, 1585240393, 339628608, 3220332157, 1523357083, 973304694, 4238581264, 4221018512, 1734718347, 115701373, 2466985038, 3342637381, 761750357, 2426347036, 2825306947, 52218602, 1392664287, 3158128738, 2473924999, 3493997483, 2707810817, 1189042353, 3298413811, 1127251828, 1871752003, 1982270758, 1357714809, 3521205262, 398), None)
Loaded weights: -3.715835902665023, -5.6834960245232935, -0.852679995874501, -0.7144132366835665, -3.1459831444368653
events: 
  ----
(3, (3767487390, 1429357427, 2839210960, 415286968, 4267128218, 2090360180, 3594314165, 306186317, 1141025001, 209049249, 3452956216, 3286527627, 1922273439, 270673583, 524007684, 2023476456, 2548693242, 317167878, 2209190300, 3814731991, 3362049577, 3519499649, 464258169, 600602140, 2647769479, 1506396441, 2194593554, 256457450, 572508483, 83885099, 2019924845, 2490668830, 1402707260, 1706520343, 1849553632, 1277656832, 3932038362, 2706082735, 3892001963, 1022928332, 357073170, 3318791995, 872106773, 3147503928, 341750552, 57981858, 899669013, 1117538265, 1407510804, 2207183390, 3265967974, 2664914747, 2203045033, 3802784397, 3274445567, 2311836446, 2627050315, 1346409926, 3071842966, 1591481950, 806109773, 1371613752, 1342253429, 312811711, 1163487372, 2947571049, 887632551, 3429775124, 2989371597, 1961988872, 4067737425, 119101161, 379212156, 4068700434, 3138069242, 1666959620, 1953290082, 1210927850, 1092972493, 384689487, 432377686, 233605439, 1120013285, 3825358630, 2420976972, 3830104275, 1075480364, 3003006193, 729888939, 3077173609, 3909480162, 631073052, 3543163027, 1417634305, 3667974928, 2290252675, 4021729953, 1797035911, 3051892742, 1155585586, 91179481, 849723853, 2821089332, 2421777231, 2015141423, 2308109509, 964288431, 4183590388, 3793839035, 637578936, 650199580, 246149772, 3675207816, 652040246, 2321684371, 2996425210, 3515966539, 1541675559, 425120903, 2191929068, 4162530013, 3116098494, 169608913, 3756429748, 369683659, 3171625451, 1361613139, 328828069, 943482352, 1337201089, 1822015227, 1934128223, 2734015012, 1052182955, 2247483970, 3948680512, 834661332, 2655553933, 279662146, 4132124136, 4045290911, 3631496260, 1831344621, 4100849091, 1243654142, 3244959183, 4003013495, 4105394121, 3668685528, 1777289702, 4056226937, 2401056191, 1113521902, 435401844, 1376678293, 2294589647, 325576933, 3146623051, 1329756236, 480739451, 108412006, 1488168398, 3524842184, 846655210, 3574369996, 1295442813, 1757702954, 2343506615, 4287569938, 3120723674, 3332478699, 715552986, 2202307963, 1349617769, 786943234, 1886564585, 1131386272, 3363165036, 2267760550, 403621459, 142140161, 1859702191, 329419643, 1750043145, 302081084, 2440015540, 3799723525, 301146684, 2322410443, 1279190532, 3075511110, 3129359822, 3605940340, 3740076957, 3817398707, 3752393035, 3835990312, 2448178235, 1432178608, 3585344890, 2844406305, 1514856901, 1293499434, 3284330884, 1014867600, 1217492181, 2894317171, 988178952, 3672576597, 3474716809, 2250516201, 3220996429, 1993167405, 3409976973, 2735718158, 1773372879, 3168646952, 4004010905, 2973811938, 1681482234, 1885149459, 2214189833, 793806563, 1899627137, 4152251076, 3723337925, 941983736, 2983135445, 308105175, 1393221520, 2808363511, 885524785, 3312700248, 2578000447, 1940007386, 3722389843, 1673241954, 4169538864, 155116333, 3888131504, 1984161061, 1506227339, 3134297093, 2391767557, 1272931977, 3671206415, 3834423157, 2718885100, 779317337, 362182913, 1016409418, 3737120397, 2898291852, 3270592273, 3724236005, 2429762609, 3194316781, 3404697316, 1514854408, 552153944, 2071518700, 523791962, 1716690331, 823261883, 1324986328, 3493871685, 264798748, 1224442753, 2933731643, 155013277, 467000937, 3474062862, 3600171588, 2544082920, 2911543653, 545212417, 1095726482, 357715435, 462669988, 3931438772, 1910272828, 4226364720, 1732909445, 3925693307, 1443726921, 898524404, 4287966875, 3038366341, 2237397784, 890571964, 3771055282, 2376274996, 3902992757, 1099428420, 3607965184, 4281621857, 2881650392, 2600398228, 373553830, 3836984016, 2462437657, 2157884149, 985642921, 713702153, 810188592, 2469035466, 2185235679, 3685539559, 3878702053, 2672268234, 2396019586, 2218018761, 1961538355, 3878592870, 4186139325, 2456001909, 2964450468, 1641035799, 4141602536, 4200305947, 4085677852, 77967503, 3491283047, 4037234314, 1134969225, 1368564627, 532868574, 542948163, 374490420, 3180994944, 3857974935, 1866866975, 4067583711, 2268048737, 464926481, 3215864641, 4186828631, 2703197118, 1606919720, 1571885321, 3722633332, 301037809, 2482009179, 504494357, 3103672688, 357835023, 2494792595, 552812629, 1779120970, 1305953135, 1885604200, 1904997536, 2317917158, 855021992, 1208708170, 3054849765, 172886993, 993247412, 3400597583, 2310320067, 1330278185, 790708441, 2314804830, 3897373678, 835716091, 1566464624, 2229819626, 2456869862, 1119216046, 1301093537, 373300678, 3665771502, 1006297382, 1552985410, 1784903346, 4010310136, 2246402505, 3554539217, 2133645235, 4273131360, 3767912826, 3134165237, 106066360, 2056825654, 47259268, 3594347271, 3479055102, 1348939337, 1201290114, 1517212195, 4106392224, 2445103563, 915561752, 1350783887, 243456413, 38443151, 2678282796, 511572743, 3330738164, 1487860100, 3243943872, 2417191567, 3082988449, 3082654944, 226045026, 2969142294, 2904229533, 3228382618, 3690425703, 2421460280, 1098001341, 502277401, 2467007959, 1572797060, 3772321837, 4290916031, 1482104534, 2219438630, 780878970, 1639305960, 3465451768, 1414640588, 74508966, 4059670130, 3758934167, 603817005, 2631906003, 469037559, 3661698884, 2640531408, 3985683758, 1908596251, 1110963620, 867482967, 3300232392, 321942606, 3426523081, 3032183046, 1025897685, 1456880359, 260675370, 3720168676, 3509612246, 2804801012, 2054914549, 3451012002, 3498986450, 1126087189, 2921918310, 3984446817, 664284200, 567337051, 2703001668, 4285568902, 1254686704, 2487967632, 2696538337, 3994094603, 2448913545, 2465859367, 2122222552, 2780597993, 2687080814, 3255801483, 1477539107, 2548422100, 812497501, 3879649142, 3001337815, 1490841631, 2810833430, 3519396740, 1342813727, 2933945657, 930597218, 234457104, 855425731, 4196911603, 2380277881, 2384574567, 3462410222, 2795017099, 1531625649, 3570054378, 2535674242, 4200796331, 4154161158, 489207668, 936787305, 2914463978, 3918357039, 3419729183, 836397946, 1724679765, 1313850137, 4154350661, 4030581395, 2961948127, 1681687752, 27515893, 1734413825, 3300708730, 2064513436, 1161104256, 1003498444, 3561964546, 4287960618, 1576308290, 228004937, 2417761432, 3393131360, 1846041341, 2611424984, 31559072, 346214625, 198965603, 2651509045, 1906975152, 599021940, 3403546300, 999060116, 33342873, 1238442218, 4176632534, 1281288420, 963737693, 532762276, 3223769819, 821477775, 2140287480, 1664594657, 2289656540, 1767302305, 3540027865, 4274966805, 4100620434, 3713710643, 3273008179, 2135449404, 1166394980, 3959482342, 586039695, 1136026424, 3812803842, 712106981, 2242909584, 4278163928, 1682949629, 3782302123, 3748548394, 2316227673, 713562386, 994650549, 2340149528, 3325232898, 1728543621, 160173496, 3213282960, 4229311056, 3507590084, 4268457907, 949486453, 3267000389, 3966148653, 525782157, 910698906, 3570915397, 1344569425, 616672588, 2413394415, 1599152827, 3848721184, 3294939487, 2001377135, 983920964, 85107336, 2381648475, 2767692282, 836131059, 2392926206, 2889082920, 2837531079, 1592391521, 2196860819, 2432446163, 3591428463, 1856133436, 4192692728, 1314579850, 3272805830, 2961065926, 287200897, 1218035037, 3824701636, 3596442362, 1674242240, 4034714193, 1692402928, 768026385, 835682544, 1019340578, 3130022062, 301078156, 3828912185, 3766068353, 2345787036, 1045418341, 3989645076, 3094717739, 283643821, 2386761763, 1980969467, 3270761451, 2411273983, 4264670382, 3692407604, 1034537211, 2462785532, 343458664, 4246929498, 618126403, 1732845248, 1476533154, 4024762339, 481), None)
Loaded weights: -6.600861199798738, -5.6834960245232935, -0.852679995874501, -0.7144132366835665, -3.1729649737204677
events: me was killed by aggressive, 
  ----
(3, (1329137352, 2589682304, 4168380605, 1996804967, 3293899606, 349169964, 2549890131, 2946584463, 2205059824, 750555337, 2058603450, 3917708373, 1681964132, 3138758924, 1029984380, 191727138, 3403913962, 949903283, 1469739351, 2499226447, 1472437937, 1843321911, 1050480857, 3142327606, 1048158176, 2148600748, 906318905, 4048050759, 2189779990, 3785680518, 2754290562, 513948334, 1268877450, 1912007594, 2219797490, 3127771118, 3425776248, 993833991, 3910009500, 4188341615, 3528060184, 352156332, 2304187634, 1175542163, 53042294, 431421753, 891074985, 1065015943, 128648911, 3082713868, 4284504381, 939434197, 553250069, 3826430265, 3138797760, 3909635568, 4207238444, 2473969693, 1645274615, 3389289586, 3163630503, 2227941849, 2170426439, 2149894942, 1613346937, 218988781, 246979482, 2554075019, 2168964171, 388944375, 3198306810, 544593195, 4051305494, 3506227165, 3514693692, 2000127755, 1907296296, 4071411190, 3069159884, 1642464611, 705029428, 936768719, 3648313643, 1950271985, 3379303397, 3884166722, 989208205, 2763866774, 1085377297, 577469493, 3445242680, 493072313, 2687540367, 4089567548, 1896445095, 2095782440, 2946439809, 688730965, 3029451735, 115110227, 673688492, 2682140843, 1806008339, 122616619, 4167355940, 2995101977, 376866506, 4046744235, 1243452976, 2120569285, 4096901426, 1059541787, 3585356247, 2431674943, 1935901116, 664415691, 2833433035, 3304451872, 3523212469, 3315904974, 2903006336, 2446097546, 714123933, 2356709396, 106053582, 1763093157, 2469345948, 4042962254, 3696362960, 3785479613, 1811341895, 1192668680, 1040693434, 2818894468, 2870413899, 3585193483, 937605515, 2463852004, 1256817593, 2371203364, 4086482104, 4283927908, 3813690036, 2913652432, 4243592159, 3358036944, 475254549, 3623389736, 3936249859, 1207966651, 4128794715, 2716163568, 643257701, 1009032974, 338634885, 3630724046, 2440342989, 810907405, 3061293012, 3025219765, 2018141483, 1289327378, 1902502728, 193573442, 2519607716, 1827588328, 1519455776, 2194311545, 2867629443, 505605712, 2342772704, 1176810072, 1859527656, 1626624094, 41439053, 2344938456, 180127047, 854959153, 2546150363, 2318326230, 2569647311, 1291495026, 2780220743, 1214805459, 2136010368, 1072741850, 2734937025, 2950025554, 1753371565, 4039490837, 3673080174, 1528581380, 835315903, 4288850655, 3776806726, 3854852466, 11676220, 1108572999, 2431957410, 243652216, 1851905595, 3596495173, 2896526681, 2995441893, 923053958, 1141124058, 751222953, 3122471529, 1258463334, 1504622926, 374446290, 865544805, 662005663, 943033276, 1555257266, 970317902, 248821143, 269805847, 1907786961, 1731802003, 1651202360, 1434485896, 441368697, 1275577657, 2528494050, 4251424100, 2427118889, 1928759330, 3579934206, 2801447960, 3363779444, 2890976356, 1542320982, 239041235, 2158643483, 28951971, 3342080434, 2811263730, 1094318836, 2160747113, 3925571028, 3342130840, 1064869100, 962335912, 109341956, 3030883389, 3376340266, 587768786, 3285898057, 2416535480, 1504331013, 1087002332, 3771014009, 716180782, 2383429280, 2899075186, 3755019704, 3050767289, 1529096599, 4162848236, 2516980913, 1712033288, 1305985256, 445488120, 2120779732, 1307599212, 4181450348, 459415887, 989957732, 1632154877, 3300914503, 3602027346, 837135980, 2017708409, 1226021557, 3483301173, 585952081, 129895097, 152663654, 293661341, 987126530, 3603052270, 2611419839, 1175203219, 613335380, 3389113194, 287504096, 3249258750, 2645216550, 2355089029, 976656306, 568515737, 3017424178, 3908963007, 2214725141, 4023899579, 1818459440, 575856677, 3783699862, 2699021681, 2079059204, 2068607129, 1046376673, 840134775, 2440786842, 2475672750, 641913132, 3457712051, 2474187530, 785808589, 4199689235, 2365880879, 4281967012, 3860312036, 4110325215, 3972377119, 405702770, 1709402161, 2546636859, 922460111, 2030416277, 581264511, 94628993, 2636253063, 4244775763, 3317946936, 1528829677, 525794213, 460078328, 3301644288, 2732591055, 327097990, 1026121936, 3858102221, 3228876990, 3441958290, 616825805, 4291926297, 3505259416, 256365408, 3274339910, 3025699160, 1395140513, 1488692230, 1360105598, 298333778, 2308806443, 338170250, 3208783331, 1110576546, 3452591668, 1992914410, 252667290, 587656347, 70532923, 3403441534, 381964555, 2362519881, 3181928331, 2426773980, 1301916146, 3384856085, 3621245050, 2079888397, 1833848370, 807092049, 2859390023, 2753538677, 1351810791, 2974277187, 3472721730, 606447998, 2461442400, 3171646704, 3265680004, 4251426373, 3206754585, 3919300845, 1761826297, 3228104654, 1178697141, 3866657819, 2668030622, 2562109681, 1001191425, 3417409004, 3965202542, 148416598, 3438605629, 2867905504, 94946318, 4125524928, 1536617012, 651124270, 1770939990, 263768581, 1295577523, 2747125270, 688299306, 1648870201, 598425372, 3296074605, 3240271788, 974818569, 2754688409, 917520352, 3038699801, 1957949846, 568679904, 1709146538, 3387765080, 1397831807, 1313267448, 253670698, 3251094481, 320153451, 3375716228, 2417317132, 3405891470, 679790508, 3445611787, 2684808254, 3359667259, 3820510486, 4095740541, 3830801535, 3380330768, 211605837, 2082852552, 2905475205, 2028450910, 942701065, 3498322601, 4211287007, 2671515383, 2366535071, 805205922, 1651347573, 4284327786, 1610110324, 1100526056, 2185105455, 3795134837, 1324404240, 1932785159, 62031981, 1772923161, 3788823731, 3409274815, 2281859663, 2501109961, 1919498483, 4174401331, 307608760, 4070282304, 3982193133, 159728943, 524159681, 3150662048, 2284593702, 1727982295, 2477191746, 4193161175, 1766188476, 3273936285, 692347735, 1149097470, 3248942436, 3985545766, 1058859203, 4066750210, 3869944397, 2739876816, 2542356811, 1475933806, 1070822948, 3362386551, 3560975168, 3572049092, 2771613473, 3579514021, 1030899618, 1044709545, 3552082627, 1086672220, 971511667, 3554209632, 2744358735, 2997381910, 3290209478, 961484921, 3070459170, 789650154, 835615438, 2730674131, 1952173492, 4032314816, 3556067294, 3481139014, 3515973048, 199215054, 775395431, 157223996, 1000676051, 1502456936, 2576036762, 3054551223, 2685777439, 2308539416, 1191621631, 3157038746, 3004017525, 4071930239, 2222379589, 1855944538, 4171315637, 2310210074, 2459153585, 1321903324, 2566805819, 3317982079, 520630753, 2991619698, 2365482832, 4182907475, 1022900722, 2445536282, 2400734115, 1547500596, 891936700, 3732298160, 870319920, 1557198137, 2247366040, 299307991, 1268000172, 2795949796, 1700771944, 1264884419, 3283904078, 1780188739, 627393289, 4288748376, 1661434193, 4075150670, 2986129014, 4108882570, 487782953, 3322292481, 2403445939, 885110876, 1809040659, 471184072, 2861647618, 1782884546, 2420083471, 1419774599, 856334298, 3413789095, 1227835764, 3545559147, 530655760, 3091516835, 2868898684, 1955127187, 3735198655, 2625919620, 2676124715, 137597309, 2126747907, 2508172275, 3047363220, 2673256676, 3303020908, 2733719673, 1643717675, 174154958, 1457025332, 761185732, 1339728059, 1897508852, 3166877381, 3035190795, 2560736137, 274625544, 1500476534, 2493100295, 566794538, 503327589, 1685768987, 4031266412, 3391451605, 3866519000, 3047623444, 2046892700, 2255457368, 2108517312, 3789106924, 1791548104, 1602958628, 942623414, 1534740118, 118286739, 720661532, 1275557042, 4204139573, 80634944, 3448927317, 1530640098, 2842224607, 3444310872, 1597991133, 1358119456, 2203343480, 1537494906, 141251821, 1417401234, 2378809995, 3013576411, 893161304, 3583588375, 2511859438, 1142652843, 1789162199, 175), None)
Loaded weights: -7.7989051897235395, -12.086421488195107, -0.852679995874501, -0.7144132366835665, -3.2144132366835665
events: me was killed by aggressive, 
  ----
(3, (2928704342, 3425965483, 2160925269, 25250487, 2383540219, 1406415194, 4106394129, 3850793185, 4192651099, 2286355652, 3648716643, 1405420498, 2018858284, 2539592038, 1458043758, 1798771597, 3394841132, 1929530277, 2154168851, 1004283907, 1072860104, 1296564029, 891472183, 2455966459, 2685299176, 172650232, 1108656362, 3043145846, 2491881276, 2607698129, 1137558554, 1509231245, 2513796432, 2059403687, 1694926334, 3063722901, 1066780931, 2881165241, 1758742519, 1188725038, 672345379, 4227213587, 2784512354, 1074536403, 401464428, 1639171454, 3359970188, 3924739519, 409843179, 2400466264, 589511686, 1111564778, 587432460, 3365456041, 116203019, 2243092901, 3269978217, 446387812, 3361295316, 3469041699, 3293799154, 1651307356, 3359524777, 2413987380, 203981547, 4273127962, 4233322150, 445587303, 4225481587, 1529671939, 143963950, 3576928301, 3463068658, 2598064924, 70899991, 2610476996, 2933862320, 210707080, 3592995914, 3714777325, 1453482488, 1633417358, 1176806150, 1759884680, 1320390787, 4197891888, 3253132168, 3113564171, 2983532982, 4118147836, 1948971084, 1001952654, 3187437656, 3636663029, 2306273334, 2715166581, 4232074171, 562206439, 2923251138, 3830179862, 1158867796, 598181776, 1262399730, 938320092, 4001232948, 1113870169, 2587336537, 1015244656, 1068575655, 2349342766, 1720627021, 978005036, 2524329535, 3315422788, 969411919, 2144168261, 3859555797, 2674408927, 2591252818, 3744935002, 3665136372, 2190098765, 2663521585, 2263710872, 2995508332, 3150439228, 4102241783, 2541426875, 3575669747, 2100309478, 2895322279, 1128210537, 556509950, 318073930, 3224399082, 2653493539, 2358880106, 3987432148, 1295973694, 3748637880, 452230874, 986496921, 2506686758, 2372616051, 1098287841, 679496717, 1224424517, 513956240, 1291062132, 1458312824, 1306547409, 203764588, 2438193972, 2816384193, 1206385908, 3450295537, 1806912603, 1904174888, 1394582410, 2978842829, 359028307, 4090017795, 1290506325, 3628328121, 1775652452, 2500610739, 848437023, 3103140237, 2444487831, 2572531060, 4237309191, 1062764681, 1320792364, 223034506, 2957076344, 1124096664, 1150450603, 806905163, 619595968, 3757903478, 816128525, 2794263480, 3001428621, 1320278196, 2738546728, 1012928308, 3477820192, 4246203649, 4161083939, 4193178032, 1279705000, 2683072485, 3265474219, 2160493007, 3100066156, 2788126918, 228984424, 1920681549, 3240978276, 3549769730, 1409190545, 2777863355, 2680614281, 1672289653, 2037928827, 2288466200, 2935115255, 696657025, 3594602642, 266774569, 1297174968, 3515463154, 3044155905, 3809847425, 1138071802, 3465652276, 307666476, 4202151373, 2734652923, 1699643150, 2802417871, 665867832, 2318916891, 3737376998, 3942917212, 2504441312, 333395654, 2216739241, 2672381863, 3841098735, 1470704773, 3823572560, 3452124396, 1839140419, 1012015855, 3665611650, 3683596733, 3118858777, 3400041017, 212398022, 4106581546, 157005080, 2006522329, 3373997230, 4032378212, 3841551494, 1784183274, 2266452659, 88296673, 3237960554, 2986752405, 157570187, 1595041903, 1159520186, 3808725071, 4218393056, 1485660626, 3075956750, 1709508731, 1205782487, 163956387, 1139631498, 3151658601, 10586857, 2369988367, 1414113473, 2455970134, 898886161, 1381680050, 514786078, 727012986, 1327434586, 3298464029, 1975807497, 1462308858, 3490934940, 365134043, 665814837, 3549029499, 1047048077, 3824800734, 3526763403, 2143045555, 3500181699, 1067169745, 2160603300, 3994058844, 2324038753, 3175851201, 2502233200, 102455463, 365272178, 331708314, 660270451, 4100736357, 2380924395, 3540857294, 945283557, 475319882, 3013594480, 1047911311, 2183025080, 463060768, 2791478909, 1162395871, 2232003804, 1668255723, 522120317, 2939713079, 3791979984, 3077519424, 825180241, 2302503106, 579936696, 1459576283, 4257373583, 1586296379, 3871804558, 4191021750, 410392653, 1352208405, 313505449, 911185001, 466219725, 1130593275, 1520828011, 1927816475, 1218770216, 29494160, 2202403786, 2119315359, 4041820252, 3918922848, 4195221254, 1511483833, 4108032670, 719871101, 251244161, 2112406940, 3085110556, 2679183080, 3377770048, 1401994054, 3464818154, 2542544630, 129309208, 2502108319, 1557932250, 3818080156, 3089576491, 4253664877, 3037488801, 860628398, 1871811253, 2987731460, 122354601, 3796895133, 1800373181, 191754375, 1206353415, 2937961375, 2883290327, 2061362170, 3124658291, 1823362467, 3238078402, 342411613, 3954553206, 3144147047, 4061643399, 3749309388, 1210964561, 1980101237, 698881287, 4179175021, 2322408231, 3140043473, 2691256050, 739330187, 1803283761, 233467411, 140806587, 418692182, 2943189124, 1420273118, 624147389, 4125220070, 2853477394, 2796607987, 239071826, 3803227481, 69024638, 2255218084, 106245172, 639827024, 774317201, 2290831999, 2819849106, 2540949962, 1600925346, 3061350883, 3503302830, 2265296067, 3481424312, 1799387835, 2808711315, 2779051709, 542608637, 2489504621, 2517676577, 3188847700, 2216265556, 1005540769, 1990197783, 764792427, 3701453281, 2984540982, 700865647, 3417181235, 2097443057, 3502634960, 1173343150, 3623050829, 4005475209, 2572764333, 2777712620, 215215227, 1844211189, 705519654, 3820304294, 3871183022, 3358783216, 1827543080, 2019882579, 4127829649, 2176742211, 2816004300, 1929347597, 3195379528, 2512288501, 2063732809, 2881993887, 2850672444, 2999440880, 1655064868, 253860264, 3433865608, 1536918479, 4206482368, 1505139104, 1056961600, 1315222298, 3698090940, 714276070, 1803929984, 1115905519, 1919235664, 1246529621, 2817591107, 666171736, 1682732898, 3652048347, 2933799260, 1662365612, 1951171437, 3902171334, 746297716, 2181184313, 3487396262, 1319882328, 591853911, 2717822092, 909474044, 27525853, 2566842785, 3095332101, 2866761418, 3631393783, 3270860740, 2897698530, 463862891, 1697560772, 1270553694, 955238268, 850123624, 1275690955, 2401221807, 1351742248, 568536041, 2121613962, 455095416, 3670780538, 1286509990, 436925024, 1337855179, 1786174802, 2002100465, 1290513881, 668448134, 2171958010, 4225176293, 1401326052, 1422478634, 956651247, 728375032, 294204671, 4150969437, 2805273042, 683526827, 1638534398, 271510950, 3754515377, 1543235929, 2573155313, 803088484, 4187104716, 1164207863, 1635650249, 2159149104, 3895457530, 4057351516, 3980687964, 3415553603, 917277752, 1714158876, 347420743, 1830508670, 1349232021, 2559229542, 883069944, 4287796709, 4062710428, 2280891920, 2995566303, 987037355, 3161133381, 2427116004, 198559230, 284259190, 1698175804, 2838180067, 1764741239, 357126648, 1744705692, 3191429045, 2209981427, 3489125766, 3935482954, 3423064111, 1815038023, 3072893083, 1298768543, 1340956138, 130707834, 3652419696, 4070227468, 2596490279, 3269966739, 2491346150, 1496632458, 3051186702, 3745365943, 2711908128, 3383001963, 3097514881, 866838750, 1630178262, 1117810313, 1866322462, 3223838304, 2488624288, 3626463876, 1707415214, 1565734012, 3039300112, 3869505019, 2471168689, 3945178255, 199853603, 197194324, 3908598024, 1902719454, 3524433586, 2860466073, 1207449990, 2552862939, 386085522, 957685490, 15618437, 1123679436, 1176799302, 529891151, 2614272584, 1768440851, 3900864346, 3316733319, 3271251441, 2854061736, 1743274179, 1779586862, 68499020, 1670898299, 2669090089, 2636839048, 69923895, 1853258411, 3568986052, 1618457954, 2245544587, 2119351802, 1509590069, 2094925006, 614045313, 2553543515, 925468347, 2358063162, 2446566344, 578279147, 1585675474, 900712816, 1284430659, 3710382938, 2189274405, 2680385492, 166), None)
Loaded weights: -8.524996043929056, -16.84797424190024, -0.852679995874501, -0.7144132366835665, -3.2144132366835665
events: 
  ----
(3, (979885731, 891790482, 2557325352, 1576961113, 957087086, 2469450382, 3797241820, 2123226151, 2013820107, 60823968, 743387533, 2742105391, 1903992011, 2571079223, 2152640736, 3496212490, 384439348, 2562098917, 3177594683, 530585078, 948455642, 1440714746, 2460179187, 2252059355, 4222212476, 4054893032, 3364812882, 615015836, 1295154806, 568880001, 3338934876, 730463362, 2418763425, 1555135033, 1583991557, 552140597, 2753021510, 642496163, 575169125, 1525770947, 2258215884, 1127744371, 464570931, 4244118381, 1760991939, 1448844057, 1516502536, 1137423354, 3472630135, 2926038426, 3096032399, 1091984444, 568806359, 521562008, 56794905, 4230682779, 595798077, 1268401945, 2246793817, 1526124685, 1450496575, 1511686971, 1516305990, 3352364119, 3814381577, 3252482714, 454475217, 2549307331, 3520067292, 393759258, 3405400410, 846768784, 2583547563, 1516142107, 845139604, 4254589882, 2078754125, 1399350862, 2617724305, 3922731439, 3704217221, 2328729193, 1360939980, 4059565474, 3014960515, 3520327227, 1882141999, 2707905585, 2986017496, 3794461920, 276948440, 2668983198, 4089873279, 1485978665, 532505593, 4104748903, 1281596436, 2161753374, 3298914436, 3028316295, 1995539082, 3626100648, 2658705284, 3169651185, 2758778158, 1333123321, 2451556867, 2980880269, 1631161225, 1604308891, 227340436, 1835450371, 1526241922, 1834354157, 2752832875, 3863404820, 3800460422, 162102744, 4014979635, 482753898, 1485909318, 1117022352, 465132256, 2139749898, 2892490985, 3218914746, 3678593060, 2069410179, 2100681310, 1172907148, 585553377, 1446940747, 962350408, 1699265973, 1479943444, 2558419205, 238460150, 2793104954, 1000946512, 1249358818, 1660702734, 2549280977, 2553586273, 2210163640, 2380581696, 3467287586, 867390878, 640618592, 1797363329, 191120934, 4157610785, 4258576594, 2249716432, 623718620, 754038886, 2597755718, 793661492, 446385272, 3741315559, 2159810544, 3917598421, 1647534468, 1533147388, 2651873750, 1857093076, 3596290507, 2251166163, 1286522096, 2622698639, 2635451400, 1043777363, 1384959529, 3435421368, 2376352155, 1741639092, 1814487201, 960798242, 2816644822, 1668497014, 832224238, 892547435, 1671936133, 1233877363, 3996931341, 3414444880, 1615441813, 254122234, 1294335628, 4220709266, 1501155934, 1140854139, 3591224493, 62706682, 1298392621, 4206877643, 693112293, 382933297, 2845384113, 2291565445, 1549448826, 1191148384, 1887627117, 228960192, 4021747998, 1250270076, 2920120924, 1689416714, 3273252634, 256780138, 2733745499, 3687523421, 2933079302, 17718827, 2524940194, 921462462, 3998492571, 1274506718, 586318901, 773987350, 261721725, 1585227286, 1029656781, 4081741762, 1944109438, 3190139405, 579713424, 1844424884, 1505689991, 3792219778, 3017487888, 2928764354, 73485496, 1972125324, 1008451871, 2604401731, 2668269295, 186492458, 1654301213, 3952226718, 1761422579, 272831287, 750445032, 3781663459, 234878293, 1493735063, 3647855400, 849457528, 4070093883, 2722226701, 1515449733, 2636487977, 1898508462, 1504256442, 1266548567, 390829120, 422961263, 3425982863, 3759276090, 4004636685, 3209312031, 4152506002, 2594510705, 1775313077, 2981172867, 193938618, 230014236, 2808918543, 3316146708, 3866868327, 3666923515, 3476552017, 352287460, 2750979373, 1929281538, 29759736, 1275777076, 4111803960, 3478610355, 2143968235, 2386892729, 3062998098, 3895626110, 3300832000, 3149655223, 3341484045, 2628726334, 4175920791, 2684210351, 148948599, 1606883740, 637906242, 756968625, 2906759844, 757213149, 254250537, 2015597511, 1780156010, 2918935733, 1263116781, 4126397624, 2209927827, 2952496730, 2378311564, 3166286774, 618538698, 3550605137, 2341599803, 1663361783, 1332753763, 2461806064, 2685562211, 1722741974, 1455722624, 3535800026, 3279443030, 3682169145, 3321557358, 1216424743, 301748284, 637479151, 908427204, 585158038, 2992139882, 1097965589, 1350286860, 2124547407, 3659839513, 1057580232, 1783956026, 1425345960, 752533579, 2593091662, 742478364, 2035398839, 3714665874, 1305380140, 2894659938, 1604428158, 2061502294, 133547383, 899602458, 2504139214, 3141817005, 2255447283, 4065941657, 3938868090, 360010604, 3111004991, 4138178976, 3376359716, 24544235, 2638836376, 2330994871, 3954905819, 3593115167, 4185281739, 1373343245, 1553006116, 64404370, 674105963, 3289265698, 2305860819, 3043993148, 650544001, 853100682, 2965579464, 2641772934, 1846067750, 3221216055, 878186000, 440780123, 3514874697, 1083377739, 984588117, 407683886, 1600724808, 883617864, 908851599, 3294713621, 3824029578, 88516438, 1728335209, 2585603986, 3325335927, 4053027361, 1460650616, 2074484571, 4142338903, 3567587893, 4031574975, 2908234949, 2691282736, 4200429523, 1458384838, 2765427253, 3091940160, 2298962763, 650481143, 4082426984, 2004183092, 2646328551, 1769597811, 4191360047, 2943319516, 1636856531, 457075872, 2338768568, 880934910, 3004962307, 2414578155, 4121003084, 1986082734, 2006493289, 1697781595, 1659758576, 1514657574, 2954869851, 3405979642, 4050222343, 1566999306, 3689665955, 217347846, 868720599, 1499689095, 1458800807, 3779655322, 3860724796, 790528884, 2742625875, 3150249781, 1452156856, 1071757416, 2095301018, 2409104570, 799785428, 3574550931, 2474803681, 4003319419, 341764786, 2560581152, 559640150, 3723144095, 2160550275, 359428180, 1303971348, 122305926, 1116990012, 2852353644, 2950652820, 3228382158, 3968884405, 3850591498, 3915837570, 2725658298, 3514487855, 494740312, 1860250670, 790203232, 3375013245, 1459803768, 1121846090, 3870304973, 945866470, 3030440407, 62536636, 3204018112, 3543332160, 3045518994, 653825732, 4145145194, 659401285, 4232619612, 3747279564, 1013823792, 4152440861, 2061447789, 2250454862, 3935612279, 2687322294, 4083999635, 3905514321, 2866174429, 235431579, 2579563410, 3684421936, 402781570, 3234198172, 3062143601, 2591714680, 4141880179, 3240782010, 1597779895, 2085269568, 3206714567, 1116506447, 2811282311, 1401458160, 4266173774, 1126773651, 2393521372, 3034150096, 3663123401, 3625123753, 880882830, 211834676, 2926568225, 2550284947, 2169044489, 647960416, 4267789542, 1410507831, 1298157412, 753158894, 1879405816, 3875929682, 2213329329, 2779263872, 3824877705, 3077508998, 2445096706, 2082798118, 3228731603, 1870257510, 1989329836, 4216080131, 1866374699, 773760564, 1765197217, 797788002, 406499549, 3676512223, 3258864425, 1909857315, 175173896, 685967499, 1682290103, 102220811, 2887745496, 2600849119, 3969166849, 2573422033, 3724300844, 1923905891, 3453742576, 1874983872, 3542527062, 3963656893, 1533791525, 3817097849, 1407616026, 3147399206, 2869444236, 2164270556, 2020114157, 3469699185, 1854003295, 730558947, 11370358, 3709599418, 1378939100, 4145103028, 3761170660, 3824748384, 2733496263, 1009877559, 2572653007, 977533370, 3221065391, 3726207637, 1807332974, 3838604858, 1585467746, 4159137508, 2501240123, 1544997720, 602433333, 1812298368, 2316917132, 2173329363, 3327738656, 1103428630, 1612378959, 1969387018, 2075155439, 689169420, 3778439861, 3537447850, 1021709805, 1539529419, 1908021513, 3697871942, 2649620274, 3255947239, 3019107626, 1659998388, 866163296, 3303910230, 2260902984, 3625617080, 2585071200, 453174481, 954636483, 1213037498, 1005966114, 3910662569, 1020862396, 2137467956, 167163604, 4012592160, 2322109155, 1482885721, 3022538289, 1819280869, 545900568, 3936240417, 3492121313, 1655828357, 3648014099, 1583467910, 2500347351, 1414366743, 1850885052, 3971588333, 1295793349, 161), None)
Loaded weights: -11.524182904105908, -21.49603951976032, -0.852679995874501, -0.7144132366835665, -3.082503862532866
events: 
  ----
(3, (2854526922, 3041616122, 3327380971, 3452043871, 2581094842, 2473512306, 3408979773, 3088217389, 165701603, 461991202, 3913737750, 3230546038, 3086806167, 2383045572, 1068773269, 523970276, 3207075445, 2810376712, 2538070387, 3160289994, 2461241708, 929642406, 1250867449, 1930528185, 707727513, 2352303806, 946155807, 2657663985, 2931720477, 4233466291, 2803703960, 1286417494, 1705017213, 929006814, 497318379, 3647080646, 2612358996, 3526784846, 3255312900, 4048338844, 2446988793, 619745579, 2750786913, 2215633753, 6563859, 1271385332, 2384594501, 1433640311, 1958278237, 567165857, 2673278518, 3084881870, 3627168480, 596922209, 1047455464, 1109138632, 2021626327, 4107512688, 2393028139, 2728406966, 1552163590, 3907656793, 2536397444, 2866216630, 669459308, 1885591874, 4276431790, 2095087959, 1208526100, 3967460265, 1797678608, 3726487160, 1183531423, 3245060358, 1554197986, 3716522836, 1628409391, 4238081202, 3956623598, 2375292782, 449452993, 3900681133, 4199711172, 3519941774, 554515213, 2404817797, 3178255564, 3460878691, 1233231702, 1258837849, 2392865448, 3507115577, 2511303242, 2975325263, 397612148, 2830201239, 90482040, 2971716866, 288673639, 38571780, 2003519932, 1944650524, 3011354139, 2208775976, 2998710509, 623958265, 1096203342, 219718968, 2489723281, 2009634389, 3377268311, 2877666640, 2578133117, 1972935386, 1013279772, 3907960514, 3180948901, 127849773, 1141868609, 1207749066, 464352912, 430836454, 4103266615, 2683012461, 3364827631, 2042768809, 2419481410, 3905295853, 3661971266, 780317724, 1415336473, 4163496855, 3607925833, 570464727, 807153379, 3011797230, 1789135982, 3351811438, 2683924666, 3044831195, 1201569343, 1411671843, 2310431777, 299161986, 659543769, 3596442908, 1363790646, 2525910089, 4260156780, 2209524404, 52872757, 2757556631, 1549413486, 4124655591, 490511327, 3110737723, 988979534, 2741910956, 3685870971, 1298450579, 3499311115, 3942762603, 1399551555, 3677230457, 769294736, 2779215601, 3015813479, 554847592, 3899805419, 28406125, 349933318, 1517752031, 1955069044, 893638787, 3665705614, 3156027527, 3162315441, 3471421689, 1237681202, 3232208392, 3764129080, 530304308, 424296463, 2683699097, 3720310416, 426117888, 904294179, 1117949972, 3670444408, 1077119767, 3246014214, 3011709884, 2213433334, 1283483831, 120859187, 588634622, 4111133317, 574394998, 694987201, 2240842429, 1148157889, 1069517088, 745240418, 1475794702, 3746821853, 1424808378, 2629306062, 3101409933, 1338367635, 2800460099, 2217022880, 1119949111, 3591451518, 1739740853, 2229646025, 502533508, 368751815, 1071171137, 1807472830, 2874305939, 3268482541, 3003207691, 1978590302, 1107397936, 1129578111, 3335853530, 3633132941, 2995917812, 3021763333, 1822765094, 2134291206, 2726594184, 3512705899, 3872340622, 2026162470, 3958677482, 301376492, 626592599, 895375675, 2450068168, 2693452142, 3882819885, 3677619958, 3045105137, 819826387, 2950799472, 1668332897, 1485758231, 2025288123, 303952350, 2372386222, 2049089423, 1450851723, 1344969579, 4189011000, 2024330037, 1131014611, 3631772459, 2943583398, 1652839838, 3337348726, 2813679677, 3187855687, 2542087207, 3635625468, 1936450867, 1594627084, 3213828342, 2123500923, 1848644680, 2539952552, 566374044, 1163184665, 1721580457, 2751981990, 4165738516, 240968254, 2146505676, 2122935079, 166097658, 3464125829, 2432692635, 3769268919, 2581573188, 1352210108, 3655332889, 4128341427, 3575317817, 2965787789, 3379950843, 195872915, 4224786822, 1875709530, 2489331264, 1488667334, 3395554751, 4204210923, 2720678642, 3015491617, 3017741207, 3915264319, 1304714664, 324334891, 1894663492, 347447945, 3123501886, 1905643655, 1420384582, 34326905, 2532481528, 333504150, 1480941250, 735772142, 1007059911, 4216284113, 2285449122, 891232748, 770626280, 2651095385, 2752647902, 2885943134, 185614353, 1023797100, 2257622794, 3359946444, 802441603, 934784375, 1149576951, 458098445, 534362864, 1134695526, 348428519, 3659001119, 1500415494, 3051591613, 4047470572, 2177041767, 3967961614, 2006753752, 2084709358, 3545159542, 2346394780, 2246149093, 3766150440, 1248298965, 835844654, 1644086148, 567379571, 3451645715, 3815991516, 3089293487, 2307431180, 3073137091, 3750481095, 1428195058, 2911043791, 1391054767, 3790252566, 520052938, 3195134098, 4258162425, 2107673612, 1724054046, 1681823562, 3144827388, 3557542283, 2215918675, 2484568764, 2755500041, 1634899700, 931214344, 2269684434, 2628162203, 3269823269, 1076270344, 3919684061, 2221440626, 2153599134, 2642012964, 3421414440, 1364719852, 3930047020, 3875934831, 2002324265, 128531067, 295188583, 3468014738, 991473425, 756743430, 2257864903, 224962997, 2580009102, 2309772104, 1052504900, 1972415149, 2699370691, 1317365244, 380921093, 2733477330, 2444765, 1127428501, 1935478340, 928540459, 2778660812, 3773469435, 1887920176, 3844310905, 1468064995, 2477585943, 971517399, 3095106700, 4254933280, 2314232275, 202065428, 1559137144, 3923571487, 2016148021, 3664820125, 3889221505, 1035447296, 4065178362, 1085680152, 456277472, 3106768527, 1828306129, 373386489, 537694967, 2697419794, 93456666, 79407946, 2817320506, 2066985280, 680528975, 493621398, 757561037, 308171248, 4253514928, 2804068001, 3136338564, 2880838677, 4061188550, 3228751463, 3970852274, 3176806576, 108162784, 3034512637, 964010712, 1583183954, 3555348085, 3241542700, 2951943812, 635364555, 947566837, 3707851472, 1128109168, 526602449, 322093223, 3328637650, 2292577472, 1508779649, 1236407385, 1517191513, 3117257205, 1654413410, 69991105, 1705996611, 2497985979, 2833455317, 1632009350, 111694324, 236488891, 2042350897, 3903542545, 3579463139, 3776779686, 3242894930, 2970862023, 2265696118, 2031310223, 1002496856, 783592074, 2767857147, 1292949862, 276298908, 2589648270, 3956327238, 4075402257, 2377940831, 3046214592, 2990039308, 1970247222, 87014051, 171702863, 788964584, 465682991, 1531072712, 3077208244, 2126383805, 2843658231, 4135183388, 3255759553, 1253619641, 1890192695, 3473103900, 3424024906, 915193028, 2471103765, 1787742990, 4156684439, 1723105829, 3773737709, 3057525772, 1552469995, 3303764578, 3758740340, 1660158812, 3449947327, 3507002213, 1738142473, 3952157733, 422441338, 3534561413, 3794011306, 2344926635, 3275151080, 2366618995, 2615024253, 1278869582, 3871835484, 3178073815, 1044004744, 742142841, 973471116, 40070637, 535670001, 3951952520, 3717688740, 1622241884, 1724071063, 523847209, 1136508435, 2395187028, 1125978203, 3105304229, 3643275202, 1058478117, 4194631517, 3470142444, 655292150, 2511621534, 4254582736, 2054062928, 1073624533, 1147169729, 2681872525, 3610039523, 1283602758, 61115954, 3628316326, 2352466059, 2851772286, 3113300751, 2515418304, 1153739635, 1664831450, 2414653940, 3664146217, 3253713728, 2340463438, 3315885563, 3904159385, 328176689, 138942100, 1576495875, 731417477, 1547170996, 631924014, 165451630, 600573814, 1408464674, 3590955749, 3815469505, 2853641832, 4007283922, 568782561, 1782415281, 697996277, 1453592718, 2519007265, 4199918811, 522920682, 1577135247, 3675210003, 3563800784, 362430642, 2377774697, 2257229747, 3593777862, 2804367443, 493289802, 1694960778, 994915585, 2707278962, 1627968216, 2808097704, 1902891603, 1099852604, 1983309379, 3981346009, 3865693160, 2314103752, 1157445255, 1044675923, 3332195093, 3109583996, 1902010394, 973285172, 1187867409, 1407642361, 716676167, 2930876260, 127027658, 856748911, 462891545, 263), None)
Loaded weights: -12.473275865317753, -27.331480445803038, -0.852679995874501, -0.7144132366835665, -3.0967014139673714
events: 
  ----
(3, (1819256331, 999449693, 3218143105, 175001749, 349618513, 1292627504, 1748041946, 3209408769, 2693233243, 3342971334, 1615328005, 3985451440, 2920626264, 2427797609, 936523154, 3758347880, 3125296826, 3121191770, 459148092, 293948344, 1943425773, 3542316649, 1831770563, 3128018024, 1460301, 169225262, 3260054698, 3157368599, 2870368348, 1693100885, 2867669815, 2991484880, 1224695981, 1806056994, 1555983957, 3637308361, 3732019276, 1240353694, 441268840, 583757235, 380944496, 3019006371, 3632165004, 3630167656, 2693721832, 1232290472, 216359832, 4274161743, 2204418930, 1562421233, 2038319750, 707619644, 1002136634, 2918122855, 2634382535, 3817545903, 1347862427, 2581037702, 1633054435, 1073297005, 2128573152, 3162666127, 572460317, 1369709808, 2872429477, 4137739284, 3023686447, 2794743121, 918597204, 2325854582, 215879277, 199150838, 369106622, 2143406462, 3489594068, 2619845710, 466755759, 1096094169, 357818014, 3669320517, 3837125637, 1339480494, 1424621310, 3310194657, 3570203094, 1875369168, 2136578510, 3798553986, 1156652578, 324453222, 2984098904, 3132324673, 3640704227, 1695423368, 3742302703, 221178280, 364144735, 311804306, 840597370, 2185131408, 580296011, 2431492700, 3126291224, 156498779, 2803766642, 486468724, 1056922350, 335294279, 423842215, 2776297814, 2923947822, 3565787972, 702972890, 1600159435, 1134637556, 75516692, 3742880778, 2022697647, 3198326553, 1714986755, 1700923327, 135146270, 1594448500, 3375318420, 2369621774, 2762984804, 3115172320, 2012225837, 1767664762, 138920063, 1660256019, 3188983542, 2284856885, 1013008277, 2780439074, 1261840468, 3725158448, 866316686, 3647707408, 3381818726, 1052349064, 817608832, 986213482, 443776881, 1515797626, 1039865220, 1116542648, 411520127, 1810049839, 4256939526, 409733609, 2728899540, 3859809572, 563422380, 4281007861, 357317267, 2443879917, 4009366945, 2535724208, 57992187, 4103595670, 298014259, 3925356950, 102965584, 3722135219, 2584169581, 1600292472, 2286486439, 3077812440, 1448864816, 3300929680, 1874527009, 2315091427, 1423316514, 2878844703, 3061287476, 1629805670, 970468979, 2322691105, 921376840, 3697590603, 1842928283, 3758702379, 627985012, 4083719154, 4174671902, 3260523508, 1478322441, 2839786815, 2514093461, 1512599394, 1435129422, 3276116787, 1736051981, 3886987318, 4144549503, 3012754738, 104908216, 1068668306, 31718310, 3725850789, 4284008158, 2350357627, 2658476130, 675090177, 1596997075, 4008110943, 3819792081, 2808182299, 3340552083, 2909075704, 574478817, 4193044033, 2927244469, 46722010, 4102719213, 983089343, 354834494, 1912323984, 1149159866, 2746533587, 124761147, 2075212422, 3843730134, 216436824, 2926479490, 3820511853, 2187935097, 1082981428, 1151536506, 3358443143, 4036631231, 4035111036, 3097204922, 257207018, 1254128922, 2389134991, 18639242, 2537079030, 603132584, 752872811, 3916924342, 4110533332, 1700355095, 2890059551, 746683023, 3565730836, 2054817242, 3560501566, 3931769738, 1849124013, 296604737, 4090316129, 812747887, 131068092, 2107628346, 2829578299, 773531754, 667094200, 3077204384, 824786947, 2927319706, 202395643, 1154057329, 4185506058, 660591809, 4288060999, 3357160003, 68847848, 1992868231, 3227657227, 1745665719, 3469878712, 375097585, 949387609, 4233171643, 2999776009, 2277148881, 1884803574, 790072900, 1463474097, 1785845440, 719220294, 3171495564, 800976661, 1815788617, 3036334124, 3485016606, 2646821183, 1728283659, 3433282277, 3739069985, 3817239, 1543374056, 3150413458, 2190563020, 298471717, 3772258379, 3258884053, 261366620, 1269301614, 1221968159, 2378161348, 3098754533, 4156856249, 2866582145, 1585886993, 1475984927, 1954411734, 290411239, 3560050453, 1218020968, 2927750415, 1536837911, 560356401, 2083287270, 2723033109, 362448367, 2274143234, 4286114862, 824042814, 913411279, 2486730720, 4291913071, 3927444718, 354130394, 2600147571, 1960905800, 1564521685, 2265552398, 3688645124, 3316337324, 3427206934, 2379338983, 3996541600, 4294656303, 3353042431, 2873470684, 546616877, 2156525625, 3581961104, 386452808, 2286819727, 1738920750, 2740180569, 3250355932, 2095078435, 681087889, 1496567200, 3126188368, 3256852020, 1527569044, 2409702165, 3387485314, 2311350510, 4192008283, 2162257349, 2930812921, 4068939944, 3016071352, 2937842824, 81863530, 2719454963, 842664190, 1910797944, 4067280884, 470553716, 618262244, 4091867807, 1238657337, 2430683153, 645241212, 3840899280, 4056999383, 3651335329, 422902941, 4229861715, 3579704780, 1819147009, 1929099218, 345728037, 3898216325, 3096284892, 2102201005, 2473445604, 4124543022, 2187684032, 602409935, 173693339, 639509836, 1733747037, 3806261155, 2361760327, 3724580544, 760375525, 3040765348, 2867424905, 1851610644, 1119946905, 2419592669, 3397931503, 2462830821, 3939465908, 21907804, 3485005021, 1224972466, 3325872813, 2507825994, 622096818, 473729435, 1854167508, 3596255635, 3679898319, 733734185, 986656967, 446371019, 312424381, 1773866251, 3455759207, 3308831761, 768883099, 3698343014, 1438983894, 3529875530, 3743859096, 1879078937, 1306920127, 2288551035, 2426319762, 1908271960, 4228872097, 3630704842, 2633207731, 3559825671, 579744807, 2000944905, 2163533035, 2895415464, 3339922731, 2462313260, 1588322630, 2446029677, 2317538640, 1295072975, 3703554747, 3337976580, 2228700361, 304456484, 3256828692, 1817853845, 3980564575, 1180677518, 1281672762, 988984675, 405981269, 1294043718, 2960940291, 2453225661, 2339017144, 3150352129, 2147752668, 982071967, 3345523042, 1074027663, 339212647, 2552511163, 3315779139, 3902352418, 3967851162, 951402116, 4260741979, 3341107867, 3219029589, 3234693620, 156398169, 962397443, 2734433743, 3370546016, 3744607607, 3141542572, 3735883620, 2011156869, 128625310, 129221282, 1795710643, 264874924, 2941673323, 2179160945, 3923702005, 560126309, 2328710623, 1077742166, 2787991779, 3505160102, 1567076627, 1466301730, 4047353212, 3705938617, 3902929065, 2078300752, 1460049743, 2768884335, 2446238267, 2722576714, 3159570432, 3287483326, 2202284380, 718326058, 2282470219, 3640426576, 2789993252, 1944529025, 2392615417, 531594757, 3274065496, 3814554621, 1279360795, 1831222896, 3712745951, 1961464780, 2293571029, 199394465, 284013060, 2783386369, 1740097065, 648867962, 2207620695, 718673662, 186816219, 3105842412, 609016955, 1998601318, 883843912, 3998417146, 656316420, 3464636664, 3282658135, 2002281540, 3408780322, 2790214990, 3829732034, 3248364406, 4141327605, 495183415, 1961697667, 4141811369, 1728173519, 3510905712, 3626741673, 1304388466, 3101392363, 1447923240, 1514440651, 187669296, 3195297852, 3006084438, 3235476844, 859909552, 830434036, 1798040361, 1875109519, 1698060330, 1235113931, 645124155, 2542379285, 306011225, 2557792541, 3949216579, 2593911090, 3430576062, 1528478835, 165405932, 346976000, 1876275822, 1455466636, 1759139498, 3180157580, 999846605, 3021806655, 202807397, 4009370727, 4203025840, 1271894772, 91129250, 465213, 3329090850, 3692771446, 1548900256, 3879185005, 1859320940, 3628764153, 381888825, 28923975, 4260067055, 1006612612, 2083817952, 3762673889, 1109622467, 4230783467, 1532154715, 3365544109, 138637392, 828340680, 3527083963, 3730747000, 453447989, 109292792, 2771178859, 129583775, 3757687614, 1229258631, 34341164, 1315897722, 2979216827, 1522660007, 2550667384, 4148947562, 560200447, 3427667446, 1928589531, 1980616148, 3185126362, 1892438417, 97914195, 601), None)
Loaded weights: -13.862153315742535, -27.331480445803038, -0.852679995874501, -0.7144132366835665, -3.1508032827792953
events: 
  ----
(3, (1653448671, 351494100, 258081736, 3752118491, 3039171885, 1247318465, 4068060456, 890453217, 1104554736, 393355323, 3968033866, 303290991, 3832655514, 2481956304, 2528298572, 515432117, 93393076, 1046072936, 2312606818, 400521870, 2784159715, 1454319928, 3892294023, 1168411144, 2202323287, 1268959552, 816431179, 164383401, 160428527, 2868906665, 871108946, 202550817, 2332233085, 2115914856, 255634630, 4055676840, 3694520817, 2185451777, 2881519125, 1299041465, 984572810, 2240651159, 444965707, 4236546423, 147186134, 2595051099, 1958745777, 1497533013, 2112110774, 1400677229, 2608680069, 407972575, 2498419244, 2425423961, 3343280698, 4043950740, 451932900, 1345927031, 3881130058, 2724518347, 2655240835, 3846422851, 400268404, 3047050176, 1530322484, 3532800633, 1691507123, 3302458358, 1693287426, 3189133042, 3046500390, 1677374101, 149111865, 3202353360, 2308267969, 41122556, 4141732359, 1074766127, 2838284301, 414808856, 1399246173, 136580746, 1976440340, 1443533461, 3364981150, 845200212, 472198753, 267048741, 2702148684, 2742986398, 341434358, 3984382165, 3108869926, 1678635789, 1207207333, 2585355741, 2758421977, 1351444546, 2320927663, 3730532866, 3621119360, 1806778213, 3043630926, 212680802, 1301089284, 2227031704, 1996584144, 1077420717, 10627407, 1777147270, 565545609, 3762145930, 724629710, 3348464141, 1356024817, 817822866, 1090891333, 690267481, 26847935, 224006114, 148373297, 2708153799, 2619454679, 499250698, 1733167862, 742070804, 301928216, 768085794, 2598398600, 185228075, 1415160425, 12831707, 1858718105, 1071653101, 1626696213, 4041966935, 3091581523, 1573609237, 3659157684, 3074885758, 2861027100, 3861356983, 4053551334, 2072774575, 2297611819, 2645293370, 3437047471, 2621507796, 1553316751, 2613929711, 3999545266, 2333213762, 3339488777, 3876865122, 1041774963, 2826908784, 508077594, 1648179011, 1927825454, 4105909607, 543071065, 1629914155, 3062499427, 1179330013, 3465838185, 1219507669, 561059674, 968867766, 3302488945, 3113990060, 1586003651, 740600054, 945215803, 1943959876, 1878342952, 1632229944, 2506573434, 145447554, 1427451802, 1881138082, 199364038, 3334081581, 3230958676, 2562657370, 2693407748, 1613500136, 117537412, 1791685744, 2623443123, 1855209102, 4144366648, 3738313731, 2211522215, 1042420898, 3697829190, 2143815957, 1730923008, 3830387618, 751412612, 1845108813, 4185434568, 247585154, 2119925884, 3987740588, 4282314392, 3435164896, 867800428, 168382870, 3702112393, 1541133333, 315765131, 1115946327, 1517598803, 2705157739, 3663611346, 1200751916, 4017880348, 146380491, 857723496, 2149978710, 2269908348, 3799433850, 3445758895, 1901860525, 3331626542, 24664343, 4063151148, 1339145520, 4186400070, 2034164554, 3439013347, 3255615192, 2320450659, 4289196454, 476592327, 2195342162, 1176975967, 2178562290, 3448918200, 1312090335, 1407760582, 2588806424, 3778727502, 3774269091, 501732026, 4278334044, 2504908421, 2793771170, 1776196273, 113168310, 3172091804, 3115742394, 3516908175, 1777555599, 835978722, 1646161820, 1415948173, 188460626, 503527088, 3084359621, 2584700718, 4144890288, 171632184, 3819637606, 119535977, 3159969712, 3063441237, 3475137260, 1815213698, 1622676796, 62282345, 4008378674, 3478171229, 2554408828, 3787403176, 1065146638, 3232266454, 2956471800, 2025035939, 2618772765, 2679245098, 454684225, 2758054693, 140470386, 2602096055, 2652021449, 2283688382, 2238411835, 1270255801, 223133483, 1811069857, 124430018, 3161182917, 61662274, 683425152, 1654420470, 3136789617, 2079353942, 1049758534, 2453934321, 140914848, 3476301957, 1855029920, 780898925, 590725856, 703213684, 2754223548, 705175047, 451770166, 3656311032, 701984878, 3269801045, 1673526747, 1214143866, 1811616778, 685919227, 711780165, 3479251905, 667864622, 2849039038, 4133606462, 2258260495, 1696351689, 1781670097, 2450784676, 3946225993, 3849104108, 1200126372, 150159432, 3126003025, 271353014, 760652385, 3044925431, 2072664289, 422465174, 1615610354, 2246240294, 1497661732, 1441665291, 1218605216, 2100746944, 1780878319, 944632172, 3091337240, 2672741797, 1705372812, 3255899198, 3749107820, 1944621765, 2700565513, 4115622024, 2827194039, 3414481460, 2690288970, 2472150665, 379869445, 1343308245, 660629055, 1939007431, 2798556861, 3028366197, 1396029954, 3506636306, 821213531, 1685775364, 1064640042, 4049584946, 3126411832, 3303581445, 2144374872, 3614267950, 151292857, 3946815735, 1001486038, 3437768706, 3546360059, 2187974616, 2841665615, 3369036345, 2823845355, 256967665, 1489351083, 2252083101, 4193190788, 3169428552, 2726690616, 1859255127, 1172553658, 2402839725, 2192090613, 3362991755, 1314157585, 940670917, 2417270615, 3123731758, 596953491, 3983450443, 1207910154, 2707432607, 4109052138, 154372156, 2876500755, 3574079212, 50600424, 3842998673, 724854352, 602278892, 3319831610, 3281375991, 513450477, 3978955647, 738363211, 3411466466, 4163355135, 613425611, 150201621, 416847256, 566019040, 3201282415, 1380357356, 1687916749, 1671258806, 2827704940, 932240453, 1502460714, 1696123508, 3176227448, 4063912959, 1351194233, 754447420, 4025032988, 2965664530, 3244266418, 811439978, 1425297070, 2538637479, 2563100680, 3192598272, 43045317, 1047380915, 2347903321, 229877383, 2895691441, 1558056842, 1101101159, 3650974339, 3465765172, 1892076324, 2529744968, 1773197054, 2471840617, 2009258222, 4012715470, 2218520865, 4062040422, 1468964172, 1125873186, 3828454518, 1572808463, 3632215321, 840671146, 1598095640, 2556155906, 613792825, 2064828765, 3754411574, 2153175144, 1391456892, 2970059559, 3654254097, 3058956205, 2885121607, 2559533187, 2594020740, 3881525002, 3566467247, 552426890, 2227741649, 3766480704, 1127984952, 3800988352, 453069722, 3621534096, 390467066, 3030956221, 2540150855, 1599205654, 2420303749, 3035502278, 2722106784, 3150559348, 2774888132, 2317017115, 1087679872, 599386819, 4104948866, 416198355, 314204276, 3141847384, 268272175, 1826188008, 50288370, 39511479, 2600563063, 2662748670, 1423501237, 2257967861, 1914540067, 2098103808, 741796893, 4112554065, 725926509, 819047556, 3190519676, 1783371522, 3044346659, 1043453099, 1340332189, 3208546956, 2513126352, 370754666, 51265352, 547505745, 301807945, 1350843123, 1829434802, 1158718916, 86892391, 3265043322, 1381485868, 2455129420, 3939810297, 2432556659, 1947863526, 3202823239, 794436212, 1365728942, 1966607230, 2369231195, 331417137, 3486032010, 2279358830, 1291744583, 825717653, 1749026169, 3425613148, 928281126, 2171710114, 3962860537, 1746589916, 2689695014, 293763546, 4186090570, 2858262862, 1658876657, 380486594, 3415312388, 778457353, 2569472498, 119597549, 3299245053, 4042295807, 4008373672, 819359416, 1117054249, 4106455082, 2830798074, 1992512835, 3828077532, 2767049518, 1533519841, 2176217351, 1494081719, 765798180, 3310256486, 115751527, 1417606510, 3260772387, 1473079933, 542540113, 1694825528, 4150464268, 1548830256, 387208924, 147574986, 2910086902, 1420676292, 2093107416, 680514091, 1384867563, 3182396149, 2364859497, 1908064534, 370510560, 725596370, 3030586984, 3381115871, 3678059035, 854303093, 3685599374, 3844580585, 963264902, 1828717505, 3012198324, 2053138818, 2239012829, 108079063, 3502225898, 2039041855, 1117224707, 2235952162, 4276596868, 235938774, 800315374, 2516338697, 8472590, 2203805863, 3012785380, 4084836183, 2379544279, 127585960, 151390767, 3291143889, 1159782011, 250), None)
Loaded weights: -15.883575461875996, -31.703642968418986, -0.852679995874501, -0.7144132366835665, -3.0390705147211463
events: 
  ----
(3, (3662129513, 4109123310, 4216473844, 3863021458, 565112891, 3439799608, 3083718040, 323505641, 2798980582, 2697827995, 948282353, 333880887, 3083806869, 3721403095, 3139984534, 3944976368, 4275051879, 1139413863, 3387187257, 626916284, 1928048676, 522766061, 3794763555, 2294938686, 1175274276, 1683308538, 1155151565, 101243520, 2936094330, 1963062935, 2757448414, 1751866636, 713124076, 3528224659, 2361779173, 3908948371, 1967375900, 1308999734, 4207644160, 2150013104, 3823851947, 831312309, 2520373443, 2268031181, 131199181, 182865672, 4022471189, 57517146, 2879186883, 529412495, 11169910, 491150961, 2217509708, 1432184049, 3581530994, 1756126197, 1149588941, 1801593418, 656488958, 956323545, 186325466, 1251468279, 786851185, 1729055608, 535076052, 4097700468, 1554794882, 3320229479, 3610917082, 2920846627, 3744278562, 1972062005, 3414472029, 2496599665, 3936766587, 818863377, 2596038675, 3170532301, 4131291923, 3189026879, 863491290, 1972405418, 622726848, 214342323, 2175280059, 3149388335, 1662558069, 1169985395, 2882272397, 1759251551, 126560812, 1803942407, 23963557, 2209051214, 2015253032, 223963690, 22397757, 3637863815, 351467411, 4055533017, 2055280168, 4294270383, 4136488391, 4011518396, 1629143721, 3542529919, 188063566, 2174490894, 259272243, 1228615139, 3323527872, 2753804765, 548173443, 1041543740, 2179298681, 335005393, 2646863672, 997891871, 1428437969, 1748065823, 566821363, 3450120314, 1589630606, 2952742180, 2252098191, 3013172598, 3441639016, 2328599153, 4020270643, 2319315396, 3725104915, 2950563063, 1381442406, 2034612014, 289340639, 2422284340, 460902398, 2275876658, 3148580567, 1294655873, 590367765, 1628611413, 2352568533, 79222580, 483855205, 894694214, 152931435, 1181103780, 1695410837, 2348307239, 534929397, 3433083557, 371377119, 3300635225, 1879188771, 2380719768, 2665729184, 1383518545, 163809825, 3451898003, 3327105975, 4095149549, 2564046002, 1180801080, 1277521918, 1624802351, 617862788, 2137024114, 202831046, 3534419422, 609359376, 2942658641, 909211303, 2938600929, 1988441660, 793032491, 2407313236, 536137078, 2558571497, 1579269544, 985926644, 2486532492, 1708038367, 1224181508, 1522702191, 3699060818, 3933317639, 1404698395, 2543911628, 1624579145, 3914115893, 303064828, 2471485952, 3312947284, 3286115930, 2937893227, 2830004032, 3474026303, 147040504, 3677711076, 4072586369, 2464634102, 2945297309, 1057157586, 1807326927, 1729442707, 2837264587, 3270825172, 3146201044, 558459979, 1511422019, 1731035817, 1835059483, 4266844670, 3670852467, 2130210628, 2892788604, 4189780743, 3258012856, 2950817053, 3597571932, 227386641, 2509795420, 2349691106, 4168393027, 3770215336, 2168561274, 3626249495, 3764403452, 2622468702, 569530528, 1031797931, 1508864219, 762094842, 4050814311, 3336083769, 3207555088, 1855817913, 828704410, 3662161811, 3605257264, 1081940952, 1230225163, 2817615843, 278388898, 3789656227, 1332230930, 972006719, 1475729940, 1987877660, 3432727965, 1824810626, 4116983172, 4201890094, 1762981107, 2136924030, 1337353899, 1330158369, 466236625, 1521172797, 342310744, 3768150513, 2165080177, 110680164, 2953882162, 3478348953, 2490011078, 361869062, 3794089838, 3737677819, 4245840872, 2836383913, 873618458, 780220910, 4287621605, 2928131365, 1378652298, 2598166899, 3817048868, 485892427, 2185781505, 3276578743, 2085294044, 2907390264, 7116573, 3929483080, 819415595, 2861309921, 2592284704, 1067574986, 1068278591, 2274748779, 889662554, 3864656833, 2446765341, 2543536881, 1794202742, 2444490281, 1204671074, 3302188860, 663378334, 2033591934, 4112003953, 4095727773, 360279251, 1515670733, 2638456962, 1640112817, 3568464656, 3114867434, 3742389678, 2295829592, 3386546139, 3453712592, 1983074180, 3562876006, 1168242181, 466675265, 1344985983, 120120154, 1345921515, 1060952020, 4137349126, 3491041333, 3654337656, 297292953, 1469955895, 1490897783, 3930582597, 2584459623, 532749688, 4182257721, 1813181220, 3354165877, 188892832, 3507797969, 4099763821, 3423099012, 2379455150, 2821558437, 1056167266, 3130896798, 848816191, 946971117, 1197632104, 1774390626, 4264821330, 1309464757, 3792093075, 4149494596, 918629525, 758978352, 429148458, 2752270403, 1040398222, 303147137, 118253389, 3624416090, 519301135, 1539728132, 2126162485, 3704796935, 4128986355, 886565101, 646617626, 3864007677, 1111951310, 3243653634, 2189051622, 1103105569, 3444745148, 2776398181, 705380022, 2237269259, 3750096073, 2528771726, 2072964147, 867910275, 1182643326, 3515290724, 2355234531, 2039730051, 3858378188, 4258879635, 2940884563, 4230561596, 1253301332, 3586410248, 1295345856, 3538511576, 3682060015, 4088764919, 524003313, 1794288142, 3193842438, 1803266319, 1956417707, 198291861, 94460406, 2885558282, 2234359036, 3958048806, 3020804234, 1818495374, 3882972267, 325850992, 4080055464, 4107452900, 1535559999, 1982242510, 1634880373, 764679856, 1390370738, 2624914877, 1374326306, 3271157904, 3966605346, 530823484, 995826156, 2013948607, 3808757317, 1590507742, 3321121295, 151777881, 3975758701, 738366609, 284591, 1114584309, 2325104508, 4190725658, 3701265777, 1841036820, 466247763, 1377803053, 2515052458, 2544161323, 2193072080, 4216509497, 882908676, 328460990, 2946638888, 731043585, 1246851611, 4180336636, 3396046777, 3960661163, 358750632, 745244951, 4038584750, 3803486356, 173054902, 4104647986, 4155265625, 757782763, 1008485834, 377390542, 558721696, 770902162, 53276297, 178443224, 1081476160, 3937827113, 1147873267, 1780485387, 1031673447, 2363339105, 1896780869, 3387388087, 1533156691, 1619411901, 1545848724, 3054710752, 4034085322, 3776272151, 2856000592, 1797104828, 1587703800, 748226106, 3770730567, 1409141243, 1813784612, 3407717998, 3810615711, 3294334627, 1051085473, 1510638141, 2491420529, 3839052820, 2497036266, 1811697855, 2994678856, 2705124807, 2696508741, 2153289658, 952732917, 609830587, 4166455824, 2856345906, 2565648806, 676342472, 221449052, 3913123567, 2884398059, 3808018170, 3161007932, 394221756, 3338093506, 3710825266, 3459884824, 4065556868, 1495972135, 151794586, 4002648895, 4286032212, 1404135916, 922288701, 4284010373, 2037870204, 2183525154, 4167113248, 1702526233, 962966341, 3746298257, 1545823099, 753225667, 2979051398, 4197160461, 4222406645, 3250105971, 1469789821, 2139163407, 2264294420, 355608622, 1546606167, 3240838819, 232488584, 2383510657, 1350671101, 1271845898, 1538485230, 298176813, 4052420015, 1824920991, 3029483945, 1740565678, 3214302328, 181863181, 3169641549, 3678448528, 2200414463, 3613072630, 2147217153, 681817124, 1219770660, 4033353968, 3451830224, 3429523204, 855970456, 2808785660, 2945304570, 3491003760, 3690039820, 3894379721, 2786409518, 1301285033, 2729463217, 2322756978, 4285295349, 132036465, 247658433, 2420584960, 3580222069, 705843309, 1525415690, 187111563, 2334319783, 1279722794, 3712220029, 146006158, 1391485333, 3814994671, 1308180812, 2082936936, 268907961, 4100525872, 556451644, 4287021554, 3297985125, 2476238230, 2177238203, 4087832457, 17696407, 3903610492, 282871692, 691761514, 3955862019, 2653640337, 155872664, 3358478362, 1700744249, 2954454020, 3277140234, 3624425145, 3952269416, 138265173, 940894712, 2320776580, 2525450364, 3252270569, 186490892, 1484748763, 2333505149, 3926196930, 249034446, 2419248698, 2022140464, 3246447885, 2563378945, 386131313, 1322710203, 1540984221, 3424533486, 3453756523, 3233281216, 397), None)
Loaded weights: -16.867410028596606, -36.16867172521408, -0.852679995874501, -0.7144132366835665, -3.0602755461409306
