Starting iterations: 50
(3, (1160020133, 1721614246, 1776317874, 453400131, 4163794766, 2600564051, 862002564, 2976639204, 1323732529, 1541935007, 2199421915, 3589421838, 3135098306, 238141674, 3324087667, 575747993, 1886850011, 3001591380, 993175069, 2459254994, 1705684726, 590730596, 1200308651, 2903130670, 2849171552, 1227908030, 1148600806, 3299842440, 2804629364, 2633851592, 1524550876, 4166642929, 681632438, 3538307382, 143185735, 2442862539, 561076536, 1775390522, 3683412665, 1724177506, 2585522329, 1251618004, 688405075, 4159806076, 1534152555, 3721079182, 57867600, 3845350503, 458288410, 4225493782, 2757243800, 3085367772, 1211615343, 3930397237, 1544191024, 3234191983, 1834279259, 28974230, 3858610183, 3035536265, 3920219272, 942709111, 3666041121, 2590379799, 99011768, 357304106, 1343138255, 2914364227, 4174628435, 55420521, 1922687914, 3858071971, 2738165781, 2196194882, 466301252, 3255916208, 4077462196, 1706524926, 825551651, 2281227814, 8161769, 4201295014, 323002455, 1896467083, 3978551514, 3430926861, 732410970, 1922168304, 2478901843, 3211361499, 1108935141, 1361887108, 1057813955, 4075975174, 3756877099, 2502396202, 125003448, 1336848738, 1629268160, 3358843065, 748647489, 2563219867, 6770431, 1251543644, 1386628505, 1833176564, 1657201741, 1391211523, 1670412589, 3425565332, 1891145389, 1663287631, 2311454286, 1860831015, 3603486777, 3252704159, 3842514663, 3343645809, 902692753, 2939310679, 3795331830, 12293694, 3469510360, 3200008125, 3279249289, 1361590723, 2690939751, 1523440348, 1562150645, 2704790475, 1503688723, 3186715985, 4096928222, 2044882443, 2480474172, 2082166258, 3232056334, 1514267544, 2224657488, 1187812589, 2436713348, 2521400906, 828172547, 3333390840, 2558637426, 1064050489, 1816491848, 170608534, 623425674, 1183052720, 3960130340, 2269276152, 2785245092, 1575154832, 1818344292, 3566804623, 903553195, 3796949628, 864173014, 779836977, 1216419938, 615270592, 3366644521, 3341578548, 1944015033, 778589820, 1241748589, 3635277206, 2681969368, 3810087185, 396341938, 3278436892, 3202813242, 2571895529, 2507520825, 3432958023, 3059701876, 1087339229, 4155538228, 1815929880, 949695733, 722913125, 2904189868, 1627811812, 3909996896, 2973698030, 1655797544, 1166191445, 3897308502, 1939685606, 3577344756, 606939132, 1395107559, 3886376912, 1031761480, 163622812, 2229056780, 406928878, 1443121014, 1951825706, 4071178158, 932896399, 1239785732, 3993761283, 2886180440, 1451380864, 2281980725, 256419640, 2514000029, 2042646943, 2355180035, 926418903, 840209658, 1722624430, 2260887723, 2327519871, 640897279, 2992541721, 1286721314, 3239338665, 594685138, 2996263777, 2586779901, 3466041502, 2473732257, 1757509573, 2260716912, 4281931158, 3792905413, 1745283531, 2317306529, 4192436684, 3617593945, 2910701012, 4262946856, 3800772001, 1020603029, 239285260, 2573199067, 2290778955, 111126163, 527567973, 2870158057, 3068684951, 760549246, 1095310039, 3717538097, 191718354, 1856527498, 3776196115, 2913685847, 2345487232, 409091008, 2920549751, 845088607, 298256134, 2793349996, 3747885151, 1183824022, 2651232060, 1683478484, 3561295689, 4077247886, 3972922308, 1835406734, 3460152164, 3785840897, 2772225330, 667241415, 1866669260, 3500746754, 705038615, 2629971499, 18601044, 3063254181, 1385128442, 3494124964, 623501825, 426031512, 1220028551, 1257067234, 1936363597, 1904757491, 869812578, 1338058588, 3186673619, 2997683350, 3056564458, 67176674, 4245266877, 3373312496, 2385952195, 2411541222, 1191784194, 2845391647, 1794156159, 365845497, 1054213443, 96035703, 1107506206, 1600456350, 3868334615, 3890386402, 930832655, 2925977688, 892049652, 3902947406, 1401500089, 177416895, 2326075209, 797405651, 931187674, 3087612393, 488507596, 2819523047, 3799774034, 727912958, 1739135117, 3049438284, 3783582302, 208796301, 909149213, 2469343253, 3772113293, 2554994890, 791613782, 1747691829, 2322986779, 1466642292, 3107734397, 2504001132, 3847100106, 3577326035, 2686305181, 2035576220, 116415156, 2540797455, 551117539, 1033340899, 2954762438, 387295524, 945015135, 3076514877, 1498233398, 2488437241, 362295720, 1261706070, 1764182408, 847652960, 2806156439, 4013696746, 1472789659, 1552507862, 1261161341, 3551852626, 1308560983, 1301481267, 3081703941, 1857142505, 3199829084, 884056263, 2264579980, 4271184732, 2840214170, 3587578293, 1557506361, 2708887514, 1567264563, 69708098, 1689059536, 881866535, 2222748797, 3578502319, 3621885580, 3138600673, 3487687399, 689751818, 3910191758, 2645485787, 900641522, 1553926968, 1891055108, 1144053534, 493240395, 3068372809, 488919951, 3372183491, 3857142173, 298019008, 3271898002, 4093898562, 2447321221, 3626422306, 1160933186, 926097696, 2880237480, 1657322653, 3491884841, 2576747482, 757058127, 2515360007, 3076431069, 4254770988, 3880373465, 2152839105, 3795982221, 1053309768, 2279479797, 2608781999, 3755289877, 2338044964, 3128198209, 973280558, 394543656, 471365513, 1163470500, 1522865288, 461315010, 3306976641, 3983782920, 3289952214, 4187253907, 353566793, 345356667, 4146731280, 1820680000, 2362178123, 386933837, 3941581016, 1768370345, 530761977, 4108612889, 3563954204, 362422133, 3011681405, 2643669217, 2758273902, 659235281, 3193183521, 1382202781, 219051199, 1930626675, 4264706027, 499361949, 1648354457, 3683524112, 2385972879, 386584247, 3286908335, 1347447891, 1736500733, 1747011276, 132618664, 2710879224, 2559368404, 3919760226, 932702143, 1181271112, 325172249, 2031131123, 45577952, 1320305637, 2256256802, 1164132640, 1802107329, 2833014568, 712765185, 1516461350, 318042083, 1142292817, 1811080209, 1043568667, 3591520281, 366812478, 240361288, 4163305114, 791118368, 1186439394, 4085162829, 2079848690, 1383474536, 1253158349, 1350281484, 1325392413, 534357279, 3624782025, 209531938, 2931134287, 2577399588, 296873503, 4019967813, 571386169, 2487484349, 2410093435, 2064253890, 927479576, 3858307819, 2539062300, 2166592010, 3479149547, 4230951477, 3015741005, 3219312848, 622401823, 74260015, 679174100, 967403658, 1276836438, 940709662, 3858452622, 454592395, 3259826032, 4040256792, 2112338871, 1392575928, 1039994522, 104252295, 3889904998, 223372643, 1710170614, 2314417268, 3165121641, 2659349401, 3005976847, 1151638295, 2481381083, 256637945, 1682132140, 363681767, 3323287317, 3780456951, 3590427666, 3626903757, 2207619521, 867182069, 3128234124, 3423621573, 3124259918, 2124094775, 3802339042, 1994492868, 3065171670, 1010838579, 3608508285, 2076330126, 1544774419, 2072725134, 2320585648, 2694101050, 2654925656, 3158544896, 450137655, 915757611, 2015258163, 4183940722, 86636271, 3753417912, 1551588380, 2924841400, 2123954391, 3917452351, 1940969900, 746586835, 1694605166, 773609034, 777613958, 3204318309, 1374699792, 3164697855, 1964898427, 2110254486, 4120660335, 905775887, 163376748, 3165306850, 3061902295, 546245020, 2470879933, 4027583923, 3494805754, 209624268, 3693602185, 574890834, 3371545539, 2306487208, 386926061, 234773925, 1262101239, 3088125551, 3284193923, 3703920073, 551790123, 2676429084, 2094965718, 2133151190, 3285641390, 4259797305, 1015293194, 1912689988, 970616224, 3500185020, 3738920846, 2912967125, 1336932337, 453125168, 2610705431, 4109310187, 812240164, 3689878466, 2748338965, 1809567271, 2674876681, 4041937284, 130215772, 1006921619, 2462896882, 581475538, 1288519767, 126856299, 1742368024, 2803268404, 807351463, 3347337409, 2572307472, 1), None)
events: 
  ----
(3, (3815715066, 2909155587, 3113505201, 2851758752, 1675007659, 2754226670, 4294719659, 2116698118, 1455333533, 2790050426, 3978757234, 3322952782, 2563624288, 826526274, 1918152530, 2603622428, 250614018, 3632895064, 1276348109, 672154611, 182841712, 2144429451, 4227241247, 2431769574, 2634833228, 925376698, 918713791, 2764015274, 586935844, 3785661477, 2989777642, 3200233859, 1075057714, 3270382469, 1696680483, 2228554880, 561199336, 122427902, 4008795856, 811770877, 1107703739, 869839063, 1771729059, 4190004181, 1576440500, 3213574467, 3058870897, 798462484, 3865308059, 3692762947, 1291432537, 1056532807, 4235874710, 159767525, 3511360292, 3896859098, 2705962419, 863678472, 719140473, 1128464891, 2205693996, 2804457558, 2905288359, 1078202556, 1142177904, 930372378, 3400606814, 2382932535, 1886534851, 322379476, 4052823336, 3664171830, 90546800, 639073459, 523973443, 2945896771, 1728503105, 2411813382, 4225408393, 4128339467, 2072180401, 601244601, 3665538408, 1692914949, 3045521428, 94925601, 2008488165, 2402390249, 514967163, 4101571599, 2250494093, 521221402, 684250908, 426104079, 1755147692, 3623505121, 2825929674, 1266964386, 2321119131, 717099028, 37512206, 1478002090, 3927121605, 1282711590, 2237827255, 394859049, 2506601409, 2897056358, 242066078, 3640496899, 3833834030, 1022421049, 193389506, 2842975048, 1001678432, 459133620, 2269836624, 2431601327, 3010238318, 1999296252, 2810639993, 708191759, 2746846967, 1900096367, 1295728727, 397999861, 3729620065, 4079118514, 443910113, 4203968303, 3820178139, 1874084616, 602722511, 3904484841, 2819374827, 4168911562, 4004866061, 838660061, 1075571237, 3297702919, 4045188971, 3208501609, 3254048286, 983650685, 1879863701, 174233495, 3523269814, 1767249099, 2136120011, 1301160732, 3387973708, 4086629352, 4040132880, 2322812850, 2844832175, 4117789345, 1228278541, 2694890393, 2333927720, 4227338377, 1311602812, 319311091, 487505997, 160992444, 1686434450, 2424928314, 1230465445, 1643223846, 3336399569, 4113685820, 1883520030, 3822252642, 2696104400, 2926936277, 182164883, 1859299125, 4040418269, 2272428664, 3231619547, 2781487929, 533033424, 3869063269, 2697836296, 955806844, 2226677374, 1394383046, 1933334198, 3176933635, 1860085150, 660776159, 422359305, 143289795, 4027736427, 2189091565, 604238309, 2649312154, 821968161, 1411870317, 4194162491, 3300116206, 4265736850, 1458800070, 2547459710, 2258852496, 3046789070, 816498832, 134980717, 2296830113, 2121575431, 1809264949, 4076699152, 3269810623, 2424752066, 4054993581, 1127891177, 989464868, 2279937935, 1516011522, 726553465, 1930529467, 3431882040, 3549465802, 9544023, 2007490491, 3715579802, 3302733433, 3872311003, 191763015, 1080948025, 630408254, 3574309446, 2433624920, 4069837572, 2163707071, 2523358729, 2447148296, 2708295804, 2021672896, 459132212, 1116385014, 2817686703, 4275408633, 1498195336, 1482331837, 1629858284, 4224820874, 1839657498, 1035067189, 3595813469, 875269483, 3575086630, 3510452396, 3106576094, 4142221007, 2891711785, 834961298, 387855573, 3514023585, 2981952029, 843055064, 1908679934, 480486628, 4071879010, 1472213551, 542295116, 120210063, 1660732772, 2297176711, 75054769, 1104077986, 901109633, 3399431550, 4278627177, 873520380, 1188045545, 3460425033, 394745500, 1078718101, 2209205723, 3641506023, 2839028508, 1887932034, 4054416747, 2259232285, 3028968254, 1938535474, 408206734, 3245915229, 10797143, 3382934111, 2656566914, 63625475, 1425067163, 1198852366, 1652050391, 3818758624, 2505354410, 1782918220, 4217850169, 718741823, 2354495847, 1825208754, 1831063835, 1882565997, 3579090556, 3482041774, 115170824, 3888370481, 3213654210, 347120990, 2133307624, 814404671, 1260877639, 4206422217, 4262226240, 1258311300, 1587886230, 2629996203, 1876116533, 4160264837, 2608146398, 4160898425, 1050152184, 3830797231, 471064329, 658772958, 3062651718, 1770648500, 3717076171, 2696093171, 1054059331, 1995893889, 3733930808, 3922560271, 2950020924, 2631773510, 295277229, 1665194240, 620749914, 1074542416, 743771960, 3105039521, 2012958639, 342557043, 3659747963, 2532743877, 1136226872, 3200639561, 2694828187, 3559366018, 2209211901, 1669329340, 2871372692, 4153868360, 215310150, 2780083367, 2018266866, 232990064, 1894285606, 3770462323, 3955550767, 3611734853, 2899941255, 492229640, 3332279198, 1352712648, 858981185, 4077878218, 2372622593, 1119124818, 2711083932, 2208370461, 1636981969, 377617177, 2544784743, 735902030, 2030454363, 506438910, 2839698065, 3732933772, 2989020336, 2341002784, 1657530971, 3410978934, 2000312961, 913042966, 268634264, 114084892, 847959354, 1729050604, 3632244769, 144153219, 4061155227, 1389295925, 1948773618, 783385664, 1143577207, 1016019443, 743810970, 860706188, 1825734244, 1947651589, 2222911878, 703826146, 1868249441, 2683995263, 1059954460, 3413290072, 276766256, 3848300826, 4241131139, 3652840681, 1490991570, 3828932013, 2683353681, 1136406490, 719137086, 2729065238, 2117318599, 2451453568, 1740137595, 4152541470, 246097912, 191574441, 577094093, 1720752833, 372466711, 3409320702, 3142102349, 17756893, 635031747, 3752632256, 3815733237, 2294438540, 1596452878, 742873520, 2709131522, 1960820831, 853325742, 252267842, 1362327883, 3844861891, 3977473461, 804410652, 2006683402, 4116538593, 2711379263, 1953755952, 581962300, 2857984886, 1136098525, 3733254990, 3557944197, 2861082801, 2143254518, 2192487993, 111617562, 1169411221, 881776510, 4090458228, 1051073938, 2505750936, 4084016536, 231808067, 1827563604, 3613952619, 1874526309, 931183489, 1171668622, 4122830687, 3729517167, 3542366527, 2973706261, 1787772350, 27435128, 2176844621, 393239834, 1973460831, 2898705621, 2417067114, 1253384438, 2221003183, 2410888771, 2180667013, 1685973530, 4152516620, 3161295008, 1024187244, 3446924084, 1551280671, 2681198188, 3011218253, 3656482797, 528073861, 2470983947, 2945254171, 174417580, 1965301380, 876103764, 404325036, 4109904645, 421612161, 96852249, 2360961364, 1417036159, 2675538334, 4278289868, 3039897747, 1115301573, 623742577, 2811189669, 3437417906, 2490423606, 835993426, 3750116112, 2595688779, 4199474412, 1106738412, 826100216, 1342789281, 2150518757, 3023159492, 587258296, 1846432254, 4206818302, 633996314, 418809705, 529062475, 3603456743, 2223110463, 456484708, 541799109, 390709649, 3322805293, 4210645879, 1082974463, 1236046713, 2573373100, 31153998, 811053733, 3789655970, 958713734, 4186064357, 591666385, 734236669, 1377232754, 4073730909, 3409935299, 3072146645, 1622787576, 808952939, 2656158403, 2185465880, 2319234175, 2987767836, 4065483415, 3465458685, 704212895, 2427592757, 1933064696, 2417355225, 547163786, 2925355761, 110606728, 1953259587, 2726844087, 687085528, 2869757336, 1519740995, 1226357092, 3081606427, 433415971, 2452155891, 1575759305, 2089625469, 4040709205, 1150057475, 1655526395, 190362049, 3977962994, 1082933843, 1576488687, 415686041, 1022449446, 3747845977, 4011794219, 1546195415, 1858395591, 799959771, 1538493884, 3559897026, 3378316048, 785354787, 211920298, 3538161565, 1787839810, 485912535, 2560061758, 2672572877, 1237456399, 2045528286, 1484179794, 3573789289, 1955025987, 2330529322, 1245537851, 2260003358, 2682215761, 1130907509, 2385427863, 1576036397, 256889411, 1972017592, 2533985166, 262841701, 1675533139, 3630245656, 1118883531, 997895183, 3785060865, 2479477689, 3471668301, 1645781576, 899547658, 324), None)
Loaded weights: -0.12312946835107755, -0.7335582875638826, -0.32814227966422405, -0.10964068644538338, -0.10964068644538338
events: 
  ----
(3, (4080308653, 3919003549, 1739613404, 2217838062, 1711528690, 1653103884, 1457957089, 3708606960, 2363285826, 1237196069, 2826613375, 1545205888, 3183578171, 3319845162, 3558997223, 531018067, 3363575681, 1626458600, 3468476156, 800051590, 71973132, 3670035863, 3664173939, 691948253, 2887176515, 2361568760, 422900476, 1930966751, 3477758988, 1328108898, 224490208, 3678578516, 3111209920, 3460416781, 3720747392, 3017206657, 2338608755, 1751080806, 3984504977, 426883584, 4097517803, 2669231904, 2866728055, 1070084113, 1676083133, 791840850, 2017041430, 3718433304, 39346079, 1592276172, 4060608332, 479011575, 2006138459, 1796403535, 2863030179, 498958723, 4080398517, 4091108373, 973571611, 119224844, 371694782, 4212388082, 2481813546, 481050026, 2397082645, 3593844663, 3554539911, 2380252906, 3740468481, 1467193073, 1521734170, 124055478, 2143185369, 1222558481, 1575477569, 1538586218, 1836028093, 3846659683, 1673529495, 4089026205, 4249030236, 2180737633, 2070601271, 1349934332, 1606244576, 761266926, 527052334, 2989341176, 1421234900, 1718931513, 1921204705, 3642198202, 3385651271, 2877382842, 26090978, 2378784264, 2059136852, 258748953, 4208069393, 192631979, 1495817297, 2553903081, 2116276927, 1866588033, 3421336394, 2524885030, 3673137255, 322998320, 705626304, 2369802459, 1916922960, 1203328804, 832021461, 4199901845, 3242999016, 2547360670, 3769314010, 2251321511, 3777133109, 1887776527, 2380586804, 3119070812, 2980148169, 1069244177, 652545889, 2502874967, 396322215, 780959953, 2173374290, 4029125339, 1750268879, 1580644959, 701862676, 3594242254, 1551202208, 4179346760, 133905180, 1140596410, 4223871523, 2821354515, 1609880263, 1629566017, 4094667460, 1089406903, 2770154642, 3498192830, 3471287915, 2372039239, 1959917308, 3592946555, 3002464823, 3480942685, 629170721, 4260842595, 2111917900, 2144347457, 56911212, 4154182792, 380035596, 2845315011, 3111516473, 121499852, 2012512166, 2723647632, 685355671, 1409181436, 913273883, 3456787956, 3624974377, 1356204503, 2598665385, 181193899, 2267728337, 1808329485, 3082060902, 860466370, 508914933, 2244664143, 993391894, 191808747, 3370876694, 1530817093, 2976309196, 1120956780, 880345740, 559478466, 3143103352, 2819409302, 1705442715, 3384277388, 4085865465, 2393893553, 2206616597, 522649583, 3349784285, 4021829228, 3216679491, 1997690079, 147433013, 1675006622, 4092507101, 2494016242, 177453895, 589393721, 2338074, 1208930432, 3925641420, 1826351350, 3873328766, 3217708310, 1738883409, 187376788, 1878992926, 2774923398, 305321681, 4017136288, 4196912015, 2198158342, 3277778641, 4263905668, 729319598, 3795504251, 1128279299, 3178384500, 898113454, 2289529338, 3911302134, 1242225646, 4217281922, 1295365631, 3434516546, 524926832, 3153800076, 2229119802, 2514656116, 3697953148, 905854661, 2782156005, 2103226363, 925893299, 595764873, 3095899683, 2860731090, 4176397175, 1561926317, 3094333425, 2826931907, 3060492541, 433929213, 4042089568, 1101064843, 4035156524, 1857601088, 3591520439, 737806614, 1573768889, 4271389421, 3434594097, 2187155640, 2173917631, 3222280063, 3835683121, 1094599241, 2605528149, 4072853246, 3691043363, 2215582620, 789514092, 3221114225, 688691048, 445098670, 2238520022, 1966794284, 3260628413, 1670023267, 1234957521, 3888477017, 1792647550, 3909348955, 588197845, 324089358, 192565705, 3353453138, 2842738986, 2317125132, 908974300, 3199194365, 3481095242, 1187708162, 3703998315, 3292652020, 1032864391, 4119802672, 2078895539, 3155236378, 2488882004, 575733975, 4261987929, 3406286838, 3768433077, 1052508104, 4068391187, 4205219843, 1204149123, 2189590708, 548317075, 1498468314, 2726638141, 3416471758, 1157170755, 3510339132, 3810939804, 2301937237, 1617697422, 3618479802, 2078592671, 4045219763, 2623689508, 2078504231, 2222351272, 1317597913, 1589779358, 652953344, 2914693135, 483277814, 3784582834, 2143268209, 4008175339, 1365789135, 3091380161, 3442612510, 3836400342, 2073084542, 2365947897, 1563313811, 4224416073, 3168812123, 1614683773, 1740590220, 666707017, 2144618522, 599337952, 82351096, 1420964664, 1413713178, 2164179753, 4142886644, 1151567782, 3556438173, 1769943528, 1308927951, 863492779, 4008007539, 1375062532, 2774428253, 4255983659, 4141219939, 1344715612, 4150284985, 3309262556, 613425587, 2467368124, 3081809740, 615808723, 732724830, 2068978524, 2444085750, 2152320664, 8063720, 3838068490, 2553753830, 1289529893, 1120559853, 1547189255, 3633057504, 3512362254, 3644838148, 1063020448, 2688220699, 2090076281, 3090359155, 2508982974, 1517785466, 3790731507, 3970841475, 514287168, 2868799949, 2687538084, 884632378, 3267566441, 2132077838, 2295932293, 2744232633, 209486434, 3646072788, 1661781453, 3617138161, 2362355556, 325740141, 2974021347, 3368762576, 3045850277, 1739614387, 2968535194, 322906543, 1688418968, 785879751, 2161438734, 1770938056, 1443572818, 3070506951, 1477860965, 2320246987, 1839668879, 3386036859, 1892182276, 3638748167, 362295493, 2275471857, 1767034615, 619159392, 2164012321, 1929713255, 931197562, 3713182048, 2597889249, 1179492321, 927094180, 1294492483, 2172118009, 217522393, 3902580287, 208666054, 2255450315, 2063090734, 4133701375, 1554843110, 2127239814, 212828725, 3731760228, 251183032, 4256420052, 3096021038, 3253341194, 547569321, 177762449, 2216685596, 975211952, 4145446336, 3146982322, 2452633043, 3330824883, 1144755581, 2533228557, 3528798253, 3087863439, 4142195562, 3606182909, 648939338, 3836224837, 2389768182, 3964930488, 59406210, 59312879, 392732943, 2475269910, 3052990380, 23706062, 458337619, 1554911034, 141848375, 2626567800, 3441973550, 2830032639, 797170052, 1382356336, 1396022032, 3469411390, 3096139801, 199372347, 1294604479, 4113245928, 2218284324, 2359742432, 4151742263, 3698040040, 3742807049, 3869894373, 330040545, 1322887551, 1542996268, 120766935, 179603646, 346273734, 3787535934, 4207738407, 329160746, 10194564, 2304891776, 3595453297, 398534690, 4167095344, 1338458235, 351724345, 1701125553, 2525179069, 3768519491, 3949237683, 2162435630, 1294909023, 3472993267, 3223644823, 1858586485, 2439825781, 456029232, 1005424500, 3158128925, 3705619720, 2359056648, 1821418525, 569478609, 3985734342, 2740878251, 521042216, 2901263444, 1584675997, 1985045583, 2362932836, 691467603, 3074171825, 3471372862, 271503523, 2594236762, 3173307070, 1540092573, 1987953069, 1212694805, 2446731675, 1644509713, 3116630404, 1023311181, 1919159447, 3008262184, 2113163410, 3043565725, 3682851926, 2028039830, 2349784172, 782170466, 2818057706, 1000006065, 1576006650, 1031982162, 649425279, 247888767, 2938609902, 1974907089, 1550039515, 2637614634, 3935471181, 3712743612, 3540535092, 3095438733, 534690981, 3899819513, 868566880, 842770053, 2341883108, 120944466, 2251745706, 2169516150, 3294579516, 1996514578, 1369525653, 3855031635, 682917443, 3240175818, 3533721584, 100313170, 397133445, 3859209644, 808825934, 3822420920, 1081047824, 3198256150, 8153741, 1800767712, 2857346049, 3200830050, 2644997293, 1075511131, 3854763664, 2097334665, 567770855, 4110543929, 2533920220, 3901751189, 1318690015, 2973045245, 2117879426, 1879267502, 1795516171, 840007664, 3695924753, 3276432482, 2741013268, 2859669006, 1083158550, 194241706, 2911311283, 2136908045, 3597367135, 354657159, 1948486560, 148336338, 411760822, 982764755, 4221635542, 555494490, 1937634234, 4060252315, 2824795888, 2042873032, 1997266424, 605), None)
Loaded weights: -0.34199687553528246, -1.2344963724616664, -0.32814227966422405, -0.10964068644538338, -0.10964068644538338
events: 
  ----
(3, (773096281, 95187649, 3394398864, 2183685382, 500096981, 3059832267, 1886591074, 532580385, 4069611545, 2454907233, 633598316, 4114170657, 1330633061, 2539104465, 3876201087, 2252474494, 130430564, 3885567674, 632625160, 2444091081, 235736885, 2579506864, 213735354, 2583050132, 3025282329, 2878700975, 2424601940, 3266275963, 2780534827, 1587593073, 714480470, 3412649330, 2178271137, 3379289203, 559891128, 3857734800, 620094718, 2524523997, 3977196490, 661604785, 1663682862, 3323106321, 1916845743, 2106288241, 1725297109, 3864019993, 431184427, 2815075414, 2065170855, 1149802582, 47467213, 2415160888, 736696839, 3274555203, 1696914064, 3827934854, 1879771622, 493092919, 60910035, 315371734, 1235083460, 655489104, 26317876, 2911786074, 1125604286, 2700896781, 2318452858, 3912164960, 2740116949, 618867822, 1261726819, 473385742, 284185168, 633227959, 3848590013, 3221059982, 1821288042, 3178497767, 884825392, 3908021492, 3791349226, 3856444354, 2591140261, 1353313573, 3553359793, 1468255623, 2323897699, 3621549804, 25027179, 1225938993, 3080980512, 570432042, 4245715826, 2287202181, 485068450, 1854665223, 1661454478, 3656031796, 1468588225, 3326340270, 3619246354, 1592490171, 4148331561, 3143729470, 2138921848, 3956688776, 3270712117, 1328785343, 3787984403, 257172740, 456602275, 4189538705, 3225596503, 2414446054, 3966424568, 282561902, 2005794093, 4172836521, 2605350904, 3869541629, 1848387837, 3739468880, 3416626928, 312577837, 3260464124, 2000100481, 3888621145, 1473615159, 575710201, 3852326769, 1439541211, 3649699711, 2942312793, 469921817, 801784001, 1475264125, 3081414424, 341924061, 3694909693, 3330303739, 1315207088, 45510120, 737456783, 323938161, 1189789752, 3087246291, 1281028107, 936734789, 2353060651, 50824758, 3367154218, 1096435236, 2269430815, 1308811790, 900958571, 3712512488, 768671220, 1657883144, 293666753, 2142268626, 3298252762, 3322022200, 41950078, 4264993032, 3582989507, 2647753600, 3542123568, 2211857021, 1489277562, 3100767362, 1782414003, 1724162263, 3761166914, 3565640859, 4191787827, 3961975274, 794515662, 1048706018, 4073301981, 3071027795, 1734430919, 3770721935, 343792646, 2344190209, 1159961577, 3993465979, 3331199952, 3390174324, 4130155001, 2705749452, 1547154437, 473334325, 3597236837, 4074958167, 3789629954, 3270927064, 690028248, 3113128552, 3809970353, 4035047568, 4281775223, 2131503519, 589424263, 2617797182, 3184773975, 2805911380, 1736586178, 1297414869, 2926671018, 3352353607, 2371565968, 107304902, 616623942, 2851803789, 952832981, 1465740343, 1162339908, 975828545, 2910019174, 2419708915, 4045398042, 2104197844, 3370867034, 2405937428, 1455187241, 3689469783, 1744398339, 3096194199, 3592748036, 695065927, 1471804971, 3474244554, 3693274407, 767633082, 855580053, 3868272860, 2532154583, 330874282, 3944747151, 3068978920, 4203848044, 2382922535, 4084198279, 1914689909, 1267058009, 1774741016, 2879822641, 3002298553, 3075402206, 91198142, 1478367541, 1804986888, 1407280080, 1862282233, 1982040920, 3127688384, 860252760, 2545305304, 2286379026, 3313267086, 949425601, 3664401421, 2036871244, 3974033050, 857708058, 3104891575, 3854561494, 2953213507, 2364684515, 1612333126, 2899848027, 948782535, 3853191917, 991047596, 2689176980, 2250824954, 620457381, 2507194513, 1503782529, 713425780, 2591736449, 3827610873, 3181611113, 3483889393, 59499683, 243641435, 3486137995, 3163354113, 1132371429, 4085082804, 4291733960, 1222591858, 339995545, 2678740231, 615136445, 4228134780, 391067801, 4166843918, 2591419157, 1596732383, 2519803041, 1884478522, 1742178804, 1804919145, 2457371233, 4284151568, 2442682927, 1800572708, 964065968, 181065722, 1336743696, 3994439691, 2444759928, 1868617050, 1698395557, 1506452657, 1585433675, 412108315, 3382854333, 2805947003, 403356147, 553108804, 213316592, 431128726, 4189970257, 2327638693, 1834144954, 2073646418, 2296135700, 3614701663, 2620028848, 761547938, 1740270348, 2830423008, 2970786334, 2577149782, 2884590056, 1590657107, 197965485, 108499635, 3409231028, 3054465082, 544820948, 1114499442, 3897581826, 4144313682, 667106681, 3956898881, 3569641577, 3728336234, 983290439, 401589617, 2051316406, 1530144029, 3764084488, 2196367690, 816538277, 2741296351, 4063841431, 3150792321, 4273435158, 651017584, 1399377691, 1340603065, 1304039197, 981227472, 3132728819, 2069107147, 2649655374, 2591490868, 3680639710, 1006247607, 4278602972, 529302713, 1968517790, 3219018602, 3889715534, 2310591501, 1138183957, 3230852539, 1159245458, 2136199242, 1028873253, 4055568775, 3969102627, 1636738401, 492852930, 3418730899, 3290142073, 3710743099, 1042651443, 3956335604, 249585029, 1893099882, 1659869723, 1758965156, 1652279454, 3174383113, 4170434885, 3431810086, 1981440169, 3312761550, 943954759, 710763908, 4206698903, 3226914942, 1199368248, 3847211222, 1139588311, 3387526490, 216695828, 233912615, 1674290360, 2415996051, 1542876896, 2583934790, 254464451, 2163097939, 3919153392, 2126107112, 3416816754, 4058677927, 755042932, 3995924654, 3622326198, 3405715082, 3978990844, 2236951206, 736598310, 2491637929, 3633484522, 3015430849, 1436237749, 2542054243, 1144875875, 3516346679, 1945813588, 1576941572, 977374416, 1812702766, 4147176321, 1882057624, 690057507, 861796029, 149091452, 3027024200, 2753962521, 1781128491, 595705103, 2712556607, 2766121762, 1496199644, 2868812596, 724505749, 3399813980, 2778522766, 988896157, 244221159, 3881456375, 2373212069, 3382261085, 332960501, 3150915637, 1337474683, 146655879, 1282121101, 1159719518, 1500814272, 3918750173, 3244394464, 2911146224, 3241599338, 1314254441, 2234817429, 448817649, 326784864, 3071502604, 4153074805, 3952933721, 4141855765, 2978637853, 3783711107, 2497864585, 700078155, 2296340196, 659453051, 1890725417, 2522476099, 2007061235, 3904418954, 4283463182, 173633779, 1819791002, 358100567, 2663833595, 3325327280, 1880672335, 3717468189, 2586643202, 4165497109, 650564186, 2004612136, 3083710075, 2493823945, 1987563634, 4188607291, 3537412947, 4242688187, 979429379, 2560934988, 2654343307, 3434339034, 1701508319, 473387787, 3541976627, 1344678162, 582386294, 52860397, 2665992314, 1653638243, 2925727487, 2397927466, 2825497792, 2264058873, 438594847, 1594004631, 909752171, 4261260011, 265707245, 2540869065, 3006147811, 188056215, 2546157863, 553399343, 644193567, 2905438667, 2004619153, 517532996, 1769504850, 127833805, 3327148393, 1906954775, 2578137852, 2801410043, 278192986, 553889073, 1337947637, 413488672, 2810437246, 2700656166, 4117744453, 3703806468, 415049329, 344110154, 2136479126, 91737762, 688359292, 340379677, 137340247, 3742651973, 2036325094, 3175669798, 777537501, 1671787740, 2184524722, 3142769320, 2022137692, 392990547, 1429629242, 566255521, 3544536246, 2036127100, 3468681411, 2148385538, 2808926736, 3930838956, 1943243835, 2194118204, 2614561943, 3258106189, 4281517751, 1741573107, 3035656739, 1343104354, 253281763, 1184300751, 1507500830, 2934392194, 1397270392, 245268441, 493288906, 1351671563, 351750979, 2739029388, 3788202213, 2106872496, 4063567424, 4123608590, 3286410956, 2923864702, 14594039, 3041611121, 1704653548, 736077043, 2066138998, 3899726590, 480808426, 1239908109, 3756575128, 2220291152, 1142705530, 1071229152, 2327680170, 3768214048, 3333946497, 31652626, 3016728759, 2078371129, 3314871946, 4156964412, 3981473026, 2652157187, 3574274775, 3967367661, 249), None)
Loaded weights: -0.43924066926861316, -2.0721913186957996, -0.32814227966422405, -0.10964068644538338, -0.10964068644538338
