Starting iterations: 50
(3, (620770621, 3498330791, 4238825222, 2505782966, 3160693959, 4138807228, 3369561809, 2700842219, 2519734146, 1185870000, 1592941608, 827544158, 4166186023, 2109339395, 53017997, 3606748941, 2901812498, 747379944, 1118344452, 2354750339, 3136596319, 2401490918, 1165002566, 4218151425, 289023824, 1416049093, 2538179002, 3494727260, 653642336, 3521195626, 1762019525, 138249048, 2667301396, 1639968311, 417042629, 3688812892, 1502425419, 1709021835, 1079465797, 3076096843, 1739571725, 1177309972, 870094043, 813387519, 2533985267, 3523229625, 4123519027, 2796093301, 3523214375, 2265585217, 1366636509, 3914765308, 3450648884, 964423851, 1473890284, 3312458993, 1431140917, 4251023904, 1430483327, 3652481439, 2105541672, 1156065738, 1226511061, 1274892161, 3201642292, 163327466, 3423728020, 10998638, 3158576405, 3953085037, 3504161602, 719015130, 1129010244, 3359385894, 2808471898, 2945630945, 3455917467, 3295849699, 1678080139, 1947605563, 1699204647, 4019701572, 1164549340, 1704826370, 2788751655, 4176491358, 3207432790, 2866094562, 2683946104, 2490550730, 1075077004, 423825206, 4195472972, 1601671166, 3066650412, 3540822557, 1255843249, 3817670430, 1244325511, 947045238, 2167233351, 2539381762, 551187495, 2965929934, 1065644515, 508109411, 807014948, 1189752539, 2854066092, 216969594, 3840321343, 2662753882, 562511541, 1522321877, 3967952627, 2517429619, 3414121865, 1362986763, 1109856596, 1983090229, 3920169257, 3915060381, 1018531822, 4263897620, 3036051141, 3309597718, 2662128936, 3365299085, 2944330054, 3700412000, 3105757488, 2416652782, 2146734918, 3192774311, 1447807490, 89968370, 848579576, 1129562279, 2305859477, 2710232402, 1649314856, 1233694917, 2745833600, 1261911179, 1927496107, 3802162642, 2265728400, 1473154207, 427565504, 2908066414, 1647214270, 671929013, 3403765249, 2992714224, 2149021242, 3100714678, 3562078756, 1369330498, 4267459442, 1612711885, 286041587, 3744493268, 854156886, 2047311608, 2175134513, 2334923362, 2470601486, 1232902292, 3337770500, 3391407257, 172266059, 3285116184, 2899048951, 2013959695, 4257743957, 1617219082, 3689180058, 1663784061, 2236373103, 1704793539, 3776331444, 4216193661, 1039699170, 1480561990, 3732550384, 1098305879, 4256778121, 2423254965, 724504804, 2471992893, 2567510890, 1719921328, 3795658175, 1657009783, 2612575023, 3256445945, 3847727330, 3312412318, 2762867032, 949201747, 642453857, 3096948692, 3021861959, 3643725661, 2542245985, 3657786655, 1506333196, 2822392601, 2898896894, 382894161, 171621839, 2546418320, 3003712346, 3955369662, 54233259, 2161304810, 402108795, 2176098503, 4132300949, 3907106339, 1116560065, 1155855796, 1620380711, 2148668671, 3747244070, 2508160566, 150484810, 2116414521, 592452394, 1717647757, 1304852809, 520562270, 1314463018, 2955354216, 682305151, 3853293155, 647705914, 1064673154, 1596285035, 1000317392, 1332748839, 762551946, 2004103526, 1644779119, 3164818921, 2999824344, 2745188871, 268848104, 3530250887, 2824462122, 2569897874, 756217546, 1210214635, 4213735911, 364170490, 2698789701, 1005316930, 1001423613, 2560258498, 2622206980, 1036821949, 3510974000, 3509656567, 3341877343, 1746300712, 3747624395, 2257246918, 1486074022, 168582461, 177214957, 3637638451, 3923289039, 1258607481, 3583262005, 3473705560, 3207616446, 594485338, 1470503526, 1145645953, 7649719, 621015203, 2602988524, 4147511637, 2766139354, 2130186841, 3917834043, 4271028139, 2219887465, 783802615, 1067890178, 1752585021, 4063843015, 4186737334, 2869977293, 353965696, 3335093185, 2504272752, 1271429854, 68601994, 3867006366, 4116033231, 2361356084, 2895862560, 3173845046, 2844993347, 459202316, 3811029859, 2120573160, 1956368431, 3936227821, 2845842779, 247699461, 1075080413, 807971021, 3504821275, 2246125405, 678656615, 2789887278, 3487456981, 2419984943, 2802084314, 2398714166, 2063037228, 1522970350, 3830593417, 4010131879, 1796300292, 1551106341, 2099803449, 864979156, 507887777, 1243533462, 2190528043, 533002568, 2673924068, 4009894225, 4056381964, 3479957953, 565688686, 3911482838, 1276898087, 319473160, 492408994, 3525232200, 2404689663, 3673263824, 824459658, 3262879393, 1557989917, 203008245, 699863956, 3982311777, 2200020226, 1252025430, 2632242786, 1700984923, 875152141, 3478994411, 3010091601, 2794389314, 1185111886, 4111925641, 2437865481, 132276638, 283944120, 2540311178, 3818238345, 1543690966, 2139848946, 845434711, 1705913394, 1105920546, 2612113646, 1343329217, 63524062, 802386620, 3537326597, 1400203127, 2480949215, 2684831811, 1635731300, 208246026, 3697167708, 2771435002, 2163846504, 3202410695, 1923171234, 1315552367, 3876030572, 2139919186, 576296423, 3670690805, 3258958734, 779352579, 2919693182, 2786946550, 682665665, 3422405301, 2476695009, 1301013974, 1885625207, 1203186393, 4024784627, 3252699318, 2660962927, 925534569, 771255360, 2492041197, 2120903365, 84256270, 2473188688, 4290214526, 4036343289, 2050248859, 1819506331, 3076720108, 3309258443, 130026652, 230566885, 110331833, 40250878, 712068315, 3910617481, 1206371299, 3844940551, 3708778360, 1818824975, 4084510038, 2176511042, 2902902404, 2615067289, 2625288227, 1650995086, 1542451525, 282394142, 4134859730, 2466166852, 1552173526, 3605662792, 4027260760, 2370570582, 3237335579, 1603706995, 1426079925, 3862924739, 824681626, 2153547970, 2165310405, 1720600086, 2037884842, 747553297, 3570747976, 2063853294, 3559894582, 3317585347, 2837697017, 3988080427, 698885877, 273905312, 4149587530, 201836546, 2009930545, 1769342744, 1638961697, 143762408, 1761192458, 3602944491, 1182982144, 918709948, 3743796367, 1306517053, 3747008568, 1350976941, 807278358, 1316320760, 3090535248, 2943146782, 3422630487, 939973805, 2753525334, 3914102645, 3645557228, 1039804219, 436220273, 1367453682, 2000672510, 3278297867, 1483353104, 1421821303, 265370943, 1732909222, 1645220925, 2144104592, 720071228, 3846841522, 1923089477, 2380094833, 480618491, 2914549835, 3354474215, 2885832726, 1023126814, 3172175348, 3021291277, 3569757194, 1231399766, 2063167072, 114340944, 1110798151, 1823120513, 3914262156, 2270941911, 304261958, 3446418922, 3809781246, 4194867321, 204122633, 1465660412, 184954897, 801153437, 39829842, 3984572185, 918443220, 1999503819, 708869840, 1938225990, 207073098, 863347974, 666674748, 4265904819, 1628005883, 4181196766, 982456354, 146594630, 829362484, 908132546, 489503954, 590938783, 3816848952, 911598875, 2677304814, 3709109658, 3111261832, 3912859981, 1064523157, 3745771279, 2836991439, 2680699334, 588943290, 44918602, 4076835143, 3617293001, 2877028949, 2731840268, 202098571, 3870817039, 3003317548, 4002805122, 1160696192, 597369901, 3686799514, 2206290664, 2104549814, 2529694861, 2048550596, 743881464, 1127723166, 3534687689, 1325388039, 323244675, 4163069555, 128183911, 1914303902, 2347532210, 2582210385, 4264556252, 2039212024, 3714251875, 3044743200, 3495832745, 545055671, 130863768, 634856304, 2862134020, 2328770223, 3409616856, 676181910, 839084332, 1911937909, 3147272356, 2654214990, 918242960, 299344644, 1558139578, 136588886, 979523600, 2666482631, 2377447669, 2501510640, 4293189904, 390605598, 455280157, 4101071308, 2614246626, 2952891752, 2152551734, 1316209900, 633625523, 1887914235, 2386707007, 870974394, 2642530682, 1449303784, 879872562, 2798445069, 2745897847, 3543872048, 3867627566, 3843909420, 1938163320, 197631552, 1149940809, 3377716082, 3812101248, 1), None)
events: 
  ----
(3, (2058835769, 3989632610, 119963277, 3076441547, 1022344455, 310792516, 143997468, 3582138798, 1417539889, 42025556, 2350919362, 3679166473, 3805408592, 200610633, 1304593703, 2800658288, 745692911, 1294416921, 675734770, 21865147, 1079109487, 1862690886, 2720974438, 1257979478, 2571789542, 3803417940, 801203405, 3059205687, 4127187021, 2179106226, 4150947066, 2395408712, 1154580800, 247183908, 2979385485, 2544240628, 4027157727, 2851595619, 1959821992, 2015488413, 2140299356, 1443690234, 1899890936, 532708464, 821917976, 3162367157, 2673643472, 399033103, 3953794917, 1911464947, 3048950331, 5773964, 3166891808, 123871719, 1868952815, 2293099307, 3936293670, 907500963, 485579241, 2473936191, 198980112, 2916503317, 1269021013, 325935000, 856886724, 1333723090, 568556438, 2411402685, 2218704867, 3199086666, 334448237, 392678558, 4215003164, 510471824, 295109015, 2943384511, 3408916920, 2776594786, 456552082, 80186578, 4224373237, 1521619651, 2530327895, 1666759481, 2771570755, 1651302928, 1332388224, 511528398, 1023848987, 2741826765, 1422633867, 1773645393, 1617623744, 2083436336, 2459890156, 2208928407, 455993779, 425191214, 1855546878, 339951629, 1460164090, 1692207751, 3751086336, 1791547448, 2866253040, 2770240742, 241735871, 3251169244, 252900331, 3514993952, 1233880957, 2348695746, 3640412340, 1174881578, 1431639217, 4002788701, 1023041200, 3255250260, 1478094780, 2717294146, 3136883053, 1432156134, 282219671, 3240905455, 2413659410, 2045262400, 2322432210, 2113866355, 499194998, 1356374994, 2070953457, 1481043871, 2020267327, 170688762, 4221147303, 600128990, 2954726346, 2900356641, 1726246507, 1812626118, 2666916386, 4065686136, 3402025857, 1072528868, 3963926387, 4210308160, 467040221, 869090677, 3387500088, 3624809104, 315023427, 2674037861, 1537081266, 3002346074, 2347962770, 3243473735, 3390814893, 858121778, 263145526, 579608330, 3238904552, 475685547, 513317713, 1109024221, 3323420633, 886165553, 4067842247, 1499680198, 3494668395, 2669496676, 4081614661, 2173869347, 4132022619, 1607455878, 2006026594, 1609285715, 1668375891, 38271929, 367643874, 1224800418, 969756034, 3951517265, 4232177162, 255982287, 4269738732, 2181247083, 2074604545, 3747200733, 1536811033, 1690909219, 1094884468, 3655596405, 1409211200, 182515206, 3468641203, 1669101429, 1047060981, 1517498106, 4280499558, 348287912, 2449420063, 1444695820, 175848033, 3313719281, 4012442701, 2559903946, 382183857, 3865403031, 1378657729, 3529910996, 774372091, 688114006, 4221784416, 3950999344, 2649269007, 2224158346, 2913151630, 1155704472, 1322481849, 729100175, 3304401652, 1281315296, 3934764248, 1684712019, 238357330, 2368717015, 1159875139, 1797216940, 1207229051, 3100504822, 3101513444, 465777554, 177586544, 3318225404, 2120081984, 120613804, 490442133, 985280040, 3330568417, 1549880476, 491576332, 1987616148, 249740440, 2871740612, 339864565, 3768481070, 1229883215, 4033673971, 992643027, 4005037487, 477250867, 609476684, 1177517432, 1696268976, 1060198218, 2819233260, 87192595, 4213658651, 3236090698, 2201969473, 639181116, 1074130345, 1832269572, 2214771531, 525291353, 932573131, 342372814, 3818716701, 3393998035, 3294511806, 4062485832, 3430391931, 264194800, 4175088380, 1213262032, 3122499400, 1513991872, 244805412, 2573923976, 927705006, 183572497, 2381726874, 3670154438, 216771285, 2614976225, 4205884131, 1213567060, 3314512564, 2986677268, 3868205076, 3011069476, 1339377823, 2214494059, 1802498262, 903288962, 3466373723, 3679063333, 300163624, 609822289, 412729252, 1479710986, 1205513223, 4058447780, 116314822, 3905951460, 3014461436, 2079669414, 1485801789, 4143295210, 1527317285, 3174156260, 472930034, 3815769769, 4262574930, 3313856191, 4030185463, 2957627994, 2855023678, 3097500569, 870895149, 995232683, 4024780922, 2932524512, 2953593512, 4158502690, 454150908, 2742153280, 4036288441, 2098876141, 1237277071, 1338486899, 848780090, 3942447170, 30995277, 792807339, 2012303085, 792708383, 424696778, 3211558441, 670633464, 1333929518, 1543101664, 3348813433, 3797466384, 2944395836, 9162617, 432268749, 1302281404, 3394802499, 67755357, 1854560896, 3461175187, 481822827, 2216684515, 2521220737, 2665303343, 4001271288, 3150815238, 184651838, 456882840, 2846863585, 708204668, 1614023953, 3094075798, 2808801124, 2384856688, 34281389, 2704288347, 1919935756, 4161920408, 521731317, 3785125636, 200559999, 439538098, 606403627, 2039103461, 683422196, 2185130867, 1449754779, 723672064, 3032539359, 2782672700, 2479564218, 2322033689, 4116521614, 1996483047, 2628809186, 4069394142, 1671179010, 2528960893, 4135045368, 2802368030, 4209024495, 3849659768, 174979901, 488410068, 602609889, 596599146, 3881267144, 1467167807, 3843879221, 3647705796, 1058791432, 3040107707, 3235516370, 51772098, 3662449547, 3757099071, 3909455190, 4126476450, 1889159152, 524116175, 1712433401, 3566665619, 3303554091, 2685334435, 657013869, 3734321497, 1134725750, 1389219263, 2261835956, 1664898984, 2575771227, 2515976361, 888444230, 270468414, 762848515, 3508689214, 10431566, 3734825970, 313965375, 2652705674, 745160887, 514709182, 3714000766, 458488291, 3156479551, 89324767, 1359365882, 3171243467, 302853858, 1797997545, 924411407, 129260720, 477197525, 1325219032, 4076183218, 3081898495, 1894023733, 1707633935, 1308626807, 1941239845, 2805471180, 3203780733, 2793800335, 2821114161, 1964069203, 2968841652, 543810743, 1284908401, 1730553019, 1256645068, 2933953123, 426990689, 247921453, 1961658571, 1059077276, 103673682, 3236088588, 4043694937, 2222989528, 3842669052, 4170284709, 1853111731, 3967161179, 1822222940, 296758363, 3648625594, 912022375, 2877421085, 163472966, 4173657096, 1006812555, 770876394, 3233333092, 2019102224, 4010440009, 2504930136, 3739599849, 1586707287, 738328970, 547976977, 585128661, 650978199, 63196384, 1437225652, 319037852, 2112908722, 914852823, 1505649403, 2795969651, 1457073706, 2032115729, 811514053, 1780857487, 2752922040, 874773894, 3001229165, 581679621, 3999625088, 3595498337, 3536587586, 3691422742, 970965675, 562269783, 1830351311, 3443407338, 804450035, 3242043534, 2194776002, 3302530949, 1854419688, 1812142689, 3463066189, 673669003, 577958388, 19098919, 1273809428, 3790625153, 409664902, 980757801, 3046611701, 3086183007, 1665315900, 1134496092, 4167251075, 3550294709, 2364668152, 3725726880, 3971625054, 2426141087, 2570872315, 497274766, 1996015695, 478507878, 1965305249, 2081215182, 1793018998, 4004772831, 247315868, 1120482067, 996735703, 1249608570, 2088543066, 1523028705, 614150267, 1056285518, 760273075, 3125967347, 3340563471, 1075337785, 1375287152, 3852334196, 1379071613, 259720886, 2667030118, 2544253891, 2985655922, 3411232126, 1652807071, 948042492, 2524123379, 92139680, 3426739898, 847824850, 3063767231, 3014661043, 876074640, 1063973144, 3582904687, 2281276079, 2225952569, 2341541037, 839984752, 3729846250, 1596410869, 37408270, 140373380, 939364398, 791543990, 3811998430, 2944480998, 2689183533, 102301830, 3154183763, 3826315312, 667095357, 1435893261, 2658017164, 1079007472, 2393629283, 505171149, 878911892, 1891432256, 3256408552, 827351789, 2697511174, 361493629, 1005954812, 3393070183, 2225570980, 2657906170, 1824984318, 383692859, 978534330, 167883290, 3858712938, 2230942574, 3737894178, 4278407887, 1580781443, 784602756, 1820364180, 3350725538, 242), None)
Loaded weights: -0.13373012515966073, -0.7131110310141238, -0.24229978858950618, 0.0, 0.0
events: 
  ----
(3, (359209563, 1036836945, 3587499525, 576954217, 3492330086, 995196166, 2683687020, 871122837, 39148520, 3697057002, 727558372, 2557311998, 688337369, 3480466876, 206189431, 2837460817, 1796067648, 3502984786, 966824481, 2651422469, 3910536570, 1387653445, 934302356, 2322977479, 308646146, 1466901730, 399872877, 3607352767, 1357793255, 1456280446, 2520898970, 1660415214, 3653318368, 2473911206, 3587051632, 3446027783, 3546191056, 2805425706, 3192634866, 2213363217, 777291682, 1771651718, 3001379827, 175346286, 3961323884, 2025267687, 3579350504, 2964114360, 2936200702, 1897958256, 4154328249, 1854272933, 3211906339, 3770303967, 4008361327, 3531054687, 2096549491, 838213284, 949279601, 822036571, 1058503393, 3702556866, 1159760573, 2125439577, 1834589733, 3188797352, 2275829344, 3587249155, 733712622, 4024381301, 228460829, 4252968706, 3191043089, 356716748, 1807414524, 2634450553, 1019969794, 2716673042, 1862216757, 3042833534, 757604868, 2755409171, 1126505310, 2184167096, 2314372352, 465038667, 583795981, 1194546870, 4041721001, 476516435, 949834927, 4006657673, 1619288271, 625834364, 4168420997, 4135460563, 711380992, 881393183, 3330490989, 947915617, 3600177198, 424480599, 752488167, 3016546827, 72772697, 2804112529, 280677163, 3030676389, 2362902312, 3387854567, 3072081676, 1322622559, 2372324629, 1710016998, 2089705779, 2189134670, 417092609, 1301248393, 2112077550, 155848067, 1163695360, 1348219418, 995035754, 2201378060, 310128584, 1765136904, 698156971, 650629552, 169779229, 2777924352, 4274457860, 1154319297, 494714363, 2662420901, 3832874010, 2952638394, 2888168435, 2850393782, 3462793696, 3706177444, 4124787140, 578404799, 3008138924, 1068569337, 3829825499, 3376432319, 4128692778, 946987130, 421737705, 2892436016, 4234589851, 2206008326, 398960817, 120634330, 3268016043, 3061772019, 636375107, 1561343738, 903692286, 510870074, 4201994553, 739673220, 2132372030, 4196091146, 2459529143, 1169057992, 1048793246, 3193274972, 3514368724, 1997190334, 1748271164, 696197388, 224673756, 55131725, 546193413, 2915955414, 1410640825, 947659171, 2451381486, 2941695346, 2566703463, 1095369245, 187073751, 3099985881, 1554284499, 1867144818, 2226473409, 714387257, 4098582075, 580616244, 3181683169, 1577254286, 710835125, 1566665688, 1194835331, 645230344, 723556347, 2207291616, 2926692836, 3056875117, 1050401163, 39531107, 4221125591, 1614270618, 1381419176, 3859301779, 3666274516, 839269335, 409171847, 1859357860, 17436886, 103026252, 3212943359, 1398498812, 3693385407, 974559673, 1957684087, 2217882425, 2259916034, 3347438608, 3805729694, 3951584078, 339654457, 1495419434, 2975548976, 2535004266, 4063735540, 2946222009, 564795690, 2310688119, 1870792352, 3579992798, 431321592, 3772457292, 812937795, 2512399869, 3238104062, 2434211915, 4133346736, 664887263, 4098882422, 188443963, 3166016307, 3089470565, 3766777029, 3289342297, 1060614819, 764149324, 4242627405, 3766599890, 2556175073, 829566910, 1709352378, 139278536, 3272007497, 2340408625, 4065724844, 4130387007, 3126914449, 2328733310, 712943021, 3814001650, 1450171261, 99713955, 636821776, 3028264213, 724300224, 3531215124, 196502489, 3421971799, 4114674316, 2881659924, 1155155097, 2976971136, 2913078300, 3256617630, 1986739426, 4213932029, 891299442, 587330036, 3863046034, 2206970636, 218823658, 3893416412, 3584489226, 1555960667, 305721601, 1712713963, 2952304840, 479996335, 2152576713, 4121825615, 3416709059, 2639129121, 1805119985, 3742770851, 2804760161, 2260347626, 4046715088, 2452240532, 2946954768, 1397328686, 3732008730, 144935536, 4164659180, 319140454, 1212479, 374536049, 1353712734, 1572731052, 3426194881, 557987467, 1690251490, 3641049741, 2787129746, 2831363460, 1232144972, 4257606076, 774662464, 3827684805, 314563905, 2937089141, 2927116167, 1367870353, 2030050145, 3611015757, 3653424226, 823381895, 2761560911, 2452710913, 2861004694, 824709240, 2127009256, 2652035105, 374629388, 37770616, 3309740802, 832745671, 489232547, 2863128066, 1209018262, 3326851792, 4082619846, 1331929375, 2495753962, 3893034199, 797283293, 4185418878, 2337303659, 201991978, 1025000986, 3307772706, 4063403814, 4223063092, 4037134328, 2099373793, 4168422147, 3142042907, 1229995661, 2426656084, 3416948123, 1298641485, 3016246129, 4287660097, 4009135502, 376124137, 1433887318, 2364322626, 510734195, 1707622409, 259990907, 951380411, 3294178406, 2097943776, 2646363991, 226307091, 879795030, 240829961, 2532059654, 2494523393, 1440653380, 2334942582, 1782966304, 1598079236, 3211227862, 998573839, 1731477845, 2344307896, 3191882981, 69373506, 2845776389, 1994494367, 924121716, 3804044767, 2967193526, 1501838971, 1724711947, 1537161176, 3687713740, 2799892377, 1878849327, 2130948097, 778005588, 880389200, 2046221506, 640936436, 1504076210, 3967684556, 1001424460, 1936434991, 776996705, 4137950064, 3691614564, 2143938315, 3818612279, 1054296274, 2497293383, 3698713818, 4000099214, 691407855, 754925580, 3539770993, 4119248771, 1901780312, 2342460031, 566586298, 2661620466, 2127843244, 756369306, 734703255, 1866029407, 2641057836, 3915296460, 4096359275, 3869734905, 2675556423, 3044164116, 696857515, 2175669366, 4136044686, 4291196119, 1587582311, 969717729, 3818908098, 2739711317, 3217644123, 89417776, 61612635, 1080354070, 2855665757, 4193289959, 2730970582, 1365983371, 947658604, 1652560894, 3257532764, 2445294509, 2797487140, 1780611257, 3006190458, 3316142506, 3188493229, 1081160466, 1600800439, 845796593, 3922576382, 616015990, 3560873712, 3937479752, 4277502815, 3399526555, 96762696, 708693855, 2416184273, 1539672930, 1831992767, 3426553103, 1517993869, 3183109231, 557684377, 875512524, 68104531, 2642844868, 3523892766, 2317103927, 351102954, 3228221394, 3691312262, 353642118, 1081007032, 2360183028, 2911747237, 1041335297, 717871024, 4172232782, 36991767, 4111405966, 1997244344, 504702390, 3464591999, 3659296405, 136670411, 1127999011, 3664859514, 3911212833, 1865537713, 2742603421, 773589583, 3032024268, 4280627845, 2172048509, 3148195073, 2572763857, 2616297205, 3381737683, 2305262653, 3530419721, 2698207886, 3032932014, 818030814, 3926520661, 3298741278, 1630244698, 1781932411, 2541965840, 1756036764, 3084672414, 106326543, 528283117, 1514391889, 2338387925, 986358300, 1654974584, 568132753, 3010190831, 2692099547, 465896656, 2738790289, 1461661348, 3053092082, 210796719, 3908165205, 179829116, 1194570751, 1583304627, 271188007, 3511317502, 3169751153, 3897471675, 370415313, 3577005605, 1547557596, 3909479392, 1839836621, 3126257509, 3152069352, 496089735, 782695344, 3417234080, 2277705771, 3069068185, 614112822, 4065435289, 3271237721, 1054434292, 3488789917, 4066206011, 767132969, 771940544, 4011272376, 3713178041, 3598505658, 3457486730, 1992421428, 2067688702, 1266734445, 1444007010, 581779094, 1994870602, 684125870, 552128375, 744619377, 606696921, 3613222134, 1306316862, 1213028746, 2492277654, 3495212428, 1525723670, 2186509854, 2823822130, 668658375, 1432859306, 3531559328, 4276407130, 3566737202, 3590983632, 4729533, 1486669251, 1510239624, 2869592665, 2274221981, 891508659, 360511394, 3489286048, 2257078917, 1197613792, 1210348346, 926664602, 672541298, 276232185, 3372545193, 2850222029, 2048777864, 2394658229, 2361385040, 1180578805, 3338323092, 2422769703, 3238014314, 4125038237, 2258338172, 2052603818, 3044096505, 548), None)
Loaded weights: -0.40004234374999664, -1.5026983800617564, -0.24229978858950618, 0.0, 0.0
events: 
  ----
(3, (4194288798, 3584356420, 3132725511, 3821135610, 3345439690, 2220889052, 3009545920, 4230968684, 922543597, 477427246, 1691200385, 3114291345, 2184939823, 141993253, 1627891224, 843121325, 2700824461, 1023370381, 4199393809, 2994098520, 4072267758, 3637384141, 1366433645, 2651851979, 2761543976, 2159797384, 2869482566, 1701305256, 2316467042, 2985957422, 2384285419, 1099783361, 527172057, 3187422179, 1498867903, 3903146636, 1676477749, 4021611400, 1132207584, 3297364725, 1259042447, 1248324862, 1522325719, 2512755823, 1481714640, 647404615, 1405382763, 4054482408, 1729521606, 3642281955, 4033273364, 936749692, 2595225419, 2506820221, 3199133370, 1329491833, 3760043158, 3424612803, 800090237, 3611171149, 3382529388, 2757146200, 3742538749, 2050096465, 3403501199, 1366130449, 778944990, 354254726, 3389578168, 2829252949, 2548604403, 2570980722, 1987821078, 741049265, 729206548, 4282111962, 1487173217, 1593864222, 2931714604, 1705617111, 3568658778, 3409031539, 1094646734, 1362230046, 2070427367, 3142353825, 4263511909, 2685068215, 103809681, 1618999903, 1087476930, 3653038286, 2425372347, 3293808429, 1345093461, 330592408, 256455012, 976943539, 1904874992, 3821642565, 3684400573, 14764341, 4282515059, 828159364, 4251528256, 1690924491, 1614484568, 2307489977, 3130213473, 1332878940, 2157832956, 4093824373, 2444705696, 2478979511, 2737736283, 363260707, 2066817484, 2446104366, 396921968, 20997483, 503899226, 1561481220, 4036185631, 1510228684, 3621037709, 3288678168, 791038437, 3682337241, 1510275476, 1194915953, 3707920483, 1868022783, 3491511103, 236491039, 3686617095, 502211634, 990991634, 3457017373, 3481322983, 3139640314, 4121725053, 1491288918, 4126562461, 3696732364, 2609639723, 276435707, 3892999182, 1852566321, 1691945418, 2068367527, 392313616, 1498034726, 2262334611, 1830176476, 2509015073, 1708200232, 2344261541, 3077859813, 3396415291, 1881783631, 3747940874, 978442549, 743304228, 1667919939, 952341233, 3220708875, 225540370, 3811071169, 610016663, 3817115134, 105219748, 1449995622, 1865007343, 4230238705, 3135564622, 2560301845, 300967250, 3867205866, 3319734840, 3389738338, 3488501882, 1386219471, 3936063953, 3286175004, 2025671598, 544793916, 1568802991, 1748915364, 444477869, 3729150194, 2583325308, 3128999504, 1446504110, 1271520975, 2723109, 2757384474, 1287819242, 87756252, 2255968036, 2710565828, 1888207621, 3597704735, 464464947, 2581306813, 1657928187, 1008996878, 3804810809, 2912085080, 1890641417, 2129270925, 1806336004, 2684235797, 383217244, 2811969797, 903736176, 3402340350, 1155159303, 2405719131, 395193510, 2497920895, 877754867, 2458383677, 1225841002, 963834985, 2669848257, 2691941446, 451578972, 436984699, 2569647509, 354282081, 3573104069, 3481489832, 129136734, 535879060, 2288108627, 406400880, 3369035908, 2746532857, 2396688564, 231173587, 2940825946, 2386925395, 3023755069, 1465233559, 3537093458, 3238396159, 4158230455, 692805223, 2833214003, 1338527940, 583373690, 3577281647, 606042182, 3089316812, 2242582558, 684737730, 2486282184, 1968994782, 3483792056, 1163291542, 746804340, 349577834, 4060178167, 2814332992, 3871203376, 4291176856, 1028289479, 362344221, 3084910686, 2376121149, 4119760771, 3300253157, 270195023, 2150441926, 2946252065, 647040271, 1537950347, 2613902277, 1341405870, 679679760, 106634571, 648948132, 3005016699, 1902100412, 2092117988, 1896929065, 29069186, 2866977268, 2725862081, 49537069, 2379656749, 2043927718, 826926390, 116792922, 1405557308, 2518572817, 2024157446, 2084220998, 838141365, 1024931247, 1922055202, 1936861799, 3779883725, 649874475, 676268990, 3942252953, 1496558893, 2915984273, 2225940622, 495005221, 544214194, 727316837, 3926750055, 2174975194, 3015544490, 2077698643, 3956170078, 4068170268, 1107025069, 3273630333, 496787957, 492524510, 3434746560, 930124619, 4143750984, 2808090989, 4147750815, 1646495104, 225920770, 3549695582, 800287184, 3210664851, 4106301484, 3993395075, 3518971895, 2131519597, 4119562779, 2679469104, 1508368244, 1244777430, 726879306, 4201502324, 3682702641, 1980216644, 3167531687, 1905739051, 4066781952, 700104797, 2482008689, 4030896783, 2273461591, 2672807336, 495917800, 422064466, 3033830136, 470727987, 3732673274, 1145513998, 925953112, 1248069104, 955573068, 655017992, 2244859499, 941862216, 4233288076, 623315953, 1018617694, 504284214, 3072671760, 1032457613, 3354215871, 85855992, 370473120, 2721207785, 1618676091, 3925581006, 2572385216, 4204257982, 654032809, 2998870873, 1484927593, 3542188527, 3532695066, 3112415812, 3092353061, 3561893751, 3059980351, 2222759493, 4175274579, 3073131197, 227122167, 442537602, 3173392221, 1554440108, 2888088141, 2291200044, 821867781, 2921966693, 2210626493, 2406170861, 251014611, 1887028673, 638956775, 4167851700, 1744048051, 3748867532, 275749773, 2861481761, 1130819766, 1172506610, 3107913825, 1417075440, 2694649307, 2621932474, 755772178, 1690872135, 4202143668, 1297129406, 2815331242, 2657456916, 3109336894, 1350606519, 3286386946, 3914691087, 1238832397, 2984635690, 2801542027, 2446977643, 1295901210, 3303913953, 1816403988, 3865534077, 4206529035, 3841146905, 1094058601, 2897073942, 2182223681, 3623497381, 3428202761, 3880101257, 988217368, 1751434836, 3726303009, 1096643684, 2576335227, 1081856322, 3714415779, 3404701926, 1337964555, 1461211357, 4264512095, 2426164594, 469845275, 204632534, 1208165061, 3154862413, 364711833, 906158843, 1862664063, 1047517575, 1517746907, 3882990766, 4025120865, 3742316046, 3572035907, 2897213229, 3096953405, 995073437, 522966097, 1395661951, 2800772149, 3983707849, 364148758, 2780722776, 2905785538, 1004295326, 312008217, 1674805725, 3918659995, 2369548467, 3966333815, 3371040496, 2752589760, 1305080075, 118444480, 4018458943, 2736896167, 2917631245, 1518176898, 1447742741, 2581957765, 2768674404, 3294585644, 3900739167, 2403336883, 2007305488, 3291554149, 2330040991, 3143293125, 1209769754, 261017996, 1044289897, 3369244862, 928534911, 758383875, 1356263552, 3615604344, 1060023916, 1266662165, 3025923721, 331811986, 1064302798, 1364229670, 552276210, 680189534, 1433067044, 1798020233, 3473524665, 1171512042, 3108142281, 2402259671, 51687351, 2414350140, 2458404594, 51853899, 3023032222, 2754112477, 4013398357, 4230093393, 2441707357, 1074613375, 3271285130, 4007707960, 19953102, 2990811246, 1450376743, 888746087, 3309819133, 1422413475, 1962679428, 2626550074, 3175241511, 1562609938, 686891577, 2374744290, 1661713506, 3859270266, 878340649, 2431493740, 1689978415, 352865180, 2497477232, 2861778073, 2368836607, 4034612083, 1263073241, 3987359963, 472395745, 90067990, 2498192025, 3911424846, 1824235551, 3575979164, 3372374923, 4035898077, 182469775, 3661072272, 2282222489, 32949381, 4180766290, 3518812913, 2893867811, 2423236496, 2251077760, 3531876253, 3434196862, 1948396818, 3376236984, 3546991935, 445753588, 4087413795, 396617787, 4034624836, 3424853708, 1093245017, 1531113116, 2141759333, 2542075463, 1755440660, 949864172, 4148169063, 3667014261, 1764837358, 386772713, 3224243081, 3984433481, 2941596034, 2329326510, 80066829, 3826617772, 2311518605, 2990302726, 1999083554, 3479581366, 1723511720, 3528171063, 303971754, 4263214239, 69066095, 2719794354, 1951319270, 3388153415, 1548952294, 319178075, 2071883335, 1810851856, 80975426, 2317536198, 2419638246, 3730767444, 2867840551, 2079912463, 1606694963, 201545546, 24), None)
Loaded weights: -0.6595130877426677, -2.0702496923087006, -0.24229978858950618, 0.0, 0.0
events: 
  ----
(3, (3304838215, 1201080289, 4270568336, 1833271350, 843697199, 2141501319, 2256266242, 2776812954, 3511244507, 3137470098, 794175414, 2608039166, 2563827135, 2310853485, 3562990457, 703070914, 1529905443, 2300726981, 1039368683, 2200662083, 3091146375, 1451177155, 140846510, 3944243114, 282946803, 2523276065, 2615582683, 1289627836, 3910721853, 2029663265, 1746400468, 3682816553, 1125847247, 2582111380, 3526753083, 306493518, 3542693341, 545787033, 400655027, 2124356825, 4073314522, 2013324733, 1957682017, 1456444912, 3794221224, 1861244875, 2038975120, 3926192792, 4127131244, 2773881769, 2433054168, 3688953713, 2225431868, 2709010690, 1846268433, 739221328, 4080368104, 2262017572, 245161268, 1903405359, 1680456151, 2575565406, 3665795056, 3859868995, 382710777, 4175206542, 3582036429, 4058815647, 1643527000, 1785412635, 2010159908, 1679166298, 3693964664, 3008037823, 3538904356, 3773756409, 2319339095, 3127767508, 3489675050, 952265396, 2672028091, 2299362428, 2779024700, 1221974235, 1279463423, 1107926189, 2227449871, 3709853783, 1186176207, 2202628806, 2168061290, 2336040192, 2909519452, 1761281008, 2900141608, 3288071070, 1821721177, 3078948939, 3746131053, 821309284, 1402572506, 502437667, 280348120, 825903020, 3578958675, 4174320274, 2861834748, 3916765164, 930086830, 3620686598, 3693574153, 61088965, 1689404045, 3680041312, 3971235200, 1825107648, 671964005, 1667143782, 3435289678, 1680862884, 3783323579, 3834826042, 3560988079, 1036874062, 1628844091, 1098095377, 641660609, 1846888065, 247137145, 329378611, 26527861, 1294251793, 1334675213, 4108014755, 2349616019, 4083707825, 3208525343, 1284307522, 199455706, 3609707654, 2838918486, 4147892786, 450349282, 1212199280, 1819799173, 1764143893, 3335284606, 3219602439, 3349637358, 3988183026, 419394362, 176761082, 305145153, 2261172051, 3862229732, 910606228, 1333991378, 206269489, 2857671073, 3256405470, 3624432548, 326672900, 1012591207, 1816847081, 3931054021, 2476580885, 1637794100, 1000887497, 992084592, 2568307906, 2737923370, 2942997549, 1579939445, 2362353494, 2033833590, 3633812793, 3043805429, 2959849089, 2847148495, 332727599, 962984576, 2133832968, 2071867002, 2415811060, 127900325, 1202899404, 4164695198, 3575525456, 1952564965, 861246043, 3401884015, 62526787, 2222037332, 1851555626, 3367968504, 256901147, 361768967, 3272974363, 3183106219, 1310220511, 954616958, 3491405771, 1911616429, 1638315439, 2888724225, 3746254817, 2578399386, 2280288371, 1949704878, 667647400, 1760351306, 1333160513, 685364463, 782250334, 3969308088, 2805381306, 2377964457, 817461268, 4170598256, 3354630756, 443122055, 4105229139, 1542403263, 1014375832, 734072876, 313622045, 2551056936, 1365753426, 2484158990, 1308597677, 176433378, 1905324032, 1885133133, 457422580, 3919469090, 4113490585, 1943220145, 1748725740, 1150845640, 2406767890, 1469491227, 390803512, 3679087190, 1918460042, 1890188901, 3742889711, 1317433263, 894968641, 832248993, 419949587, 1485607234, 1121112272, 2323103431, 3644003284, 414583517, 3808441049, 39061710, 1338297736, 3106432994, 1432009461, 2475488673, 1916663967, 1100681326, 2692203973, 1600854101, 3494644623, 3982220168, 3912882421, 2815953148, 2539662463, 2912799709, 857924816, 1860617768, 3075400927, 541377728, 1092753398, 834199188, 4143933583, 3483467001, 511728454, 2989436368, 4002224115, 1419788430, 3446468122, 659783023, 239147765, 1677911509, 2887623784, 1106592407, 1167880249, 2600010512, 241910114, 4222064547, 4234282195, 1676346312, 497361883, 1417045048, 4129466657, 3818201426, 3848631145, 335193683, 2067917981, 716727603, 2652490632, 370688455, 630280547, 3073239971, 3709173244, 1589992369, 3046935397, 3295777974, 3763144339, 47719104, 3709531994, 972866977, 1934930528, 4201963464, 2026677219, 867845345, 2058174073, 1716955679, 2323754824, 21693156, 1475022333, 2101194786, 1037897597, 1105587620, 1428303195, 876122124, 1198289200, 3080559290, 2939292485, 381980044, 1531121368, 268145413, 2493680252, 2551574814, 2966722483, 649904430, 1897653416, 3865973338, 410798023, 399193186, 2942546665, 2191362604, 4126230990, 2851749461, 1903191644, 96153762, 243912667, 1919588250, 802274639, 1307018168, 1012187069, 3105532103, 562366980, 1904377652, 437042777, 1746318825, 1408759467, 3881709735, 400691321, 2943990037, 2165791449, 2266484581, 364387445, 3626018461, 2997146974, 821453867, 2687097570, 181384716, 1736282837, 3778488638, 804868892, 2333799008, 2333005070, 2432509613, 3532266545, 2329807241, 3883502762, 912183163, 2407309801, 1787258550, 2325966623, 4284795733, 1752032609, 422457891, 1030623826, 3521524613, 3818297155, 1635428776, 1842651316, 4258189251, 4001639629, 2145397983, 4199868461, 386474543, 2077780011, 1909949572, 2153271363, 771421545, 4080778458, 3835804259, 1604222963, 2681348199, 2022405334, 2677729888, 1490453211, 1574844145, 4276690581, 3854906508, 2396627095, 160499729, 2931433751, 2121454636, 1230637375, 1442700676, 3643008186, 1284037833, 3638280907, 2668921006, 3914218105, 3807513027, 3899855454, 3689371278, 2009921969, 2684101941, 1584971123, 1801778148, 131261351, 3416107598, 1216060123, 876240690, 1614606705, 2445057016, 2889325009, 3577666085, 2546956305, 2782660698, 1974097123, 445796980, 1519586039, 3348628104, 410225611, 1350865077, 1328302590, 2726578711, 3837717853, 1177832418, 4260372815, 1949830945, 4241031806, 346572534, 621226901, 3597319723, 1204253981, 3489029135, 2752407426, 4155485212, 3295614207, 687564963, 123983565, 2594797982, 2159011791, 2808358053, 2178667273, 1272652547, 3238785772, 2816184024, 1362815123, 2649265969, 980664942, 3452489155, 404688334, 1756760334, 2715796338, 2984680482, 4115472720, 2638501974, 1699461027, 3175476396, 1254006077, 485259907, 30646318, 3775796680, 1907362670, 2594293932, 4273090784, 3222286026, 3563153139, 4076112631, 1027910083, 1023736959, 871590414, 2464898685, 482879633, 1259885039, 1765283680, 1462709085, 1763815150, 827922612, 70092959, 2206633878, 3190451402, 3734245583, 3831604165, 1092029552, 244859013, 1839747176, 490981063, 3537572477, 268124796, 506761868, 1883736826, 2259209082, 3983031308, 4212138810, 4161859173, 2344800217, 624487959, 618718167, 1679754326, 1424031906, 2364885442, 3962916590, 680109155, 200675100, 4108524452, 2861425644, 3551949779, 3211011917, 1634214747, 1695116164, 2920284052, 790934064, 3719394141, 238539204, 924648248, 3660777681, 211738205, 447966230, 1466761512, 4263809955, 4239459257, 155811282, 12165596, 3112745906, 1847621929, 1641323648, 198125354, 1569009861, 2977735345, 3796727389, 2698049730, 2844714600, 2615477438, 2423313951, 3039998129, 1011419862, 1649754155, 3021368840, 627645771, 1764431718, 2035954863, 1823212843, 195494630, 2886774203, 1067303111, 618983662, 3860721093, 1616213927, 3400161764, 3068597646, 1504746820, 388542947, 2141857323, 706177799, 2195145178, 1654221109, 3980348790, 4002282367, 2166822501, 1200915810, 2283668423, 934136087, 3469366916, 3242015063, 2467218349, 195883791, 231804281, 1968632636, 4086262930, 2268494814, 1631523718, 1561507109, 1734147306, 3846341429, 3517307477, 1433883651, 1021109543, 1994874911, 4035526257, 2898119765, 3818946425, 1655137269, 3285260124, 1098678842, 3982004499, 2658321328, 278922437, 928141539, 2437765670, 4175853331, 3180967391, 144287322, 3549427876, 3867669152, 694613595, 50061214, 833723407, 175170837, 3372908569, 4233446280, 2893838547, 25), None)
Loaded weights: -0.9944119911513014, -5.1598331758256, -0.24229978858950618, 0.0, 0.0
events: 
  ----
(3, (2166053636, 1318214988, 4143616088, 2916524961, 1440831430, 3885779042, 224336190, 1853766613, 621513631, 3358718395, 1433354404, 2294215921, 591382524, 383971823, 3660423670, 3171022943, 857978538, 3112412166, 3519480257, 2431319576, 722783748, 1220169246, 3981962526, 1316128264, 2071305014, 906622705, 2384201216, 1986238159, 2461619070, 2885148511, 3937510584, 2481048412, 186716653, 999286540, 22660860, 2225501443, 2842707938, 54848126, 175155042, 3965335112, 1925691920, 109270325, 1590533659, 729927200, 3034812877, 4217120704, 762442375, 712708995, 2224025845, 3926323451, 273032762, 73857404, 2907454926, 2587186934, 3939421654, 758315522, 1718548615, 2435109041, 3866497365, 1693069371, 2831967917, 2593155044, 779080321, 4204003712, 990747274, 1767968167, 1632704863, 3617536265, 770112987, 1882418833, 4076926785, 2311927908, 2442647955, 4104070563, 3540781901, 299850295, 1160377636, 11932315, 4257150504, 659544096, 2982911854, 3482721992, 2552883985, 40688524, 4071809972, 2273759835, 4132757722, 459238256, 1880404493, 3661444633, 3140264544, 2527457764, 2686248715, 3835353571, 1555649548, 3527863692, 2973327092, 1682397332, 1152532259, 1658099330, 4274646062, 1601554865, 1908182328, 2197348802, 2018116054, 3603734376, 3398494012, 2233724696, 3481667142, 3054239915, 3594707512, 3338256881, 821017207, 2759920829, 2040476956, 2470088673, 1105774281, 2697586013, 2675952478, 1389945912, 2321123576, 2028622289, 2078168752, 2372094741, 3719198977, 3740715805, 586635869, 1918926733, 3092373797, 2452937721, 1266282739, 339972277, 1892903261, 1617605211, 2178196572, 2745090132, 3360260789, 718605277, 4129460510, 1521281903, 1283516961, 2539187360, 683575013, 3045075851, 4210485373, 3712131100, 977939813, 1788529061, 1986185765, 4126605871, 1801776468, 4056170239, 2443495516, 782191031, 3932159355, 3314351540, 1073610245, 632035943, 4209599057, 4235521997, 4237222323, 3144470330, 3447226752, 406409525, 4121918878, 434403324, 4253462036, 1899824147, 120430727, 4253556526, 4045421070, 3539581707, 3766140526, 482974876, 2145985447, 1968816427, 2559440603, 3673818587, 2940736611, 916821575, 3175127902, 1596358152, 3938476428, 877299442, 2734584451, 2072682285, 3801160687, 3566574266, 1315450742, 2102909247, 1272674771, 160710565, 2063545068, 1359576128, 758111296, 351723266, 3653071700, 2596743599, 2572713050, 4180780298, 1621108079, 3028786442, 2500267823, 4193838912, 103033182, 3765070872, 962459551, 415003298, 3493112200, 1963649055, 1407915244, 320248088, 133176426, 18430527, 3268806267, 657500696, 3854895573, 886212066, 2960536982, 851149500, 2318806829, 4127520030, 797609667, 529558787, 1499107272, 4031923868, 3301943290, 2333342211, 2976195397, 4088955945, 2501827489, 4106718143, 3929903896, 965751855, 2380397126, 3320491160, 4230762061, 1998782912, 2399459960, 3522962222, 491219443, 4152923357, 3291301914, 2457860423, 251719598, 797738697, 323903335, 2865885323, 3710978248, 3239159231, 1864101472, 3880187018, 1519419163, 1531950001, 3739959164, 3549648665, 2350234011, 4129658697, 1615079161, 2616187874, 3684281244, 563367627, 227878718, 1607301911, 2993315686, 2094877350, 30305005, 556514926, 3560698837, 2433469226, 1913699400, 2207314649, 2046027120, 2102628583, 183113848, 2622726079, 1215427683, 4003342489, 1260836063, 3025906470, 1954246096, 2157899153, 193236239, 2899310319, 252505364, 1300222816, 1927602703, 1363048249, 559345447, 588469001, 3181486385, 2681659780, 2388180753, 279222459, 1078270011, 131977159, 3526003422, 2194302952, 1651978511, 1096956517, 1345807154, 1599637771, 517193715, 2536334616, 2339769077, 2132849446, 1237673694, 1201767017, 1280371621, 4195426634, 3947030554, 3017732820, 2836113910, 866267861, 586494528, 1294917097, 1062459191, 1006186703, 855367175, 171901659, 3789164103, 471651710, 1622924205, 2410120933, 3819007989, 1681967601, 3511496944, 3839206440, 2093216041, 1785872485, 1281971391, 858277648, 4218230788, 1415945825, 2406656550, 2207055561, 2003762093, 2233238191, 4269028261, 64533338, 1907859329, 1920642861, 495183434, 10879967, 3660661178, 1384801451, 710989590, 2290356393, 3869640419, 1122704765, 58926445, 4217223389, 1507075100, 2809315041, 581106319, 2156977855, 104477706, 3866761944, 2763053887, 3665084881, 2995980984, 258000905, 2048777703, 315282904, 4177638712, 1127903887, 67011008, 2381539563, 2269905361, 1842961891, 523653694, 3396173026, 2327710098, 1070027861, 790471458, 2803165612, 96124136, 3070449999, 2188966058, 1401102142, 2955520412, 2669432352, 1507195620, 3645320048, 3365033992, 1870056351, 3804489444, 1299531950, 1403991108, 3183859028, 785580399, 1379969696, 4155429189, 461244580, 3575627994, 3584131407, 1500290020, 3385587788, 1272783861, 797930501, 626279153, 2494647881, 2208189965, 241980983, 2797584304, 2693095763, 3284559861, 178729209, 4183441821, 2552429514, 3928942182, 2134787668, 4125048697, 2645062137, 1764765434, 1687601588, 1371941730, 3029837672, 3169938975, 896889531, 3165049251, 3311298686, 1624200749, 3025066003, 2016011688, 263118367, 252005228, 1427266717, 778460166, 2966018568, 80583410, 473499335, 1232905343, 830716515, 3618573973, 597914693, 2816861384, 17109185, 4039836598, 179909968, 3042447259, 3776579391, 4060208930, 1418719568, 323264797, 943497282, 3656139981, 3911977692, 1374967142, 3432921484, 569699388, 319728819, 2077844361, 1995589680, 1912139858, 261537181, 2713696232, 4006153647, 267956511, 659068822, 2737401750, 2159363721, 481685408, 915860672, 2932234395, 1944189734, 4051294808, 1319808671, 102584395, 1406251869, 3477477488, 2968271248, 1669529646, 655711200, 3124629810, 2244101849, 3149346071, 565822027, 216768388, 1144162637, 2803387888, 1234547426, 3548022542, 3163730815, 2398982910, 1830077103, 3837182866, 3146890489, 3534507373, 3991392922, 2556927785, 903909766, 1696923553, 2444457228, 4131855097, 1757375485, 2778185882, 3230636345, 3070240174, 1633642794, 3863864439, 187260851, 3276188122, 3191033051, 94783908, 732779239, 706689979, 1118782948, 389529133, 3152131310, 3945945041, 1483858, 1968969245, 1907394482, 663382335, 1558118074, 3323172068, 1632138754, 1413621328, 86015525, 581638800, 1781897322, 27749158, 2754620841, 1334183174, 1737242241, 2064889783, 91329220, 2945122365, 3630767242, 2123482218, 3119693623, 1747406060, 509034438, 4033973016, 189465415, 3785334998, 1599331501, 1821977893, 2756845565, 404009537, 2230307662, 2860444906, 2079812062, 1000726561, 775914462, 3827797648, 3509600263, 435898091, 3614569232, 236021602, 193946628, 875083152, 2240431044, 2837915255, 2918394617, 2850269410, 307089876, 2601146330, 3781570304, 2681839643, 3152486805, 640242753, 3627043303, 2161050588, 1903482279, 3307135974, 1673914358, 3632064784, 4104252742, 636694317, 2168638333, 1045572105, 3103539000, 777630563, 1789199295, 1132510608, 3955695912, 3452051046, 3080350076, 2129233164, 1097381950, 496463747, 3303301214, 3240047002, 1562834763, 184226008, 1850590176, 2424372842, 1085711481, 722297745, 3130689751, 866515788, 3028249485, 3193771678, 753266836, 2617442326, 3968157920, 1292615342, 684001602, 2659941298, 3763074519, 1338795727, 3990994381, 2532037345, 3804674487, 4230473576, 4279289924, 1313143965, 3681837642, 3521218147, 770298718, 2830279087, 2794403273, 1689433340, 552389908, 1887313574, 799993504, 3549484152, 1805521680, 2801006711, 2872402206, 446107129, 434189926, 221), None)
Loaded weights: -1.1525086473341737, -5.135200218886051, -0.24229978858950618, 0.0, 0.0
events: 
  ----
(3, (2927810282, 1889561561, 3765212426, 1336207634, 2810145400, 3308372626, 2690382594, 758303392, 496315729, 2842806183, 2549152350, 2831524451, 173749218, 3342349981, 3098938020, 2890851372, 2171184122, 2564497093, 753123000, 72109152, 2429190247, 2321193104, 1380725183, 2166103096, 1196565465, 1740723501, 1450681259, 1903512599, 3277685103, 2052954416, 484620595, 4076758063, 2903386510, 73496972, 2271382681, 499419022, 1881263964, 3533135140, 361656161, 3733338560, 2605451908, 1185250404, 528077376, 908162978, 2629047519, 1035048638, 3636119630, 2282482104, 3560401120, 2446284752, 3944707682, 1196575617, 2172949239, 1418955479, 1167577522, 3521556245, 3882389687, 2613790759, 3840611679, 751907937, 2743156317, 3251103872, 436377430, 4272923347, 755855493, 3038106576, 2219950235, 1631426217, 3539008689, 1374753063, 172765869, 3621653597, 2962657619, 1070116105, 1628120148, 1092090556, 3192316530, 2229365286, 3596987081, 2740124320, 1181928751, 3656899283, 84206731, 2655075370, 2472438544, 2823878499, 4047308487, 805272359, 3640846716, 3105919650, 4039328779, 464162359, 111283892, 4131075375, 482600768, 1035489499, 3817920838, 1293333943, 1507139772, 2599630477, 910019902, 2413716274, 1612913099, 2590565532, 542052359, 2785991236, 4238523223, 1650805383, 3919831661, 1094601383, 3101365699, 3595097033, 816415343, 2549992799, 2424525693, 2359346598, 4175218115, 1748339856, 900893862, 3275706520, 2218126901, 1772948744, 2593745776, 3581187791, 2621852987, 3386144471, 67674800, 3399894347, 3080645538, 2275933969, 2522409537, 250217548, 1901393272, 2122028612, 3896368925, 2500541801, 3526691575, 3412116375, 4279617071, 1591174425, 1426041597, 2714689160, 664451815, 4234639008, 3931020096, 1850952327, 3618815443, 2577151468, 2379002390, 2442524730, 1893396391, 1361650373, 423028500, 2721458432, 1766398686, 4074699341, 240451112, 224077696, 1254223296, 1319921892, 1341896265, 4256569114, 879900485, 2769166036, 4145355371, 417989451, 967211825, 441541440, 1336990256, 3180265185, 2477886124, 2822878759, 3133481736, 2198801953, 585538359, 2870763963, 1284082954, 3774155149, 2835314755, 1562439743, 2220105260, 4171378336, 3988728325, 4137553042, 2779072375, 3050787499, 2930683139, 2787845665, 4203064075, 3055426798, 4086263021, 2919196444, 1748114009, 1033538993, 2967594838, 528171750, 1611943813, 4075890867, 1350378001, 1968939646, 4140205669, 2659224038, 1413053154, 3717820189, 3497968603, 2322214367, 3787424924, 3203499557, 21724519, 3587337502, 4137387208, 1304228520, 1123045258, 1770141057, 2121369170, 56137114, 4242962232, 2089397815, 2041646154, 3966613999, 1420596271, 492643270, 4250834254, 2321465235, 2468102736, 2029051396, 3311434680, 1866004375, 2423560466, 871057413, 2899287058, 3529614324, 15820890, 2796226081, 1338481900, 4203461288, 3537913671, 2423428962, 3225138164, 3723507652, 1710541868, 3667963561, 2088347728, 3337212973, 370535806, 3159106004, 2284586234, 4266787843, 1943730832, 633456271, 2998888061, 3004345483, 3547216938, 2030189589, 2176079684, 476048765, 2554847819, 4123531920, 4278815198, 3234004032, 3450072630, 2175278854, 2871691994, 1762975983, 2902063223, 2355227336, 3457410807, 676938673, 237017585, 1718717540, 2934029841, 3763201639, 2584800786, 3721380978, 522884792, 688333326, 1065939779, 394570962, 1568644626, 4223214623, 3453242560, 2573019114, 1586095293, 2700011069, 3178537367, 1150407815, 2638659362, 706935057, 1229386203, 2648373009, 2974077457, 4079591378, 1682911058, 1031535705, 4225483157, 4226136542, 278143699, 3799980789, 1852285360, 2559385802, 2305579347, 4150938482, 1249986608, 1660245975, 4218500021, 4068940198, 428510027, 4182902818, 3841935990, 1889898630, 3350086976, 3353067499, 1753833174, 3762790375, 2422252812, 1604563512, 1037351450, 1890982871, 2277359493, 2940713288, 3090505616, 3046554185, 2741183350, 189324899, 2789106064, 1903409348, 3902399641, 3511977333, 602928095, 3743351627, 2214381332, 502897669, 1429513643, 4212911684, 3131802940, 186396516, 3669539631, 1592376526, 2544142948, 2440756592, 935864854, 2655166552, 368800918, 3586417950, 2558004762, 545449773, 1584785427, 1852726683, 2446340969, 38816025, 1909652094, 4037828405, 1130731896, 3427888936, 1407621835, 4102287783, 3030053501, 1560819457, 4208514171, 673017892, 2697151135, 1278968113, 2624477061, 4004892779, 871713295, 4276782799, 3240518067, 2387679946, 1311424678, 671192056, 3646015697, 2937167753, 2830651506, 3225185346, 2316714298, 3474058338, 320660546, 837194738, 954772826, 19018714, 3988262416, 94627756, 3732762613, 1780339244, 3823694480, 2074091186, 672582835, 1714170987, 3813998000, 4195551021, 2351844228, 1439351318, 1431635737, 321493852, 3918074680, 587634626, 2573927111, 1868016521, 646888698, 828879535, 274667994, 4196469998, 1965226623, 1607881426, 700385787, 1343552358, 2172377244, 569478717, 3031651141, 2561169718, 2298556344, 105015316, 1644944008, 3661019774, 2489337595, 3529948858, 2891304794, 889154365, 1850568350, 4016685655, 1597356430, 1502543007, 2622791216, 469810513, 1815017315, 1476364199, 3336191215, 3790973030, 2263114978, 375371675, 1250778273, 1841832251, 195248177, 1398846217, 1982368984, 314150659, 207115681, 3472753939, 148924416, 3243571352, 2147976897, 124873155, 1763667250, 1816958825, 1620573718, 3427770099, 2566634625, 1012317852, 991051520, 2913264464, 449927445, 939017035, 1133115932, 4254860177, 4059765126, 2158707430, 3716644365, 1916499010, 3250972735, 291889041, 2147030458, 27093820, 3787508936, 1552669653, 3917638385, 4169621208, 598593620, 4294104278, 1782630360, 1541055592, 2661271781, 1741974889, 2949024804, 2503150691, 633051056, 3070873796, 3960838005, 3033180607, 134437106, 3236043474, 499705188, 2819167427, 3676177437, 3745065780, 441109272, 3444762647, 67277539, 1040021599, 4149999179, 2115106193, 870623276, 123942776, 2226671694, 741923668, 3306047120, 485194172, 2671702055, 4116819142, 2430751474, 809413878, 22272884, 1049215573, 4011209916, 2103170961, 2606413182, 3514348304, 3673065197, 1598497545, 2225995165, 2987949962, 3773150228, 517085766, 2085197662, 395000674, 72189516, 1783577513, 3984509968, 2607137081, 1756434463, 1964679706, 140587116, 4211635206, 1895112661, 2002198608, 1219604842, 3404122804, 2587224488, 128018834, 2606679351, 902408709, 3875846291, 2405602755, 4255942213, 565333703, 637483358, 3559954973, 2248461839, 1760191245, 1291452618, 3180050217, 3794827840, 3311391609, 576194263, 3104766677, 1739184696, 3048110285, 1591159188, 1841318970, 2653832129, 3832254663, 244280417, 3156884312, 1941346598, 620939133, 514171094, 1998464942, 2520378273, 2390355193, 1833601925, 2211497337, 1071697489, 1891082179, 3188505416, 2598320833, 3210438338, 3039558551, 3768061579, 469130910, 3826407163, 3725218783, 1282257023, 1582934977, 1023211697, 2421260669, 3258215579, 2953866657, 934533517, 389281101, 2875288459, 1007770622, 3974443831, 3290799573, 3606167944, 3558173360, 2861825147, 4289027095, 523997652, 2827173290, 3043517394, 283137682, 1794122975, 1780987817, 2111669206, 2651384572, 3626230400, 1076576429, 1581463432, 3218347910, 3144882984, 2818436523, 688989814, 1962459778, 1625915995, 3244408301, 3649929206, 1190878958, 2125092856, 328384641, 672781961, 797252635, 1021918083, 1857622680, 2985243785, 1515165389, 1985628897, 3681284835, 3989074045, 2783322552, 537250718, 3743697917, 1186147283, 1036657947, 804654321, 2385144242, 339), None)
Loaded weights: -1.2604311895395888, -5.269214551386972, -0.24229978858950618, 0.0, 0.0
events: 
  ----
(3, (399352015, 328289764, 257605262, 743607616, 1673618908, 1911852188, 2882147968, 1234913763, 3145476905, 321709676, 2432474682, 3237260097, 695459614, 204249432, 3197394046, 2870216919, 1966122705, 1338673721, 2887559702, 2640458073, 3328956964, 406772015, 863879379, 3204213391, 2089002591, 2214993825, 1647048270, 1468179739, 1899653041, 2886927617, 48196041, 4034394170, 2221777260, 643786360, 3033339749, 76781404, 3086925128, 1468137450, 1254189760, 877578885, 1922223429, 2648775803, 2313546588, 4122291674, 3761461913, 2912875899, 2282629937, 1861294384, 3617256332, 3133337829, 3886926985, 1728723939, 3413041240, 2395490702, 887895643, 1731246923, 352337822, 2022557595, 187254149, 816050703, 3579340822, 3421432145, 1369276576, 602508544, 2930301585, 3223303692, 1133132190, 4101909007, 1215903053, 2428370710, 27472218, 3559329240, 3229718697, 1411157459, 1252950286, 744911009, 2064387946, 1626072213, 680754722, 894001521, 147890026, 1145636630, 4013542187, 2616780176, 1935988916, 3632368739, 2097637310, 2303097398, 2159445864, 1490028452, 3511166492, 1739961013, 3103891175, 4139064614, 574322781, 4231669061, 3668904395, 2693030421, 3236136066, 3468887181, 3405242752, 1379658930, 254965570, 778018424, 765668827, 1987704491, 693256690, 2491625036, 1153333611, 3625020614, 337255117, 959761831, 3521576246, 350451455, 3547664501, 996496572, 221417053, 3216808982, 2946563070, 217785522, 3477440530, 1357473953, 3602913672, 1862907281, 1157779509, 3323465247, 3814411855, 2386797963, 1465875947, 590503766, 3388621352, 1031918014, 2534701406, 2201859999, 3603653642, 1295069284, 1506569416, 2441044164, 1801998372, 2758152645, 2346731792, 1316269422, 2838556253, 1861156400, 7508385, 3914330416, 4265845079, 3466276439, 2468073011, 1104728080, 4161474482, 3649811505, 3397784939, 1235179451, 4073207078, 646502742, 657629101, 702205526, 1225677456, 3130099755, 2803431444, 3613379272, 75706399, 2727008302, 2833814873, 3660550916, 588469304, 1012328456, 1772130406, 1570638103, 1346155931, 2805000678, 3622865229, 1777252902, 1039651019, 1884519904, 4276655032, 94341814, 4240979583, 2154409781, 3505855322, 2214002933, 825553067, 1510392661, 3608706968, 796814650, 3451434405, 272598706, 1586836498, 3907168624, 445118883, 289041257, 920396289, 2737760877, 3901317759, 2347764235, 2479392511, 3678811226, 436366771, 3367029352, 4119963292, 4257766827, 2282501721, 3738506150, 1051235365, 249200584, 3415679063, 206835890, 2944583828, 4039360485, 2974724581, 630690900, 2265374319, 2340796492, 1496106145, 4008572600, 1169610109, 2526523320, 869625557, 153032703, 836273980, 947645025, 1451551541, 2635019644, 3629670101, 2417188878, 2599827549, 2096058782, 3941660972, 976388096, 3285381, 2908802843, 111341670, 2857791468, 527783016, 3122748456, 3429322151, 3746559633, 832524742, 2163870065, 453017165, 3002463392, 3375935849, 3257127592, 2632546205, 3247467682, 1081420952, 3433959591, 803651322, 2566885151, 714876465, 2155626103, 1136324461, 603723515, 3514241190, 3180411294, 706265854, 2211896852, 2838005273, 353715051, 3288876399, 48043041, 3878981436, 1595798270, 2943657750, 212617778, 1838475526, 1755377356, 3086944820, 802219085, 653096911, 4125208335, 125325776, 503412318, 4140554205, 2110352319, 3471213216, 2762718899, 2064507809, 1748779419, 803670558, 3183601192, 3378114608, 1709376299, 406445143, 2659892111, 1729779223, 29387944, 4037466793, 1970039239, 3464050529, 688554778, 300646134, 3364009229, 3630483870, 61020017, 346429110, 2332644960, 762040869, 3931514642, 2619057947, 3756901061, 2358708292, 1819095046, 962414818, 1037425844, 216680936, 2218100384, 2873844986, 3094910152, 3545128435, 3820866605, 3028203036, 1368020195, 400209100, 2074224945, 1630238695, 1502871577, 3199351394, 2133488899, 121549505, 3487414531, 3697812873, 2449575069, 4067125838, 1126843955, 1257463397, 3981037145, 742502955, 2583595303, 3092842521, 2000829102, 3412805181, 3386638527, 2598292390, 482461745, 3410867014, 3417625460, 2646172416, 1470673733, 500995984, 1402674013, 4122679664, 651956214, 1480935248, 2055324098, 1943196633, 3517649128, 2529249840, 818066914, 1554361366, 3597016166, 3689130455, 1648900299, 3892282250, 143769199, 1365903357, 722465083, 3846691130, 1419706947, 2145195802, 1043702096, 2596652478, 1800151135, 3164302560, 2337108894, 2884249544, 2197805917, 360218889, 485751551, 1367312734, 943292097, 2972324207, 2636127190, 1306977776, 1504947548, 567070085, 2971212641, 559236425, 2533039111, 1554165625, 2449552052, 3064856435, 2637202373, 125775099, 140986824, 4195730685, 1529692435, 1710689791, 1598093639, 3921598171, 683792470, 1388225189, 3734750458, 1878682314, 173098757, 3864661087, 2505167423, 963456327, 3413372139, 2823125480, 2656496570, 1781087555, 2907446611, 3205340926, 3271354066, 4101001861, 227449571, 454087967, 2587052632, 3631204103, 1422553651, 2431561867, 2655901339, 2960616587, 13958412, 1430717722, 4176318102, 1835390272, 1434169075, 4143367820, 3915554593, 2202241153, 1194421773, 3140987847, 1550542232, 2437151466, 759001318, 1929058126, 4092141018, 1574148419, 787464322, 1356381166, 3282903861, 1976527237, 4064992113, 827673040, 2779477861, 2436679254, 2880839717, 3863531306, 1232453278, 3897160121, 1063259340, 3322402706, 3397727479, 2339860685, 3974909867, 332019262, 2305332778, 1950146088, 3440910024, 1161447395, 3116784125, 3038812156, 4128710699, 330276078, 3716616724, 2771882093, 1905514067, 3015321010, 3946141606, 1955617061, 1829581274, 3088575023, 1174449835, 333704936, 450506818, 750733047, 1198390077, 1052837336, 1711411534, 3312603130, 2426422632, 1759663945, 2038967087, 3363153456, 936140004, 1542561542, 2189427454, 2170593273, 541913046, 1470682487, 3015960427, 1868272926, 3012361794, 3577676945, 3428316076, 4164173166, 88824450, 802691460, 2089797951, 1535310692, 326374634, 2044274979, 2041694101, 886427455, 1085421112, 3764890692, 934309214, 3553338910, 3291153508, 138735116, 2392644641, 1150977410, 2237078417, 533297039, 2068244147, 215309150, 3649867013, 2468014742, 3832002972, 171582486, 3216823381, 2382879506, 2025550255, 657824968, 3886519641, 2897254026, 1205148626, 3929773787, 2846614043, 3277711816, 2181320123, 657345328, 1825040227, 3402789259, 2900496354, 535557957, 1127910846, 2448148043, 67317579, 4175691946, 3049893702, 1708520582, 2885646181, 621804486, 18276586, 199804452, 2086309901, 420822628, 1384721459, 4183618022, 3224858919, 2801659001, 3855421796, 721872551, 2200674680, 3558099957, 3006311315, 2135564125, 1011366778, 507665512, 1242316217, 1526035416, 2754182972, 3790355731, 4213655446, 3621254911, 651184436, 1725001504, 666372172, 2992640004, 4192193100, 1622688000, 3334597343, 3295031527, 1877326439, 2901025797, 4185904892, 3615578305, 1847858425, 3551115447, 4118009706, 925210305, 2158591298, 2426149637, 2567263153, 1388266647, 580747738, 2531737133, 3141992231, 1904204442, 1348423740, 2922686045, 2930355723, 591843701, 1041044196, 3237164370, 2184459582, 2679356642, 2533186171, 1566615684, 31467870, 3698361586, 3632863312, 2280401047, 1268112693, 4080953571, 1836675407, 3942488494, 189770140, 2087723281, 3916347252, 3886127692, 1222896801, 353142905, 251283666, 2977309609, 2099682800, 3200629311, 3401958229, 2165579928, 3771673852, 1239747771, 3190178470, 3045782055, 550445665, 3586131906, 2581152301, 4251074484, 3872703163, 3542870807, 1957981415, 2), None)
Loaded weights: -1.331222549602355, -5.692537017848694, -0.24229978858950618, 0.0, 0.0
events: 
  ----
(3, (2627302605, 1052799488, 3713706571, 2577779462, 2796334580, 2144089603, 1351158141, 1002126261, 2339018212, 4228783512, 4110188444, 1336490640, 2619672308, 3341150520, 2554906247, 1937658684, 547365720, 2792962432, 3614266751, 913500168, 771379934, 3990062582, 3540855659, 297772412, 1919492142, 4065751974, 4126706783, 446834880, 3546961863, 1227161297, 352750843, 818792440, 2697375462, 3736969774, 1822821164, 1260905802, 2825772224, 1353702629, 1902448364, 2434047917, 844319111, 3587060728, 3513562824, 257544889, 2259842300, 893801726, 1209565268, 3989483092, 250412122, 1638475350, 107078277, 914179602, 3456938733, 3074586074, 1737028530, 1337612332, 478677743, 700220897, 2001627635, 956541157, 561567331, 3455668285, 1617367251, 1038546981, 2335870112, 357909994, 3459945474, 1159970902, 1314804000, 1395816005, 818525870, 3589749372, 3026914571, 462832991, 3912866241, 4176758863, 970786813, 2091640920, 4196674376, 3424512389, 367583087, 4117088844, 3481038902, 4174574499, 2500106552, 690710184, 3076577904, 788584106, 3756326288, 4254799775, 646289961, 2109489858, 2115097617, 3888977269, 3684330306, 2950549342, 3661534527, 430500706, 2279142668, 1370374143, 699383905, 3892221925, 547332706, 1544716332, 1713328110, 485347061, 2229095175, 3217885672, 2841619954, 3435973174, 4275318975, 606479813, 183862949, 598266483, 3117749186, 2511066087, 2690816606, 3654788845, 1053221878, 9918657, 383488470, 2278595150, 2841211333, 1370623518, 330257867, 737738288, 1546465185, 3582543130, 2103363784, 3996078239, 4062373693, 341953514, 2611799726, 4203639886, 1654372217, 3556914894, 3178635044, 274848916, 549769048, 1627381582, 1714206301, 2256011733, 187559701, 2149893739, 1714345131, 527798674, 1047680723, 1987623871, 2233563500, 386097534, 1994836927, 677376415, 1324855441, 1177421262, 1863079889, 2496897889, 1591827090, 2121424528, 543755254, 2992652569, 2424873714, 211738159, 932521251, 2880279891, 1253032398, 3823745560, 3891576392, 1416104243, 1896242827, 1970330357, 2088619668, 1578815612, 2374536175, 1349648507, 1443736073, 3973968235, 3082555953, 2420718881, 1502943751, 4175926952, 1106666260, 2469235741, 2526433455, 3177906657, 3975793082, 3467325591, 406885221, 2172533844, 2597911219, 4144864635, 2946013071, 1117099149, 179040471, 1929362690, 1242427297, 2374785828, 1816343411, 142148340, 4241587556, 4247059417, 2893628223, 774947600, 34863260, 748774243, 203593336, 3232956901, 2940518189, 4032888326, 2844427148, 3567476820, 1546748664, 738065473, 954483158, 1264281776, 4256380937, 2059926265, 3951360800, 2298940174, 597784966, 2909188537, 2784651150, 1737147015, 2539575443, 138846209, 2933748412, 123226086, 180601896, 2850097243, 1675178496, 1145768534, 371006548, 3858617799, 1793524213, 523477833, 648779169, 1951499240, 178345487, 2889078655, 3604778743, 1219332365, 3730772840, 1708928748, 309312104, 4158400585, 3333492689, 3075982131, 2301448324, 2047413667, 2024075942, 525043884, 2290682520, 2327635783, 2057357316, 3712156684, 1147843599, 2254845624, 1221562843, 3634003752, 3813660306, 466238606, 115054817, 1597787314, 615062581, 3218575179, 385481212, 1202682479, 2772756683, 699190429, 456061185, 1527954928, 2896279009, 3306052628, 977727441, 3933592421, 170306388, 698334474, 2868136400, 3807355786, 2607535616, 3657381858, 2846000846, 52693930, 2755881318, 2308723739, 3220269305, 2647388711, 971218609, 2149780456, 776459265, 3729996732, 1768143272, 2211394523, 2820452275, 2718494925, 2650471217, 1141725819, 1454824821, 4285853539, 3772525045, 1668181593, 3983021282, 2943491555, 2395131980, 628335500, 1648428546, 4233170876, 3456576213, 1078816018, 2841215016, 1070853648, 268739946, 3476800054, 3639016454, 3163389974, 2346283757, 1987704508, 1213835084, 970753816, 2602682524, 3834002862, 1496021291, 749128025, 2144713167, 2735415320, 3778377892, 1000991457, 4261570572, 3867650475, 1913217961, 3854276273, 666082683, 3668073519, 3775626869, 3383897812, 1755667759, 2365158481, 2836833164, 2953347391, 3606760632, 68930925, 2473455362, 2198380410, 3334853660, 2353019382, 3835119116, 2653371077, 675467445, 1572549838, 3752968383, 2265688014, 2055274541, 3881185791, 3285471882, 1876094564, 147401458, 3437460457, 1654659293, 3229682592, 3878091284, 2755816739, 3851724006, 1878611366, 950834750, 2738596180, 1439130971, 1966202044, 3095953983, 3046655494, 285822069, 596782010, 87083476, 3887295683, 1374002297, 1484858411, 1520528657, 214937457, 2525453329, 3208960452, 3123367747, 3115210738, 1328454804, 2907838647, 1128485468, 2220260400, 2051144308, 2221627735, 1191072079, 997954770, 3124105811, 2588081809, 4291656056, 4210565187, 3433322597, 2416544557, 3360168558, 3676563579, 2798682933, 3116624104, 3802896086, 3651811099, 525956518, 3121710199, 1668501277, 3896171854, 4046933576, 3131409306, 656960262, 3581327684, 2654218545, 1672020979, 1309050919, 2105942304, 411396869, 3648230911, 3239330514, 2960881726, 3413858864, 3643440431, 4045468459, 835752849, 2672181837, 2460261182, 1998347517, 3905967695, 1716301880, 4101013521, 2881110954, 2500118680, 398740989, 4126311650, 1003914018, 609143695, 2020417696, 1286322992, 1347232609, 4045416292, 1602120505, 347070931, 3878575244, 1270883907, 803321855, 1352626186, 628620447, 3364294889, 1967989162, 4279398719, 1108879027, 3961486481, 1665042834, 3980441479, 785035109, 1430839698, 2192825287, 1347653590, 1273112721, 705625207, 1787331420, 3717096637, 71077425, 1933185836, 1789462682, 3320515052, 1121393413, 2409763783, 1446719733, 3744299395, 1170247980, 1359478988, 3747767213, 219101316, 3302826222, 3825739820, 4278706567, 1683278847, 3754273003, 1553867198, 1152231134, 2775696667, 2348607032, 2736273191, 2372236263, 4139150955, 110065106, 1063410516, 3244032009, 282649605, 2111948120, 2059503190, 496624115, 860164343, 412670731, 993559630, 1310027802, 10538117, 2356977544, 2555160129, 2068555500, 2626839491, 2664852155, 329465054, 2288015703, 1308941394, 3084477381, 3367570193, 2035064477, 1300749592, 2102719588, 2949131105, 3068853751, 3989707821, 4222585045, 4209801970, 454895826, 2128638776, 1702233056, 1037900389, 1955086799, 1060893421, 3760569906, 67752961, 1876275487, 4233367509, 2617756793, 86112493, 1344252941, 1555931631, 891251112, 999645087, 2398051132, 524256182, 4269442294, 1580402263, 2796935199, 3169702038, 3434767999, 4225662411, 1062772325, 368100984, 1746811631, 3563873076, 214017744, 3078031902, 2406153968, 2184176047, 1262096298, 1470761744, 3843288338, 2854874126, 3962973263, 2574780094, 3173989797, 3994310288, 2275886306, 3547910624, 4103280181, 2616708607, 2552771962, 3578844891, 2311747765, 3529755109, 3664653042, 1905612077, 4028010871, 3645539084, 174113935, 767648788, 3940655233, 470830559, 4290212868, 873318563, 1650099029, 1414212232, 3835613552, 3940068106, 1575979631, 251100642, 1384234697, 2329285305, 4128829714, 1370455363, 2876842280, 1886832575, 3838628855, 3971152684, 249392250, 797778545, 3141854289, 3320659535, 786648889, 2004174927, 1900917942, 997667097, 1975633939, 2528165958, 3655125550, 3422021857, 3746592255, 2779204986, 134702267, 1687900334, 489091301, 4254190918, 947451083, 3847721271, 1111334731, 698629024, 3201528731, 3466411423, 3552663119, 3307814812, 2017209669, 986442296, 4094480169, 3137628109, 610841985, 2046548895, 1395515262, 3576527513, 790376842, 2987739071, 2053855919, 953507642, 946958039, 831818124, 125), None)
Loaded weights: -1.5100786302450946, -6.301895462598158, -0.24229978858950618, 0.0, 0.0
events: 
  ----
(3, (3869495784, 1427010348, 2507723416, 1276060508, 1560227753, 3527375740, 1827663947, 4102161594, 3298987350, 1565938888, 2996970508, 2418453067, 3929967, 2603244475, 70846654, 148208297, 3394177343, 866801842, 3946974266, 3716576095, 4022583252, 28235329, 2031042863, 2792542810, 2878317293, 2498275853, 2776711727, 3606129412, 166350758, 942781704, 2372021092, 128391822, 2594985461, 1300596404, 31275306, 1817956032, 3186943389, 1761584151, 1621284973, 2673835813, 1044969519, 2409105384, 2506391488, 750292353, 171727477, 24886453, 4267853763, 842751879, 3485917716, 3626002222, 4146192280, 3710935099, 3068235114, 1561253564, 1922420100, 369061487, 3716513273, 3914181815, 2944899290, 3812382898, 1652194428, 3976705671, 4106346465, 1865699018, 2403445529, 1707757828, 3979604972, 1897142373, 1874653822, 1571048059, 2079563250, 476009975, 3654068980, 1766415569, 24820948, 987878054, 1510031315, 3805789519, 2744673699, 2538699190, 2680365117, 3963805219, 1182400041, 3353821051, 2720259391, 490674410, 1759653889, 4004413121, 4145930005, 3081484435, 1142925111, 3147414308, 2578131602, 1968565930, 1825989601, 3120728666, 1282718004, 2408637710, 1771243873, 4136957443, 912627950, 3466181514, 1034583240, 3144679072, 3648687095, 750745241, 2539622373, 769869924, 736212995, 2604031204, 1691584860, 714641018, 1695729099, 3880059188, 691086302, 1261200893, 2332233873, 974483995, 2761819866, 2145749284, 1020510154, 763475471, 1825624846, 4278889253, 3920130253, 723118966, 803560032, 783337577, 4070750591, 3573983977, 1906686570, 2201561195, 1652078993, 373288853, 1949441328, 4161722253, 4108140252, 3705143763, 3416363628, 2504422804, 2412017229, 3028319674, 1299624158, 3873340506, 3100492503, 156984646, 538643631, 1235923740, 472628143, 1198012434, 655270942, 1380271320, 3127837785, 329361042, 2104834047, 3906464171, 3963748008, 3836187598, 466574764, 3496764419, 169281811, 185096955, 1589490579, 3208235541, 1080133665, 2213334611, 712390474, 2884328213, 2389817777, 3571402699, 857548257, 1618706732, 3309074497, 3495224974, 4214055650, 642279607, 1005880645, 2821568435, 847558326, 846892867, 440951912, 609970586, 2517781868, 3708143093, 2385243947, 837036698, 3960333574, 3669598716, 3439549459, 1971330889, 1034896598, 2998798221, 1309316814, 3443782585, 1035017355, 2598953333, 2458665276, 3887363228, 745350610, 275014847, 4072615154, 151951605, 3955446208, 456637401, 1153498475, 4140964738, 2640834100, 385408653, 1140165514, 3503010535, 1114338144, 3484645028, 3766782916, 3756851614, 3735070619, 3251548857, 4287095370, 1974995266, 4131402652, 30469305, 1071688453, 3183209756, 1866377056, 1829102577, 2071559369, 1024494787, 3161243006, 2538555624, 1999369735, 2658557106, 3891886432, 2961448844, 1152260615, 3870460484, 3467298126, 1492817550, 3527872424, 1086641064, 1836637714, 789872347, 3921956045, 219075978, 2855525970, 807353864, 4043901428, 2949948536, 965363025, 3549546119, 235606551, 2102117475, 2049184038, 3604989679, 3125356555, 1589422327, 3586273368, 4102371220, 343706268, 4240818221, 1245840585, 13183322, 1645977837, 2323711983, 3937974714, 4136114531, 3525356031, 3943177431, 1384229300, 2866229360, 2719045904, 440145391, 1312793483, 3457654082, 2907300312, 3144749673, 653558018, 3669804796, 2841097963, 3130274968, 2983197642, 3794849293, 480039785, 1622440247, 3359241405, 460683610, 1050731899, 1786701661, 3811433798, 2890999459, 3257805657, 2154824501, 4158351352, 1111968799, 2915473853, 986070699, 2316961159, 3723439131, 4212559125, 2459253207, 4108374532, 4017660037, 2818106111, 1176229106, 1750598496, 1797373138, 3707714193, 1569931286, 4151824191, 2339364905, 3014338859, 1316727964, 3766148704, 3461391164, 1132058849, 3020306856, 2509407647, 3543207091, 2873490207, 1234125689, 3386549747, 1815488216, 4195236569, 3392409561, 2877758038, 1022231910, 1263313057, 1452424551, 484413961, 3597244901, 1699528717, 4152033962, 255221864, 821527570, 1214669299, 2047185325, 2996257427, 2137713093, 1513794724, 263122688, 4053653523, 1822700106, 2797686409, 1247005136, 218921222, 4182291351, 3960364966, 1773657695, 1362629443, 2315513674, 1845781992, 2291721159, 1437139717, 2286049672, 1559272516, 729927449, 2445919554, 452593102, 4115017529, 37144416, 1209052709, 280161250, 1640187206, 1751406127, 3918725927, 120994990, 3863015309, 1324180396, 3481949847, 1581801640, 2773051495, 1341051956, 1276082916, 1228389428, 3155380108, 2487421688, 3603289211, 2388698488, 415913200, 3809702752, 244477729, 3724036627, 2617252374, 483696337, 3942438835, 2439054226, 2140835770, 3786982868, 3453070954, 2382672101, 3743520108, 559615791, 1531800299, 3208320204, 1390459674, 1314011773, 1601314807, 1141983476, 2285810623, 1112075914, 2510695038, 2324742802, 1414829162, 329020851, 307562000, 1131356769, 4118771326, 1628472117, 415355873, 3428499503, 3431422140, 672774560, 3821458789, 459401846, 2220183738, 2357707887, 2189696483, 2831085835, 2149421313, 3694628252, 1935605402, 3634431799, 2215755302, 3744956970, 931691149, 3786021152, 1149535307, 2041578503, 1525022963, 542489299, 871881348, 3056078929, 2417520321, 2029415739, 3498559002, 743034715, 778620223, 3041005257, 1133834961, 1912364326, 861656410, 1853677796, 4154636699, 1427368203, 2089126418, 2233561759, 3543761154, 239374362, 2933383726, 1317007308, 303236608, 2706587661, 1201771320, 3811058165, 1429818152, 9771497, 457213452, 1114617769, 700046899, 1022332583, 2300122650, 1912249930, 3292991154, 919205907, 3324194738, 542254861, 4133150646, 261658244, 126910141, 1602080196, 1267288520, 2287816229, 1109076510, 394414568, 1157001560, 2405442043, 3185497688, 744341880, 4143683121, 1071276602, 509308323, 1710432551, 3169791773, 2525334193, 3946060350, 2916760135, 765526768, 1957881445, 1034545777, 4125089995, 170606411, 2147247328, 3943979844, 4113175026, 1917897290, 1421862512, 2147079055, 3753151078, 2373817553, 2556175881, 2277901101, 812744108, 3698555968, 2752544831, 669578155, 1291405690, 2623003156, 2405794296, 1826384738, 3739295053, 2405156862, 753303560, 1711490083, 1932423442, 1427037889, 3516325046, 733420366, 1633860449, 115690140, 3351886049, 2571835072, 52752877, 2649000350, 1561416548, 108486834, 1242688460, 633559551, 4000278224, 1807400853, 2693746529, 159651113, 1466253595, 2637205286, 1454204481, 65382493, 136465631, 1871212051, 1963972294, 1149489056, 1300067272, 3831927462, 85527433, 2948447399, 3525835495, 187583675, 3470326986, 1650083569, 4216542074, 958583007, 354262049, 2257063046, 1813525595, 1273245230, 144638672, 1060001175, 4288588236, 43700165, 693689008, 81516824, 3537628397, 3234779199, 626095242, 2613545956, 328514295, 332376131, 2248310332, 424566026, 1575336076, 3148129402, 2568680587, 2304613726, 2770962547, 3547145939, 3728815902, 484150234, 2798085803, 2373472699, 3729525331, 352016964, 782597004, 2040354806, 1229720784, 3400670233, 984030310, 1822652504, 2989005060, 2365122183, 3434769618, 3947676698, 2948223493, 3403039447, 3509967228, 2206536957, 1168685915, 1169490831, 2741252992, 2730173447, 1407836743, 490566281, 2432989286, 2071598179, 730369825, 2861296731, 334569153, 633593148, 3772525450, 4156649136, 2297652787, 599680003, 1827144174, 2118123807, 267022798, 2349135502, 3700709617, 624051949, 116212853, 737275381, 4139219667, 2462384828, 214135342, 1060702156, 3067979410, 1379440096, 3661764675, 1557859378, 3144637259, 410), None)
Loaded weights: -1.6068619092897627, -6.301895462598158, -0.24229978858950618, 0.0, 0.0
events: 
  ----
(3, (684709660, 2669298482, 3969340220, 3810767713, 981714957, 4247408362, 2033066044, 2536386773, 263956817, 26264039, 490808789, 361894868, 3162776738, 2715439418, 2248402941, 947545338, 3578980406, 3072662526, 1601534075, 4160507627, 99112547, 3604082386, 3415764506, 1222565775, 206268403, 4232080197, 2329054370, 7447448, 1705565827, 1549210945, 1669740436, 2812887201, 3505050379, 2432102996, 1323010651, 1467286539, 3242110351, 2268139990, 602210692, 2243444249, 1982881490, 2045373114, 2703759099, 1806967934, 3433465742, 3669760300, 1161063811, 4107989000, 1649714061, 3578203618, 3119476494, 1231274165, 3486788435, 2129360378, 1893672477, 3807593739, 3980099437, 1283672673, 871472112, 1485103117, 2472863035, 1785809205, 107002159, 1525640161, 1143787665, 4038776388, 3251674080, 3246696073, 3091333990, 980004932, 3361396704, 1735335090, 1710313618, 1118205044, 183673019, 4043202158, 654528387, 1964659798, 1744141731, 538097392, 3505634804, 3832488552, 3741847109, 1962307933, 3625584324, 1179497185, 59094520, 3475463589, 3060763379, 3333327157, 3893575001, 1191094786, 89559989, 1148705387, 3895153887, 342529744, 1400345847, 2453202912, 2113290680, 3595524262, 3205561292, 3641916745, 767984380, 700877156, 1799850924, 3041887366, 436792648, 279951050, 2197729162, 515223500, 3417135728, 618272196, 524550290, 849073612, 3484480307, 3381126742, 362075492, 972560419, 512786419, 411866489, 1208079161, 2938339143, 2779321504, 1882718503, 144549599, 293981570, 3292610343, 2241508767, 501515131, 325608096, 941321099, 3786471742, 3312584206, 2804515262, 4087528792, 2039166771, 4282842345, 173582117, 1068297228, 2590590041, 389893397, 2195573449, 913716644, 1792273683, 2525644868, 2183887411, 3926762820, 4115082233, 3639037811, 715490000, 1010777677, 45563509, 633923346, 3965060366, 2784773850, 1225697987, 2379046955, 1333616915, 2556844142, 3638095182, 1314353487, 1989720361, 2747605343, 1660944171, 2339007745, 1190441958, 184509289, 3346936077, 2927799222, 2065860181, 2837918749, 852169121, 3439590196, 2935723938, 342733722, 2552854951, 735645101, 3560573664, 1585052973, 434071664, 1015598913, 1922330944, 3200671477, 347036499, 1649740075, 1520798427, 3748940282, 1936848977, 796054441, 4120602225, 804118812, 2916288944, 1855754367, 1146432103, 3520363326, 217260817, 3502115278, 4102928110, 3268632775, 610460912, 1284211907, 1318829187, 4280017426, 300098097, 681054976, 1802512934, 849933331, 3594234741, 966659999, 1116462515, 1261550268, 235029757, 1612509441, 2052855196, 628863346, 1525790664, 2083602644, 282195003, 794278992, 339601377, 303989920, 1218860156, 425191349, 4136409947, 1573056253, 1122849421, 4039704383, 3394411712, 2418109803, 2674651020, 3143744679, 3252450769, 3463646152, 511394459, 4216552338, 647507589, 1643292723, 738020060, 2601557094, 292467227, 3881647103, 2467956948, 1618344958, 3990252748, 3771681218, 2595809804, 1195122039, 3689246647, 1904000060, 4136265353, 4206464039, 3362210601, 169250785, 2687734926, 2050177106, 798399437, 4215096712, 2679080239, 2815284236, 2028975010, 213827964, 998758022, 3040458853, 824592815, 1807593314, 1252382046, 2429789729, 658043482, 2919190674, 524253153, 1287645919, 2583852898, 504111303, 374222082, 3649344374, 2952251431, 2282559406, 3775435499, 2708674412, 412283448, 3619289534, 3452660892, 2940860838, 1801698575, 3769927952, 40334675, 2544157571, 1803239496, 3007445104, 2106395347, 2730786097, 3418827920, 886143438, 1574251004, 914063451, 1556215091, 3928726640, 2989145826, 2312895535, 2936377650, 564895245, 1054777611, 3312353287, 2423546388, 466875485, 3309710051, 4239259195, 271489470, 2203251750, 4013252981, 333324483, 548297323, 1548660277, 3494135784, 1068985123, 2059782051, 996251734, 1442242431, 820361582, 2706980358, 3093654872, 3186153972, 1243452515, 4024005752, 544819596, 3935385699, 1685267595, 1421749013, 3803102236, 1784525512, 834489197, 3598453642, 289799311, 2588671198, 4128404215, 2950953432, 425908300, 1785398950, 1384647905, 2502694665, 1471295780, 3375812528, 1814761282, 1670642359, 3559606227, 2936325773, 495805148, 1057219021, 845659771, 1450518013, 1947807203, 1726343421, 2639108817, 3433422214, 3370628984, 3192857656, 1383268624, 2233175110, 3924397263, 4120093869, 169024118, 1583582228, 974137700, 1433287664, 1831737075, 2170648472, 4115493901, 2626767353, 3844776147, 275876054, 1313354505, 2290346882, 3356163919, 409468838, 2994174277, 2491573515, 455883616, 3799955714, 3041110947, 1808329241, 993327801, 160079324, 29240074, 4060096502, 2141258745, 4270755675, 114427363, 566737913, 3208482401, 392897781, 2103604557, 3793367180, 4174716423, 3159284813, 3849753975, 865419958, 436662544, 2750685474, 2005102824, 2804527361, 1044192676, 491204754, 546723912, 291944082, 1035664293, 3406930946, 2801449144, 1523278623, 647540112, 372081816, 1495248488, 1618977142, 2247022643, 121567188, 3190173707, 4134841334, 2608898239, 1447206481, 411777780, 747917164, 734980978, 320403111, 1009135489, 737475380, 1365050418, 1990774881, 2906687814, 1433430401, 3431400564, 773809581, 4103119987, 14413837, 2757524820, 3163824723, 1435638990, 3244082728, 2054550304, 1385975825, 960246927, 3267697939, 2312982982, 456750203, 3244932696, 363692117, 1475591222, 943476039, 1929515015, 454494112, 3238479013, 2055679529, 1578122110, 928926569, 3685707430, 4251499577, 1919809483, 502608557, 404002816, 3219994538, 3105962740, 3964701841, 3692498509, 3628264523, 4021915100, 1524615144, 1815151006, 30413799, 1053840633, 3264847643, 238821145, 24669937, 3860285496, 3266605422, 67127854, 433288795, 2378927883, 3540633595, 2842122132, 1822198313, 1670800229, 2372511920, 1920590089, 262747469, 3765646897, 2918040816, 1023297218, 538022379, 3674796824, 3500404230, 75097334, 2159252935, 1270038870, 311806535, 1627006566, 908590905, 149075817, 1917397541, 3390690362, 2522110870, 3258632628, 808820455, 3712933314, 326654588, 2307615898, 2250701476, 2797228567, 3609010909, 2934623297, 2417236545, 2612538520, 88140648, 1391756678, 1396397743, 715922184, 3263122980, 3267538215, 2956156222, 3345049212, 3999397457, 324920505, 975387905, 861765710, 893399042, 2043216085, 1640136784, 2233273738, 1695421242, 642418269, 4234224710, 2355409241, 3421947796, 1646944747, 2200539308, 1482669139, 1382117869, 715748061, 2702382070, 3381385361, 569207184, 4213862256, 3533226169, 543099460, 3811114401, 1571404230, 3544452081, 1751086786, 4118569438, 853491913, 3139529499, 1391227654, 1877967732, 3952538896, 2800145304, 3579735173, 3157717942, 1074939469, 3770896528, 3661165665, 3369243565, 2228531663, 480655741, 1250496890, 1727862281, 2900543174, 1439037129, 1150933728, 1331322588, 1084874131, 320667531, 44743510, 2627022068, 213082424, 2588312126, 628081927, 3258579678, 3375191099, 2014974809, 1093113915, 1222084120, 1111748245, 555492354, 2448839605, 4273343316, 2807785658, 2366096012, 3813063215, 2622484162, 994458992, 4134570946, 922312874, 3805942725, 2930955906, 3606849515, 2429775448, 1025005265, 1819084805, 1924966728, 418624741, 2868742631, 72293581, 1145551293, 3365388313, 2694223835, 2766958798, 1624017976, 1057995460, 2106861949, 1572661998, 2635877097, 243246395, 129781837, 88259409, 3023081552, 1693490622, 2317501382, 2207561295, 4133424959, 1359650274, 1660876459, 4185187269, 2445890807, 140992691, 2333807470, 3073007564, 1314986654, 310), None)
Loaded weights: -1.881080981804317, -9.372172753195684, -0.24229978858950618, 0.0, 0.0
