Starting iterations: 50
(3, (202255187, 521689038, 785865148, 2671056344, 1348967349, 920121278, 2099363250, 1711807660, 543723018, 1846250908, 1873882484, 3603192689, 2496211945, 3228005907, 2090881629, 4190762759, 550242641, 3687688864, 4275225321, 3916276146, 156608934, 2180355940, 2587184913, 2465616219, 2332761802, 3181490778, 1729501663, 3231557661, 1916124932, 3743510357, 1078051914, 629997665, 1292609989, 4015213354, 2951436227, 3393266711, 855371923, 3149739348, 2788553927, 4096452276, 482023392, 3736025329, 1280731209, 803652415, 1119697099, 3182492720, 2067577112, 569457131, 988946386, 203202377, 2675853046, 1325497031, 1393661893, 3069592499, 2372974349, 3277736703, 96204209, 3873987651, 2093279516, 1081972992, 474085942, 3727988351, 1080138743, 748661033, 3662491526, 3062278726, 264069389, 4098529518, 3535275558, 864277758, 1193920911, 2891046178, 3314494639, 989691439, 1672927238, 1209899521, 42168661, 3649540732, 4126817171, 2932291073, 3290869641, 858683773, 2588550429, 2678651858, 595904337, 3480339573, 1625311847, 1040869820, 129611707, 3673026543, 2172446257, 1431132879, 3107698086, 3101395522, 899369223, 1112028681, 3663152567, 3150920753, 2049460114, 3102458215, 558982705, 2749365583, 2121455815, 1872540173, 3634606228, 2106070610, 1602382941, 1241587231, 797664304, 2462634668, 3503300396, 1717418740, 1375516859, 2034752945, 1384956112, 4065352500, 720466644, 404271474, 2641700954, 3983362226, 3385419885, 3054493341, 1775078684, 2319682843, 4064154608, 2964985334, 659607355, 2700867815, 3139464678, 637488795, 1186585357, 2903877346, 1967592901, 1400272329, 3027978165, 3817008337, 2087012028, 4022541967, 3320162880, 994576854, 3842452036, 1740444950, 3440895766, 1799569464, 1017737481, 2888637323, 2839470631, 3798073925, 4193086364, 161999396, 878285874, 3759033037, 4183741774, 1995886630, 2864182961, 2435749178, 1085806893, 892495018, 3951123432, 208992804, 1469702512, 782297921, 1630932755, 2032200341, 690408833, 1491053850, 4012203312, 786894004, 917872139, 3791299130, 1153562109, 3012788484, 1490791639, 228021406, 243344532, 2557311184, 2356024019, 3836067532, 367539100, 1598167331, 1764136925, 1042117551, 3556132346, 2242785242, 3666790514, 1825797167, 2686791129, 3933674097, 795370070, 4037015893, 3701147649, 3323894448, 1915431199, 1953555305, 2099337195, 4111590468, 4243792616, 3280039905, 1482771988, 929272559, 2701024588, 2564273382, 3114749399, 3581396061, 2023120446, 247107700, 2024673344, 2084748387, 1159392138, 512512832, 2574156011, 2469921200, 1282964997, 364609068, 3369559798, 207225058, 219282514, 1326378524, 3849224120, 2159026775, 1479272264, 2443402389, 4023866254, 1267082144, 3293387191, 3809544510, 977658728, 2823730614, 857776605, 4092967297, 1119888360, 1873844198, 3880260826, 418315417, 1144110489, 3856210474, 4134879556, 744345999, 1396004576, 3881405065, 3618929340, 1927314845, 1550114089, 2789966481, 4088369808, 2373518115, 1819458634, 912207094, 3985273073, 1586137234, 1726742727, 1592364801, 4114902622, 3752702245, 493142217, 561760191, 1657786268, 3032969065, 3319157214, 1498752218, 186496825, 530240795, 562185320, 2129117518, 1253507260, 49873417, 372212663, 64170331, 2513545653, 3588921198, 871751301, 2460984828, 2497610411, 2225389924, 841244299, 673366521, 1553071094, 3599497474, 614203216, 2845255438, 3108960343, 1266775871, 4097410245, 2094872212, 3309932176, 399040161, 1416445669, 4147560209, 2991705243, 689016202, 2589779563, 2964871125, 2770762193, 4080448983, 3254585948, 4157303673, 1724606532, 1437478006, 157639074, 2624600315, 2221870026, 3487554326, 1503200649, 2221329924, 20741955, 3327668408, 2588538204, 1671022409, 665245429, 1163411719, 3995016503, 3108184346, 3620943930, 3987161474, 1055983326, 3655266153, 3375635868, 606096685, 501207444, 2567098117, 4126578614, 3188846012, 2806668553, 2934792125, 499930623, 689516769, 194845497, 379755515, 2968992232, 1606794203, 659044185, 801171706, 1089198253, 3633817695, 1108442085, 729764987, 1749750741, 1978347606, 659402622, 1530606629, 934193094, 2896959982, 1075372339, 3482393875, 1150310445, 3012735546, 667059519, 3097010293, 1213984516, 1821792137, 974553884, 3095629830, 2025051624, 1645974687, 1391878126, 4156235473, 141013594, 795184298, 1273450966, 1458224283, 1070468913, 883717197, 2815479230, 2358321826, 1704816028, 97760835, 1852620867, 3632934162, 2305421665, 2724486935, 3002699230, 3005589655, 3801067610, 245750379, 90697234, 230971535, 3893525850, 3625483960, 2331545009, 4177831009, 4176446216, 16153900, 3765011175, 3364107869, 2598383228, 1111998349, 1084835243, 3534974957, 2668283821, 4201150082, 1324965920, 2692549580, 3240391054, 2200497912, 901158932, 539802755, 3514795841, 536553673, 1465562369, 2967819008, 1515518372, 1731226841, 3840213487, 522568209, 3724569887, 2287187259, 76149936, 2716085090, 882593071, 2870848467, 2532532840, 1450611775, 3097797411, 3878791303, 3895196589, 1576553963, 572370503, 3262116571, 149201106, 526473840, 2379970522, 2297891647, 3268934229, 406152905, 2188128234, 3541446872, 2397588217, 375812639, 2086770055, 2101751043, 1611571520, 3523155854, 3619249023, 2824426150, 1977701766, 2467558008, 1805006554, 3810126509, 3878482471, 428241810, 4033915014, 3831022672, 4040927461, 3663569163, 2616293975, 358487449, 684004359, 3408706568, 2383565212, 2437268645, 3567276523, 601417190, 2325245307, 3908857540, 739937671, 2116152448, 1494209746, 3019025204, 2702108606, 1067404726, 2672339261, 2350193644, 4263313540, 2253388563, 4173948179, 3262677654, 1601108020, 3376898065, 854475002, 733294479, 2830428410, 616461372, 1610129261, 444581178, 3382803115, 2066230262, 3574543693, 1357650780, 2142928692, 1389164117, 43080884, 882439033, 2507999664, 1888840374, 437807618, 1684061592, 728603982, 933626834, 3901468625, 1590281371, 3301867641, 1376066292, 3700063861, 1573695394, 2685462199, 2945744214, 2010884218, 3309758051, 1605714410, 2245696306, 2424141050, 3433703017, 1084322224, 2266431197, 1255896803, 4208387417, 2138453345, 240711369, 3152613057, 1895983455, 3762937773, 813971566, 4163203453, 3876504394, 1312083729, 2947314331, 3268784854, 2258564367, 2919900814, 3499145760, 2260128747, 3608635550, 1396608304, 1998307199, 1746701464, 3100163208, 3760184757, 1046540818, 1363732836, 32125361, 1590381392, 2144454849, 1743833832, 3194225437, 2805761479, 425882911, 3870971928, 3665120420, 2034010406, 2946921479, 1300159689, 1637060137, 379108619, 226944743, 1687100891, 3190047644, 65088659, 2708261021, 4115898602, 2831547221, 1037089696, 457843465, 882428306, 3796939594, 1439470909, 1817059847, 1708453248, 478502135, 2197728517, 2102921505, 1097205042, 2408918186, 1130280678, 1164296679, 1808027145, 4252522867, 2639746414, 2167914333, 1553594373, 3586569048, 2448096079, 1214408891, 854192689, 2503022695, 4123812374, 3898985531, 113356641, 2005076194, 830754211, 2516686697, 450557229, 127358553, 3978991611, 1896127491, 3975782675, 393477981, 2905922184, 1300023660, 135340585, 1821925525, 2159640655, 1347704187, 579900055, 1427872690, 1138297032, 582824771, 3069272657, 2236063770, 228041325, 3664972207, 487867866, 2633481160, 1662565034, 1828541495, 4225410034, 1778655076, 2288334594, 2030145736, 3595124312, 1621687017, 2456771591, 3896355, 302255345, 2874691417, 2283645154, 3809604565, 3398011630, 2557165465, 2748718836, 2329723954, 3387228682, 4198173190, 1490773665, 242229815, 1), None)
Loaded weights: 55.836702578749126, -22.95002563697137, -0.5228910848586548, -0.8064601951342434, 4.193539804865757
events: me found the exit, 
  ----
(3, (202255187, 521689038, 785865148, 2671056344, 1348967349, 920121278, 2099363250, 1711807660, 543723018, 1846250908, 1873882484, 3603192689, 2496211945, 3228005907, 2090881629, 4190762759, 550242641, 3687688864, 4275225321, 3916276146, 156608934, 2180355940, 2587184913, 2465616219, 2332761802, 3181490778, 1729501663, 3231557661, 1916124932, 3743510357, 1078051914, 629997665, 1292609989, 4015213354, 2951436227, 3393266711, 855371923, 3149739348, 2788553927, 4096452276, 482023392, 3736025329, 1280731209, 803652415, 1119697099, 3182492720, 2067577112, 569457131, 988946386, 203202377, 2675853046, 1325497031, 1393661893, 3069592499, 2372974349, 3277736703, 96204209, 3873987651, 2093279516, 1081972992, 474085942, 3727988351, 1080138743, 748661033, 3662491526, 3062278726, 264069389, 4098529518, 3535275558, 864277758, 1193920911, 2891046178, 3314494639, 989691439, 1672927238, 1209899521, 42168661, 3649540732, 4126817171, 2932291073, 3290869641, 858683773, 2588550429, 2678651858, 595904337, 3480339573, 1625311847, 1040869820, 129611707, 3673026543, 2172446257, 1431132879, 3107698086, 3101395522, 899369223, 1112028681, 3663152567, 3150920753, 2049460114, 3102458215, 558982705, 2749365583, 2121455815, 1872540173, 3634606228, 2106070610, 1602382941, 1241587231, 797664304, 2462634668, 3503300396, 1717418740, 1375516859, 2034752945, 1384956112, 4065352500, 720466644, 404271474, 2641700954, 3983362226, 3385419885, 3054493341, 1775078684, 2319682843, 4064154608, 2964985334, 659607355, 2700867815, 3139464678, 637488795, 1186585357, 2903877346, 1967592901, 1400272329, 3027978165, 3817008337, 2087012028, 4022541967, 3320162880, 994576854, 3842452036, 1740444950, 3440895766, 1799569464, 1017737481, 2888637323, 2839470631, 3798073925, 4193086364, 161999396, 878285874, 3759033037, 4183741774, 1995886630, 2864182961, 2435749178, 1085806893, 892495018, 3951123432, 208992804, 1469702512, 782297921, 1630932755, 2032200341, 690408833, 1491053850, 4012203312, 786894004, 917872139, 3791299130, 1153562109, 3012788484, 1490791639, 228021406, 243344532, 2557311184, 2356024019, 3836067532, 367539100, 1598167331, 1764136925, 1042117551, 3556132346, 2242785242, 3666790514, 1825797167, 2686791129, 3933674097, 795370070, 4037015893, 3701147649, 3323894448, 1915431199, 1953555305, 2099337195, 4111590468, 4243792616, 3280039905, 1482771988, 929272559, 2701024588, 2564273382, 3114749399, 3581396061, 2023120446, 247107700, 2024673344, 2084748387, 1159392138, 512512832, 2574156011, 2469921200, 1282964997, 364609068, 3369559798, 207225058, 219282514, 1326378524, 3849224120, 2159026775, 1479272264, 2443402389, 4023866254, 1267082144, 3293387191, 3809544510, 977658728, 2823730614, 857776605, 4092967297, 1119888360, 1873844198, 3880260826, 418315417, 1144110489, 3856210474, 4134879556, 744345999, 1396004576, 3881405065, 3618929340, 1927314845, 1550114089, 2789966481, 4088369808, 2373518115, 1819458634, 912207094, 3985273073, 1586137234, 1726742727, 1592364801, 4114902622, 3752702245, 493142217, 561760191, 1657786268, 3032969065, 3319157214, 1498752218, 186496825, 530240795, 562185320, 2129117518, 1253507260, 49873417, 372212663, 64170331, 2513545653, 3588921198, 871751301, 2460984828, 2497610411, 2225389924, 841244299, 673366521, 1553071094, 3599497474, 614203216, 2845255438, 3108960343, 1266775871, 4097410245, 2094872212, 3309932176, 399040161, 1416445669, 4147560209, 2991705243, 689016202, 2589779563, 2964871125, 2770762193, 4080448983, 3254585948, 4157303673, 1724606532, 1437478006, 157639074, 2624600315, 2221870026, 3487554326, 1503200649, 2221329924, 20741955, 3327668408, 2588538204, 1671022409, 665245429, 1163411719, 3995016503, 3108184346, 3620943930, 3987161474, 1055983326, 3655266153, 3375635868, 606096685, 501207444, 2567098117, 4126578614, 3188846012, 2806668553, 2934792125, 499930623, 689516769, 194845497, 379755515, 2968992232, 1606794203, 659044185, 801171706, 1089198253, 3633817695, 1108442085, 729764987, 1749750741, 1978347606, 659402622, 1530606629, 934193094, 2896959982, 1075372339, 3482393875, 1150310445, 3012735546, 667059519, 3097010293, 1213984516, 1821792137, 974553884, 3095629830, 2025051624, 1645974687, 1391878126, 4156235473, 141013594, 795184298, 1273450966, 1458224283, 1070468913, 883717197, 2815479230, 2358321826, 1704816028, 97760835, 1852620867, 3632934162, 2305421665, 2724486935, 3002699230, 3005589655, 3801067610, 245750379, 90697234, 230971535, 3893525850, 3625483960, 2331545009, 4177831009, 4176446216, 16153900, 3765011175, 3364107869, 2598383228, 1111998349, 1084835243, 3534974957, 2668283821, 4201150082, 1324965920, 2692549580, 3240391054, 2200497912, 901158932, 539802755, 3514795841, 536553673, 1465562369, 2967819008, 1515518372, 1731226841, 3840213487, 522568209, 3724569887, 2287187259, 76149936, 2716085090, 882593071, 2870848467, 2532532840, 1450611775, 3097797411, 3878791303, 3895196589, 1576553963, 572370503, 3262116571, 149201106, 526473840, 2379970522, 2297891647, 3268934229, 406152905, 2188128234, 3541446872, 2397588217, 375812639, 2086770055, 2101751043, 1611571520, 3523155854, 3619249023, 2824426150, 1977701766, 2467558008, 1805006554, 3810126509, 3878482471, 428241810, 4033915014, 3831022672, 4040927461, 3663569163, 2616293975, 358487449, 684004359, 3408706568, 2383565212, 2437268645, 3567276523, 601417190, 2325245307, 3908857540, 739937671, 2116152448, 1494209746, 3019025204, 2702108606, 1067404726, 2672339261, 2350193644, 4263313540, 2253388563, 4173948179, 3262677654, 1601108020, 3376898065, 854475002, 733294479, 2830428410, 616461372, 1610129261, 444581178, 3382803115, 2066230262, 3574543693, 1357650780, 2142928692, 1389164117, 43080884, 882439033, 2507999664, 1888840374, 437807618, 1684061592, 728603982, 933626834, 3901468625, 1590281371, 3301867641, 1376066292, 3700063861, 1573695394, 2685462199, 2945744214, 2010884218, 3309758051, 1605714410, 2245696306, 2424141050, 3433703017, 1084322224, 2266431197, 1255896803, 4208387417, 2138453345, 240711369, 3152613057, 1895983455, 3762937773, 813971566, 4163203453, 3876504394, 1312083729, 2947314331, 3268784854, 2258564367, 2919900814, 3499145760, 2260128747, 3608635550, 1396608304, 1998307199, 1746701464, 3100163208, 3760184757, 1046540818, 1363732836, 32125361, 1590381392, 2144454849, 1743833832, 3194225437, 2805761479, 425882911, 3870971928, 3665120420, 2034010406, 2946921479, 1300159689, 1637060137, 379108619, 226944743, 1687100891, 3190047644, 65088659, 2708261021, 4115898602, 2831547221, 1037089696, 457843465, 882428306, 3796939594, 1439470909, 1817059847, 1708453248, 478502135, 2197728517, 2102921505, 1097205042, 2408918186, 1130280678, 1164296679, 1808027145, 4252522867, 2639746414, 2167914333, 1553594373, 3586569048, 2448096079, 1214408891, 854192689, 2503022695, 4123812374, 3898985531, 113356641, 2005076194, 830754211, 2516686697, 450557229, 127358553, 3978991611, 1896127491, 3975782675, 393477981, 2905922184, 1300023660, 135340585, 1821925525, 2159640655, 1347704187, 579900055, 1427872690, 1138297032, 582824771, 3069272657, 2236063770, 228041325, 3664972207, 487867866, 2633481160, 1662565034, 1828541495, 4225410034, 1778655076, 2288334594, 2030145736, 3595124312, 1621687017, 2456771591, 3896355, 302255345, 2874691417, 2283645154, 3809604565, 3398011630, 2557165465, 2748718836, 2329723954, 3387228682, 4198173190, 1490773665, 242229815, 332), None)
Loaded weights: 56.602717083943574, -19.06669658424407, -0.5228910848586548, -0.8064601951342434, 4.193539804865757
events: me found the exit, 
  ----
(3, (276235054, 1076959711, 3212827116, 2876212385, 2086378246, 3665157942, 740412487, 3459525146, 3210114037, 860971530, 328119813, 3891750916, 1378263045, 1907096473, 4087013219, 1909069652, 3403120087, 239741446, 693017906, 1723300500, 3264559465, 3707156357, 3474113026, 3361667263, 3592933906, 676611685, 2708668952, 4218876008, 1703819181, 4006127836, 2645050096, 3287085498, 1257212054, 2935208574, 769078618, 399250409, 3045574668, 3220381498, 3909517602, 634109226, 1430701578, 403666652, 2541593298, 1210483772, 4202740296, 2370172009, 1403882785, 2257089982, 2321083106, 662321020, 899985844, 1049766561, 322327971, 185645746, 3682562118, 1364010876, 1115746362, 1383659785, 1579098112, 1462708681, 98586836, 1479973530, 2966956541, 2993569534, 3612757711, 550174941, 3161110372, 2442487296, 2612619497, 3857886252, 3748630144, 3374409330, 4022542407, 2574222585, 2578975203, 3350304536, 918293508, 710203325, 3041067049, 773116502, 2423494461, 3952598373, 488147900, 3394998211, 2317918620, 2080742492, 1871732328, 2160853248, 3491691184, 4074462857, 3288866410, 4095112450, 44302778, 118199333, 3928600879, 1755933809, 2569240933, 3708077438, 719924538, 3195775933, 1302439963, 3112475990, 723284715, 3157044400, 2993564992, 4134074177, 991871245, 1562297595, 4088564751, 387857143, 2104896435, 169861699, 3567859544, 3373252549, 162272756, 2908604439, 3942816755, 1083071292, 3642414786, 1060746815, 1150397086, 3672956928, 1287244914, 4289321491, 2404016741, 2577291890, 4268684243, 898415211, 1933552410, 1514897644, 686432611, 3001275225, 2975447946, 3724433493, 2534936182, 432171446, 277691525, 3318632679, 1153855988, 3560557882, 2846606895, 1605860013, 3657946139, 3391280274, 4002263859, 3675225287, 3854522138, 410626069, 4210538126, 432924298, 140729636, 2315045453, 3552482118, 2978213927, 1407019412, 3452728795, 4173955359, 1611413705, 712269589, 1310203192, 2463996296, 728570451, 3636513972, 3439186733, 2751134247, 1959532670, 303450045, 3918934483, 3448047726, 1715412815, 2566815711, 2851905201, 3540850967, 2527750405, 1146410195, 3990244231, 3882075905, 3208149976, 1590456437, 2874823760, 4052025834, 411004766, 3570827396, 2006814996, 3908459665, 1680912840, 2637668836, 3142422584, 3056907048, 1517416023, 779322420, 3893102201, 3483935230, 656513893, 1792845657, 1558774755, 2916326557, 803844034, 2684635883, 2794343671, 3375135337, 3360470105, 700472158, 1633643205, 2611672050, 1599058570, 3419716313, 3646412343, 1698838212, 500877224, 815632400, 696103301, 1786070527, 3053776764, 1175876690, 344781528, 2363439191, 3131742014, 977359393, 2795272522, 162668812, 3560814387, 4011840994, 1925922318, 2343800473, 100243221, 441940204, 3505382175, 3770906048, 3726624792, 2629291858, 1342148971, 252318117, 2536612436, 4242056975, 3295466327, 4235672082, 974396789, 1297292703, 972856667, 2446554504, 1151336744, 4226246339, 3003167903, 3523091272, 1601684247, 2107174127, 1834529230, 3014915020, 1701606078, 2116194272, 3968197949, 3733597736, 1992938147, 1925423976, 1424609379, 1839443895, 4282608159, 2940625879, 3597263829, 943087660, 1024857966, 683668302, 2430355538, 663170785, 2065297446, 3173685592, 3332809231, 1929002347, 1469054287, 1097946818, 703024066, 3474429147, 2478248635, 194094493, 2752517913, 205507581, 1743343132, 710523174, 3600390487, 4158173682, 2020279035, 790871094, 1612986226, 2157192838, 3978366893, 4122789534, 3317696070, 213802079, 620685847, 1933223371, 483246840, 3227052777, 3700699722, 1937269603, 3906788555, 3475356183, 3688709713, 1578224336, 2918491554, 4269828466, 1820081144, 3313692698, 4012540794, 158912481, 4167563911, 3335553325, 447237272, 1345539385, 3005199864, 2532974414, 3787537793, 181812381, 820567303, 892061291, 3028612222, 969132224, 3404199584, 1637851743, 2019510881, 1476616955, 545533812, 2799137648, 1322064709, 1350626769, 3056537721, 740447903, 1440363759, 1332670564, 2712721816, 2882328781, 185823689, 1126929329, 3273575456, 3517570585, 1587524922, 770417372, 1859189772, 3196766350, 3481167035, 3747197746, 4037596594, 329119297, 272762682, 1497825825, 334701698, 3128776410, 549215516, 1974434587, 1370656252, 3823637008, 4078143633, 832250082, 3608534052, 2539226588, 923562551, 1308182201, 219777416, 10370507, 934677709, 1587597996, 2230347945, 1602943207, 1648593483, 1580153625, 3942162698, 4168932275, 1947700800, 2542659065, 2205881076, 179875846, 2680843038, 89465133, 3876364307, 2274571405, 3472787491, 1975638486, 3558320931, 1819682978, 2949206722, 4059614897, 4209055800, 814145066, 3048838689, 2552715216, 2468891935, 4266203665, 1146112641, 1448681746, 3216800932, 3703789259, 3278422752, 894988034, 1221397431, 1619582797, 2083683089, 2966043636, 710645120, 2978887473, 3190252997, 1010495414, 4012827899, 994843216, 1365983569, 1645810074, 478710317, 3148366305, 851449762, 2499349096, 2679058864, 2242800596, 1840037343, 2392905044, 1881861357, 1287194130, 1043518676, 3796805605, 1778504797, 3887901505, 3376749075, 4199722533, 2462050988, 2314928216, 2900724584, 1180874670, 2121850696, 1958069543, 1846804597, 1877414407, 432475134, 1235280130, 1769926290, 191044569, 2971930650, 3504221963, 277425577, 3042869793, 3657652700, 1706985548, 1380782524, 3290991956, 2809336063, 3769275010, 1479488931, 1762471213, 3073075453, 2198480718, 1320880578, 93840830, 474435016, 589778173, 402065659, 1904713847, 3578957552, 4026471775, 3427049385, 3353779586, 3425746061, 271595440, 2577855972, 3510316962, 2211850061, 507747841, 421214276, 1529371710, 585392517, 2220334476, 3366213109, 3362924080, 4022145726, 3781136001, 1728767009, 1380458890, 3225477477, 281846837, 3987893, 219840272, 1107275898, 1558916808, 3754066034, 4119665600, 2021468080, 748905784, 1622121142, 3446879443, 3136335216, 3451576892, 2507867931, 3413788156, 2479883181, 4192126248, 2429198596, 369076215, 875191004, 2439814308, 152562006, 3961798305, 783021623, 722077275, 2267623078, 1827320144, 1807818053, 1049876648, 4032479315, 3280637039, 3437892425, 1220367084, 1931773517, 2581759627, 2249188159, 946219845, 630075111, 2661707272, 195957193, 1260294100, 1842644276, 4273545295, 608155276, 1954914280, 436941763, 3072296453, 451356155, 1247392683, 4213963867, 3350814741, 3071710421, 4072987819, 3592691136, 4118909951, 3941029298, 1238030277, 981510805, 2120043478, 205943569, 3474048712, 1668178229, 3726971818, 3932445661, 1864021853, 4116832806, 2569644748, 2809079857, 726611922, 2458711794, 3589658478, 3110569161, 4058095344, 581612174, 3991822849, 4164890272, 3663772190, 1254918424, 2265401820, 3754732766, 4210398515, 2105837220, 922404668, 867909264, 3971466630, 1670943016, 3302251125, 2953217386, 3844465942, 2164339975, 3378798698, 4028719673, 384633802, 673054703, 3662384158, 3261086521, 3984294840, 3644541926, 2153977966, 3231410129, 3448114142, 2949061748, 1785923981, 1646429214, 1629221882, 3858688683, 1305921495, 952401662, 3599142121, 3800901359, 3752380153, 369381519, 1359505531, 3282105191, 733276220, 3336472607, 2472611881, 3597648525, 3228921043, 3650117591, 4232161086, 368960526, 3252208377, 3581661679, 737894166, 1272906688, 3916922359, 4129253848, 1636340455, 1210877999, 2702550161, 1749332771, 3544816294, 3671871901, 331208083, 2696528118, 1823251695, 137224567, 529324652, 3125268064, 2899313588, 857597029, 1786860471, 2368231857, 2248581369, 1370156551, 902860468, 2515393730, 3791837909, 3102849635, 43), None)
Loaded weights: 58.658786700960064, -15.342303547346248, -0.5228910848586548, -0.8064601951342434, 4.193539804865757
events: me found the exit, 
  ----
(3, (276235054, 1076959711, 3212827116, 2876212385, 2086378246, 3665157942, 740412487, 3459525146, 3210114037, 860971530, 328119813, 3891750916, 1378263045, 1907096473, 4087013219, 1909069652, 3403120087, 239741446, 693017906, 1723300500, 3264559465, 3707156357, 3474113026, 3361667263, 3592933906, 676611685, 2708668952, 4218876008, 1703819181, 4006127836, 2645050096, 3287085498, 1257212054, 2935208574, 769078618, 399250409, 3045574668, 3220381498, 3909517602, 634109226, 1430701578, 403666652, 2541593298, 1210483772, 4202740296, 2370172009, 1403882785, 2257089982, 2321083106, 662321020, 899985844, 1049766561, 322327971, 185645746, 3682562118, 1364010876, 1115746362, 1383659785, 1579098112, 1462708681, 98586836, 1479973530, 2966956541, 2993569534, 3612757711, 550174941, 3161110372, 2442487296, 2612619497, 3857886252, 3748630144, 3374409330, 4022542407, 2574222585, 2578975203, 3350304536, 918293508, 710203325, 3041067049, 773116502, 2423494461, 3952598373, 488147900, 3394998211, 2317918620, 2080742492, 1871732328, 2160853248, 3491691184, 4074462857, 3288866410, 4095112450, 44302778, 118199333, 3928600879, 1755933809, 2569240933, 3708077438, 719924538, 3195775933, 1302439963, 3112475990, 723284715, 3157044400, 2993564992, 4134074177, 991871245, 1562297595, 4088564751, 387857143, 2104896435, 169861699, 3567859544, 3373252549, 162272756, 2908604439, 3942816755, 1083071292, 3642414786, 1060746815, 1150397086, 3672956928, 1287244914, 4289321491, 2404016741, 2577291890, 4268684243, 898415211, 1933552410, 1514897644, 686432611, 3001275225, 2975447946, 3724433493, 2534936182, 432171446, 277691525, 3318632679, 1153855988, 3560557882, 2846606895, 1605860013, 3657946139, 3391280274, 4002263859, 3675225287, 3854522138, 410626069, 4210538126, 432924298, 140729636, 2315045453, 3552482118, 2978213927, 1407019412, 3452728795, 4173955359, 1611413705, 712269589, 1310203192, 2463996296, 728570451, 3636513972, 3439186733, 2751134247, 1959532670, 303450045, 3918934483, 3448047726, 1715412815, 2566815711, 2851905201, 3540850967, 2527750405, 1146410195, 3990244231, 3882075905, 3208149976, 1590456437, 2874823760, 4052025834, 411004766, 3570827396, 2006814996, 3908459665, 1680912840, 2637668836, 3142422584, 3056907048, 1517416023, 779322420, 3893102201, 3483935230, 656513893, 1792845657, 1558774755, 2916326557, 803844034, 2684635883, 2794343671, 3375135337, 3360470105, 700472158, 1633643205, 2611672050, 1599058570, 3419716313, 3646412343, 1698838212, 500877224, 815632400, 696103301, 1786070527, 3053776764, 1175876690, 344781528, 2363439191, 3131742014, 977359393, 2795272522, 162668812, 3560814387, 4011840994, 1925922318, 2343800473, 100243221, 441940204, 3505382175, 3770906048, 3726624792, 2629291858, 1342148971, 252318117, 2536612436, 4242056975, 3295466327, 4235672082, 974396789, 1297292703, 972856667, 2446554504, 1151336744, 4226246339, 3003167903, 3523091272, 1601684247, 2107174127, 1834529230, 3014915020, 1701606078, 2116194272, 3968197949, 3733597736, 1992938147, 1925423976, 1424609379, 1839443895, 4282608159, 2940625879, 3597263829, 943087660, 1024857966, 683668302, 2430355538, 663170785, 2065297446, 3173685592, 3332809231, 1929002347, 1469054287, 1097946818, 703024066, 3474429147, 2478248635, 194094493, 2752517913, 205507581, 1743343132, 710523174, 3600390487, 4158173682, 2020279035, 790871094, 1612986226, 2157192838, 3978366893, 4122789534, 3317696070, 213802079, 620685847, 1933223371, 483246840, 3227052777, 3700699722, 1937269603, 3906788555, 3475356183, 3688709713, 1578224336, 2918491554, 4269828466, 1820081144, 3313692698, 4012540794, 158912481, 4167563911, 3335553325, 447237272, 1345539385, 3005199864, 2532974414, 3787537793, 181812381, 820567303, 892061291, 3028612222, 969132224, 3404199584, 1637851743, 2019510881, 1476616955, 545533812, 2799137648, 1322064709, 1350626769, 3056537721, 740447903, 1440363759, 1332670564, 2712721816, 2882328781, 185823689, 1126929329, 3273575456, 3517570585, 1587524922, 770417372, 1859189772, 3196766350, 3481167035, 3747197746, 4037596594, 329119297, 272762682, 1497825825, 334701698, 3128776410, 549215516, 1974434587, 1370656252, 3823637008, 4078143633, 832250082, 3608534052, 2539226588, 923562551, 1308182201, 219777416, 10370507, 934677709, 1587597996, 2230347945, 1602943207, 1648593483, 1580153625, 3942162698, 4168932275, 1947700800, 2542659065, 2205881076, 179875846, 2680843038, 89465133, 3876364307, 2274571405, 3472787491, 1975638486, 3558320931, 1819682978, 2949206722, 4059614897, 4209055800, 814145066, 3048838689, 2552715216, 2468891935, 4266203665, 1146112641, 1448681746, 3216800932, 3703789259, 3278422752, 894988034, 1221397431, 1619582797, 2083683089, 2966043636, 710645120, 2978887473, 3190252997, 1010495414, 4012827899, 994843216, 1365983569, 1645810074, 478710317, 3148366305, 851449762, 2499349096, 2679058864, 2242800596, 1840037343, 2392905044, 1881861357, 1287194130, 1043518676, 3796805605, 1778504797, 3887901505, 3376749075, 4199722533, 2462050988, 2314928216, 2900724584, 1180874670, 2121850696, 1958069543, 1846804597, 1877414407, 432475134, 1235280130, 1769926290, 191044569, 2971930650, 3504221963, 277425577, 3042869793, 3657652700, 1706985548, 1380782524, 3290991956, 2809336063, 3769275010, 1479488931, 1762471213, 3073075453, 2198480718, 1320880578, 93840830, 474435016, 589778173, 402065659, 1904713847, 3578957552, 4026471775, 3427049385, 3353779586, 3425746061, 271595440, 2577855972, 3510316962, 2211850061, 507747841, 421214276, 1529371710, 585392517, 2220334476, 3366213109, 3362924080, 4022145726, 3781136001, 1728767009, 1380458890, 3225477477, 281846837, 3987893, 219840272, 1107275898, 1558916808, 3754066034, 4119665600, 2021468080, 748905784, 1622121142, 3446879443, 3136335216, 3451576892, 2507867931, 3413788156, 2479883181, 4192126248, 2429198596, 369076215, 875191004, 2439814308, 152562006, 3961798305, 783021623, 722077275, 2267623078, 1827320144, 1807818053, 1049876648, 4032479315, 3280637039, 3437892425, 1220367084, 1931773517, 2581759627, 2249188159, 946219845, 630075111, 2661707272, 195957193, 1260294100, 1842644276, 4273545295, 608155276, 1954914280, 436941763, 3072296453, 451356155, 1247392683, 4213963867, 3350814741, 3071710421, 4072987819, 3592691136, 4118909951, 3941029298, 1238030277, 981510805, 2120043478, 205943569, 3474048712, 1668178229, 3726971818, 3932445661, 1864021853, 4116832806, 2569644748, 2809079857, 726611922, 2458711794, 3589658478, 3110569161, 4058095344, 581612174, 3991822849, 4164890272, 3663772190, 1254918424, 2265401820, 3754732766, 4210398515, 2105837220, 922404668, 867909264, 3971466630, 1670943016, 3302251125, 2953217386, 3844465942, 2164339975, 3378798698, 4028719673, 384633802, 673054703, 3662384158, 3261086521, 3984294840, 3644541926, 2153977966, 3231410129, 3448114142, 2949061748, 1785923981, 1646429214, 1629221882, 3858688683, 1305921495, 952401662, 3599142121, 3800901359, 3752380153, 369381519, 1359505531, 3282105191, 733276220, 3336472607, 2472611881, 3597648525, 3228921043, 3650117591, 4232161086, 368960526, 3252208377, 3581661679, 737894166, 1272906688, 3916922359, 4129253848, 1636340455, 1210877999, 2702550161, 1749332771, 3544816294, 3671871901, 331208083, 2696528118, 1823251695, 137224567, 529324652, 3125268064, 2899313588, 857597029, 1786860471, 2368231857, 2248581369, 1370156551, 902860468, 2515393730, 3791837909, 3102849635, 341), None)
Loaded weights: 62.06354045429347, -15.342303547346248, -0.5228910848586548, -0.8064601951342434, 4.193539804865757
