Starting iterations: 50
(3, (1918572469, 756194406, 377232949, 2748338951, 713241345, 2078779070, 2962296290, 2635470023, 4234075066, 3822596755, 1814962403, 1025014999, 2513325921, 3273159729, 2423965127, 713651014, 4247919787, 4247966661, 1896809042, 2836259386, 2171416224, 3152753371, 1355282173, 1456962165, 2597844325, 1274638444, 632763815, 3604844531, 2177243811, 1244144440, 4100372466, 138749898, 3654551163, 2127722284, 2625564083, 1419822220, 679326022, 2374705206, 2338146932, 455558184, 166409818, 64204546, 3404763743, 250692337, 2680254810, 145522112, 3081520470, 890512924, 118784390, 871857813, 3271736737, 1290347403, 3551903783, 3258815384, 613843027, 3115431666, 1777063199, 3539079024, 1172556336, 4102124589, 3092816691, 1606002376, 732159960, 2340515850, 1530863564, 4273914001, 3793946317, 1477264562, 752620428, 1352088110, 2714394857, 3705060797, 3624696703, 1955465315, 2363020408, 2442027081, 2126921088, 3787246418, 1155597571, 697437910, 681991174, 2658947166, 2888166728, 2057996126, 1916634392, 2546214123, 2289153013, 712721714, 1120874876, 1944020258, 16481436, 4157418901, 164278284, 2954125633, 1737811523, 3439669575, 2421930772, 1321923996, 249174302, 2269676266, 2667114746, 172621670, 2408313241, 560056038, 1671890017, 3872620806, 2668312591, 4137188946, 2617384279, 379703317, 3715342105, 3428463732, 3257506489, 3356105668, 3291778524, 1895488008, 3830516372, 3154802258, 2826000321, 103940490, 1915801052, 3072861594, 4257476053, 448957791, 2258202663, 110583011, 4197782230, 4010854767, 2794859047, 2700704097, 1541218025, 3419389421, 3433426800, 3908615059, 3141609935, 3803408471, 2844708566, 2486925952, 754176480, 3880086002, 3587603693, 3620899414, 4091124053, 731254307, 3373972263, 1909030961, 3107076046, 2091376097, 1518916305, 1662550478, 4016884237, 586569028, 26092089, 461673172, 4211031401, 1634691799, 1770794697, 2660403077, 3282548718, 1947890821, 2653036849, 3245547905, 4014798848, 4121455225, 859842996, 1684215951, 2529232036, 2871732442, 376139320, 1030255830, 879772204, 2514603012, 1623593853, 960231763, 1036665208, 835167744, 2325704116, 242828233, 2739037315, 2372680889, 1459195, 3492386365, 2212272133, 1092578347, 1510453271, 87415504, 1783206569, 9800971, 2379656543, 1085089065, 3435430948, 273823690, 3174346975, 2526463292, 970288380, 356938587, 1054983028, 2349689972, 234797888, 3492331811, 1466142944, 4214642723, 24394665, 2738219799, 1435046458, 1978777034, 2726738463, 3480052396, 794604486, 1142592749, 201306725, 1805803014, 686918305, 221455400, 3338969328, 310887143, 3604933097, 2672592593, 3558005344, 1499078170, 2178395706, 3231320929, 30806706, 3966082247, 3851781991, 544949567, 3771552389, 1575600468, 1704792227, 37663900, 3318429979, 3073189919, 1084409805, 164744742, 282407989, 1744551225, 1639183302, 747395654, 1699734606, 1729682923, 3111735617, 125525862, 848595190, 2758835254, 2750941799, 1432723377, 4121114298, 830322505, 3061152683, 3504272065, 2512337628, 3738625533, 1852758169, 2522131594, 1282773849, 470719302, 4112885881, 4254021312, 4048498197, 1005162682, 3557034326, 1476416568, 4025718084, 247957646, 1495661879, 4172407963, 3395815361, 4208418241, 3319708711, 1226705607, 71786220, 3672031236, 3772084107, 2926723393, 3423491676, 386531898, 2004298844, 3142998982, 3422643426, 664122510, 1873932973, 1183512089, 1597520903, 4216894250, 348884974, 648741030, 3983126968, 2767494099, 1683108193, 3299175372, 1534081658, 3397044966, 3344034645, 1333101220, 1942448732, 3853793477, 51713880, 2618169118, 3462473175, 3902025702, 2696399795, 1874885697, 3263043392, 2002453435, 1711590665, 4248865046, 1263950456, 2264527582, 3333540482, 1209408381, 947733016, 2334904688, 744941713, 2998081730, 4051206097, 496789348, 1982849656, 2710978183, 1401812699, 1805708714, 1174862022, 3394317332, 61878109, 3116142147, 1025672146, 1739154557, 1590631984, 4072103988, 38906119, 2826887690, 1015931634, 1857702971, 3358071444, 923441256, 2470049408, 604785855, 3181003784, 3461222164, 2369217813, 1462971442, 776044651, 1779835332, 1080051241, 3929702294, 1258094638, 2207111821, 3437987404, 3649102936, 4227246800, 4106245105, 2182503544, 3841278816, 3308460634, 3070980516, 2562779316, 4124513466, 4253843747, 2656639276, 2892758700, 1549476475, 2136736667, 1753259740, 1295601226, 1095170534, 119704334, 2261770268, 1107267648, 2083792469, 3847196864, 839483783, 365109584, 3628067800, 3115660703, 3219070478, 2191091921, 3567951889, 4187644339, 413720904, 32241819, 1148294137, 2386273571, 4250912242, 2779598054, 3668354077, 3615815752, 3041788107, 624437067, 3137765968, 3042304540, 3535106455, 1116197258, 2452786983, 1516641087, 3886100215, 109893863, 3842383539, 3858707417, 4158880308, 872258125, 2427793985, 2531356310, 1689248135, 2229691936, 2583238321, 3127099265, 920619746, 1961042867, 1781005969, 3110208966, 2450840763, 2233492480, 853214851, 1354814555, 1859189642, 902139156, 1957604988, 3347702983, 1191455794, 1255301704, 4196150226, 1701138414, 1045338424, 3110507543, 1373858017, 2324396870, 2693593713, 1768014741, 911854041, 1539311776, 1909752075, 2403888548, 2706925233, 1769225618, 3902235856, 2384019706, 2031523359, 1092444836, 2177002838, 1220204685, 1041400480, 1919266282, 218254569, 4245463948, 2477077672, 344772142, 2805812092, 3347709731, 3887153867, 2455913945, 3561357997, 3126913324, 1550970243, 501754975, 2053502711, 2351837064, 113296181, 4130486453, 1909118835, 1234319088, 2871256365, 2693145039, 2380513871, 3283329360, 1170151769, 3095580043, 2584599194, 3778478666, 2726709251, 1429701805, 1521307074, 2521008865, 3822574501, 3886605634, 614372041, 1999971254, 1276444183, 1617421614, 400268862, 4248699894, 2745148790, 748884363, 1832516737, 657205066, 2573402484, 3670138601, 3027096305, 2306301010, 1483295089, 2606844830, 1397700665, 3562803747, 198111150, 2605512761, 260705593, 3330153507, 3885229727, 666332629, 1416593428, 1842595439, 372533372, 1992439449, 2860363578, 120952481, 194824579, 1876772042, 1624512076, 1436349950, 2527385270, 1605966556, 1574319823, 3524409924, 1199485726, 2322106831, 5139709, 2246325503, 270177166, 589381125, 3758673881, 411163548, 3243086177, 3546292350, 2833758886, 1331433929, 1747026457, 230743795, 3286316049, 967935030, 3482920366, 4141613850, 3192624810, 1310211073, 1352994563, 2959888026, 2364056523, 1535797002, 1003434291, 2422600994, 3557857054, 567220415, 78308264, 766025682, 1915694763, 2583502881, 3898943284, 1725821077, 2708745932, 1765000748, 4292796007, 566353845, 1908504287, 2080741961, 1792562992, 3950155162, 2616741806, 381344391, 1234310270, 3439306577, 1830750333, 3658304873, 2020103684, 355902332, 2499782301, 147946068, 562041907, 1372979844, 2926110858, 765400, 2980041388, 2703373486, 707587609, 105415248, 2287684122, 486242567, 3921469731, 3219047846, 12199222, 2053143853, 3373443408, 2161321881, 89289294, 412308191, 3474484148, 2349156948, 2120976404, 3102385497, 4176032155, 3354272298, 2815507664, 2937547242, 1695557203, 177787415, 2040564429, 3360776281, 2442359692, 988360949, 3435632466, 1638705467, 3133651943, 3120958834, 1343843894, 1500154118, 1197828456, 567662193, 707208446, 1713850807, 1112727925, 2121901611, 1575662962, 4286017254, 74255428, 3334706667, 2072443007, 3615869654, 1013220944, 2004296366, 4163444274, 3034168187, 743783453, 3909097859, 1421405686, 789122978, 743364321, 1420808506, 98175196, 1), None)
events: me killed itself, 
  ----
(3, (1918572469, 756194406, 377232949, 2748338951, 713241345, 2078779070, 2962296290, 2635470023, 4234075066, 3822596755, 1814962403, 1025014999, 2513325921, 3273159729, 2423965127, 713651014, 4247919787, 4247966661, 1896809042, 2836259386, 2171416224, 3152753371, 1355282173, 1456962165, 2597844325, 1274638444, 632763815, 3604844531, 2177243811, 1244144440, 4100372466, 138749898, 3654551163, 2127722284, 2625564083, 1419822220, 679326022, 2374705206, 2338146932, 455558184, 166409818, 64204546, 3404763743, 250692337, 2680254810, 145522112, 3081520470, 890512924, 118784390, 871857813, 3271736737, 1290347403, 3551903783, 3258815384, 613843027, 3115431666, 1777063199, 3539079024, 1172556336, 4102124589, 3092816691, 1606002376, 732159960, 2340515850, 1530863564, 4273914001, 3793946317, 1477264562, 752620428, 1352088110, 2714394857, 3705060797, 3624696703, 1955465315, 2363020408, 2442027081, 2126921088, 3787246418, 1155597571, 697437910, 681991174, 2658947166, 2888166728, 2057996126, 1916634392, 2546214123, 2289153013, 712721714, 1120874876, 1944020258, 16481436, 4157418901, 164278284, 2954125633, 1737811523, 3439669575, 2421930772, 1321923996, 249174302, 2269676266, 2667114746, 172621670, 2408313241, 560056038, 1671890017, 3872620806, 2668312591, 4137188946, 2617384279, 379703317, 3715342105, 3428463732, 3257506489, 3356105668, 3291778524, 1895488008, 3830516372, 3154802258, 2826000321, 103940490, 1915801052, 3072861594, 4257476053, 448957791, 2258202663, 110583011, 4197782230, 4010854767, 2794859047, 2700704097, 1541218025, 3419389421, 3433426800, 3908615059, 3141609935, 3803408471, 2844708566, 2486925952, 754176480, 3880086002, 3587603693, 3620899414, 4091124053, 731254307, 3373972263, 1909030961, 3107076046, 2091376097, 1518916305, 1662550478, 4016884237, 586569028, 26092089, 461673172, 4211031401, 1634691799, 1770794697, 2660403077, 3282548718, 1947890821, 2653036849, 3245547905, 4014798848, 4121455225, 859842996, 1684215951, 2529232036, 2871732442, 376139320, 1030255830, 879772204, 2514603012, 1623593853, 960231763, 1036665208, 835167744, 2325704116, 242828233, 2739037315, 2372680889, 1459195, 3492386365, 2212272133, 1092578347, 1510453271, 87415504, 1783206569, 9800971, 2379656543, 1085089065, 3435430948, 273823690, 3174346975, 2526463292, 970288380, 356938587, 1054983028, 2349689972, 234797888, 3492331811, 1466142944, 4214642723, 24394665, 2738219799, 1435046458, 1978777034, 2726738463, 3480052396, 794604486, 1142592749, 201306725, 1805803014, 686918305, 221455400, 3338969328, 310887143, 3604933097, 2672592593, 3558005344, 1499078170, 2178395706, 3231320929, 30806706, 3966082247, 3851781991, 544949567, 3771552389, 1575600468, 1704792227, 37663900, 3318429979, 3073189919, 1084409805, 164744742, 282407989, 1744551225, 1639183302, 747395654, 1699734606, 1729682923, 3111735617, 125525862, 848595190, 2758835254, 2750941799, 1432723377, 4121114298, 830322505, 3061152683, 3504272065, 2512337628, 3738625533, 1852758169, 2522131594, 1282773849, 470719302, 4112885881, 4254021312, 4048498197, 1005162682, 3557034326, 1476416568, 4025718084, 247957646, 1495661879, 4172407963, 3395815361, 4208418241, 3319708711, 1226705607, 71786220, 3672031236, 3772084107, 2926723393, 3423491676, 386531898, 2004298844, 3142998982, 3422643426, 664122510, 1873932973, 1183512089, 1597520903, 4216894250, 348884974, 648741030, 3983126968, 2767494099, 1683108193, 3299175372, 1534081658, 3397044966, 3344034645, 1333101220, 1942448732, 3853793477, 51713880, 2618169118, 3462473175, 3902025702, 2696399795, 1874885697, 3263043392, 2002453435, 1711590665, 4248865046, 1263950456, 2264527582, 3333540482, 1209408381, 947733016, 2334904688, 744941713, 2998081730, 4051206097, 496789348, 1982849656, 2710978183, 1401812699, 1805708714, 1174862022, 3394317332, 61878109, 3116142147, 1025672146, 1739154557, 1590631984, 4072103988, 38906119, 2826887690, 1015931634, 1857702971, 3358071444, 923441256, 2470049408, 604785855, 3181003784, 3461222164, 2369217813, 1462971442, 776044651, 1779835332, 1080051241, 3929702294, 1258094638, 2207111821, 3437987404, 3649102936, 4227246800, 4106245105, 2182503544, 3841278816, 3308460634, 3070980516, 2562779316, 4124513466, 4253843747, 2656639276, 2892758700, 1549476475, 2136736667, 1753259740, 1295601226, 1095170534, 119704334, 2261770268, 1107267648, 2083792469, 3847196864, 839483783, 365109584, 3628067800, 3115660703, 3219070478, 2191091921, 3567951889, 4187644339, 413720904, 32241819, 1148294137, 2386273571, 4250912242, 2779598054, 3668354077, 3615815752, 3041788107, 624437067, 3137765968, 3042304540, 3535106455, 1116197258, 2452786983, 1516641087, 3886100215, 109893863, 3842383539, 3858707417, 4158880308, 872258125, 2427793985, 2531356310, 1689248135, 2229691936, 2583238321, 3127099265, 920619746, 1961042867, 1781005969, 3110208966, 2450840763, 2233492480, 853214851, 1354814555, 1859189642, 902139156, 1957604988, 3347702983, 1191455794, 1255301704, 4196150226, 1701138414, 1045338424, 3110507543, 1373858017, 2324396870, 2693593713, 1768014741, 911854041, 1539311776, 1909752075, 2403888548, 2706925233, 1769225618, 3902235856, 2384019706, 2031523359, 1092444836, 2177002838, 1220204685, 1041400480, 1919266282, 218254569, 4245463948, 2477077672, 344772142, 2805812092, 3347709731, 3887153867, 2455913945, 3561357997, 3126913324, 1550970243, 501754975, 2053502711, 2351837064, 113296181, 4130486453, 1909118835, 1234319088, 2871256365, 2693145039, 2380513871, 3283329360, 1170151769, 3095580043, 2584599194, 3778478666, 2726709251, 1429701805, 1521307074, 2521008865, 3822574501, 3886605634, 614372041, 1999971254, 1276444183, 1617421614, 400268862, 4248699894, 2745148790, 748884363, 1832516737, 657205066, 2573402484, 3670138601, 3027096305, 2306301010, 1483295089, 2606844830, 1397700665, 3562803747, 198111150, 2605512761, 260705593, 3330153507, 3885229727, 666332629, 1416593428, 1842595439, 372533372, 1992439449, 2860363578, 120952481, 194824579, 1876772042, 1624512076, 1436349950, 2527385270, 1605966556, 1574319823, 3524409924, 1199485726, 2322106831, 5139709, 2246325503, 270177166, 589381125, 3758673881, 411163548, 3243086177, 3546292350, 2833758886, 1331433929, 1747026457, 230743795, 3286316049, 967935030, 3482920366, 4141613850, 3192624810, 1310211073, 1352994563, 2959888026, 2364056523, 1535797002, 1003434291, 2422600994, 3557857054, 567220415, 78308264, 766025682, 1915694763, 2583502881, 3898943284, 1725821077, 2708745932, 1765000748, 4292796007, 566353845, 1908504287, 2080741961, 1792562992, 3950155162, 2616741806, 381344391, 1234310270, 3439306577, 1830750333, 3658304873, 2020103684, 355902332, 2499782301, 147946068, 562041907, 1372979844, 2926110858, 765400, 2980041388, 2703373486, 707587609, 105415248, 2287684122, 486242567, 3921469731, 3219047846, 12199222, 2053143853, 3373443408, 2161321881, 89289294, 412308191, 3474484148, 2349156948, 2120976404, 3102385497, 4176032155, 3354272298, 2815507664, 2937547242, 1695557203, 177787415, 2040564429, 3360776281, 2442359692, 988360949, 3435632466, 1638705467, 3133651943, 3120958834, 1343843894, 1500154118, 1197828456, 567662193, 707208446, 1713850807, 1112727925, 2121901611, 1575662962, 4286017254, 74255428, 3334706667, 2072443007, 3615869654, 1013220944, 2004296366, 4163444274, 3034168187, 743783453, 3909097859, 1421405686, 789122978, 743364321, 1420808506, 98175196, 120), None)
Loaded weights: -0.17752123229013123, -0.4429831911343713, 0.25677998223689935, 0.0, 0.0
events: me killed itself, 
  ----
(3, (1918572469, 756194406, 377232949, 2748338951, 713241345, 2078779070, 2962296290, 2635470023, 4234075066, 3822596755, 1814962403, 1025014999, 2513325921, 3273159729, 2423965127, 713651014, 4247919787, 4247966661, 1896809042, 2836259386, 2171416224, 3152753371, 1355282173, 1456962165, 2597844325, 1274638444, 632763815, 3604844531, 2177243811, 1244144440, 4100372466, 138749898, 3654551163, 2127722284, 2625564083, 1419822220, 679326022, 2374705206, 2338146932, 455558184, 166409818, 64204546, 3404763743, 250692337, 2680254810, 145522112, 3081520470, 890512924, 118784390, 871857813, 3271736737, 1290347403, 3551903783, 3258815384, 613843027, 3115431666, 1777063199, 3539079024, 1172556336, 4102124589, 3092816691, 1606002376, 732159960, 2340515850, 1530863564, 4273914001, 3793946317, 1477264562, 752620428, 1352088110, 2714394857, 3705060797, 3624696703, 1955465315, 2363020408, 2442027081, 2126921088, 3787246418, 1155597571, 697437910, 681991174, 2658947166, 2888166728, 2057996126, 1916634392, 2546214123, 2289153013, 712721714, 1120874876, 1944020258, 16481436, 4157418901, 164278284, 2954125633, 1737811523, 3439669575, 2421930772, 1321923996, 249174302, 2269676266, 2667114746, 172621670, 2408313241, 560056038, 1671890017, 3872620806, 2668312591, 4137188946, 2617384279, 379703317, 3715342105, 3428463732, 3257506489, 3356105668, 3291778524, 1895488008, 3830516372, 3154802258, 2826000321, 103940490, 1915801052, 3072861594, 4257476053, 448957791, 2258202663, 110583011, 4197782230, 4010854767, 2794859047, 2700704097, 1541218025, 3419389421, 3433426800, 3908615059, 3141609935, 3803408471, 2844708566, 2486925952, 754176480, 3880086002, 3587603693, 3620899414, 4091124053, 731254307, 3373972263, 1909030961, 3107076046, 2091376097, 1518916305, 1662550478, 4016884237, 586569028, 26092089, 461673172, 4211031401, 1634691799, 1770794697, 2660403077, 3282548718, 1947890821, 2653036849, 3245547905, 4014798848, 4121455225, 859842996, 1684215951, 2529232036, 2871732442, 376139320, 1030255830, 879772204, 2514603012, 1623593853, 960231763, 1036665208, 835167744, 2325704116, 242828233, 2739037315, 2372680889, 1459195, 3492386365, 2212272133, 1092578347, 1510453271, 87415504, 1783206569, 9800971, 2379656543, 1085089065, 3435430948, 273823690, 3174346975, 2526463292, 970288380, 356938587, 1054983028, 2349689972, 234797888, 3492331811, 1466142944, 4214642723, 24394665, 2738219799, 1435046458, 1978777034, 2726738463, 3480052396, 794604486, 1142592749, 201306725, 1805803014, 686918305, 221455400, 3338969328, 310887143, 3604933097, 2672592593, 3558005344, 1499078170, 2178395706, 3231320929, 30806706, 3966082247, 3851781991, 544949567, 3771552389, 1575600468, 1704792227, 37663900, 3318429979, 3073189919, 1084409805, 164744742, 282407989, 1744551225, 1639183302, 747395654, 1699734606, 1729682923, 3111735617, 125525862, 848595190, 2758835254, 2750941799, 1432723377, 4121114298, 830322505, 3061152683, 3504272065, 2512337628, 3738625533, 1852758169, 2522131594, 1282773849, 470719302, 4112885881, 4254021312, 4048498197, 1005162682, 3557034326, 1476416568, 4025718084, 247957646, 1495661879, 4172407963, 3395815361, 4208418241, 3319708711, 1226705607, 71786220, 3672031236, 3772084107, 2926723393, 3423491676, 386531898, 2004298844, 3142998982, 3422643426, 664122510, 1873932973, 1183512089, 1597520903, 4216894250, 348884974, 648741030, 3983126968, 2767494099, 1683108193, 3299175372, 1534081658, 3397044966, 3344034645, 1333101220, 1942448732, 3853793477, 51713880, 2618169118, 3462473175, 3902025702, 2696399795, 1874885697, 3263043392, 2002453435, 1711590665, 4248865046, 1263950456, 2264527582, 3333540482, 1209408381, 947733016, 2334904688, 744941713, 2998081730, 4051206097, 496789348, 1982849656, 2710978183, 1401812699, 1805708714, 1174862022, 3394317332, 61878109, 3116142147, 1025672146, 1739154557, 1590631984, 4072103988, 38906119, 2826887690, 1015931634, 1857702971, 3358071444, 923441256, 2470049408, 604785855, 3181003784, 3461222164, 2369217813, 1462971442, 776044651, 1779835332, 1080051241, 3929702294, 1258094638, 2207111821, 3437987404, 3649102936, 4227246800, 4106245105, 2182503544, 3841278816, 3308460634, 3070980516, 2562779316, 4124513466, 4253843747, 2656639276, 2892758700, 1549476475, 2136736667, 1753259740, 1295601226, 1095170534, 119704334, 2261770268, 1107267648, 2083792469, 3847196864, 839483783, 365109584, 3628067800, 3115660703, 3219070478, 2191091921, 3567951889, 4187644339, 413720904, 32241819, 1148294137, 2386273571, 4250912242, 2779598054, 3668354077, 3615815752, 3041788107, 624437067, 3137765968, 3042304540, 3535106455, 1116197258, 2452786983, 1516641087, 3886100215, 109893863, 3842383539, 3858707417, 4158880308, 872258125, 2427793985, 2531356310, 1689248135, 2229691936, 2583238321, 3127099265, 920619746, 1961042867, 1781005969, 3110208966, 2450840763, 2233492480, 853214851, 1354814555, 1859189642, 902139156, 1957604988, 3347702983, 1191455794, 1255301704, 4196150226, 1701138414, 1045338424, 3110507543, 1373858017, 2324396870, 2693593713, 1768014741, 911854041, 1539311776, 1909752075, 2403888548, 2706925233, 1769225618, 3902235856, 2384019706, 2031523359, 1092444836, 2177002838, 1220204685, 1041400480, 1919266282, 218254569, 4245463948, 2477077672, 344772142, 2805812092, 3347709731, 3887153867, 2455913945, 3561357997, 3126913324, 1550970243, 501754975, 2053502711, 2351837064, 113296181, 4130486453, 1909118835, 1234319088, 2871256365, 2693145039, 2380513871, 3283329360, 1170151769, 3095580043, 2584599194, 3778478666, 2726709251, 1429701805, 1521307074, 2521008865, 3822574501, 3886605634, 614372041, 1999971254, 1276444183, 1617421614, 400268862, 4248699894, 2745148790, 748884363, 1832516737, 657205066, 2573402484, 3670138601, 3027096305, 2306301010, 1483295089, 2606844830, 1397700665, 3562803747, 198111150, 2605512761, 260705593, 3330153507, 3885229727, 666332629, 1416593428, 1842595439, 372533372, 1992439449, 2860363578, 120952481, 194824579, 1876772042, 1624512076, 1436349950, 2527385270, 1605966556, 1574319823, 3524409924, 1199485726, 2322106831, 5139709, 2246325503, 270177166, 589381125, 3758673881, 411163548, 3243086177, 3546292350, 2833758886, 1331433929, 1747026457, 230743795, 3286316049, 967935030, 3482920366, 4141613850, 3192624810, 1310211073, 1352994563, 2959888026, 2364056523, 1535797002, 1003434291, 2422600994, 3557857054, 567220415, 78308264, 766025682, 1915694763, 2583502881, 3898943284, 1725821077, 2708745932, 1765000748, 4292796007, 566353845, 1908504287, 2080741961, 1792562992, 3950155162, 2616741806, 381344391, 1234310270, 3439306577, 1830750333, 3658304873, 2020103684, 355902332, 2499782301, 147946068, 562041907, 1372979844, 2926110858, 765400, 2980041388, 2703373486, 707587609, 105415248, 2287684122, 486242567, 3921469731, 3219047846, 12199222, 2053143853, 3373443408, 2161321881, 89289294, 412308191, 3474484148, 2349156948, 2120976404, 3102385497, 4176032155, 3354272298, 2815507664, 2937547242, 1695557203, 177787415, 2040564429, 3360776281, 2442359692, 988360949, 3435632466, 1638705467, 3133651943, 3120958834, 1343843894, 1500154118, 1197828456, 567662193, 707208446, 1713850807, 1112727925, 2121901611, 1575662962, 4286017254, 74255428, 3334706667, 2072443007, 3615869654, 1013220944, 2004296366, 4163444274, 3034168187, 743783453, 3909097859, 1421405686, 789122978, 743364321, 1420808506, 98175196, 192), None)
Loaded weights: -0.3612780777765007, -0.7052772241586909, 0.36215359026872046, 0.0, 0.0
events: me killed itself, 
  ----
(3, (1918572469, 756194406, 377232949, 2748338951, 713241345, 2078779070, 2962296290, 2635470023, 4234075066, 3822596755, 1814962403, 1025014999, 2513325921, 3273159729, 2423965127, 713651014, 4247919787, 4247966661, 1896809042, 2836259386, 2171416224, 3152753371, 1355282173, 1456962165, 2597844325, 1274638444, 632763815, 3604844531, 2177243811, 1244144440, 4100372466, 138749898, 3654551163, 2127722284, 2625564083, 1419822220, 679326022, 2374705206, 2338146932, 455558184, 166409818, 64204546, 3404763743, 250692337, 2680254810, 145522112, 3081520470, 890512924, 118784390, 871857813, 3271736737, 1290347403, 3551903783, 3258815384, 613843027, 3115431666, 1777063199, 3539079024, 1172556336, 4102124589, 3092816691, 1606002376, 732159960, 2340515850, 1530863564, 4273914001, 3793946317, 1477264562, 752620428, 1352088110, 2714394857, 3705060797, 3624696703, 1955465315, 2363020408, 2442027081, 2126921088, 3787246418, 1155597571, 697437910, 681991174, 2658947166, 2888166728, 2057996126, 1916634392, 2546214123, 2289153013, 712721714, 1120874876, 1944020258, 16481436, 4157418901, 164278284, 2954125633, 1737811523, 3439669575, 2421930772, 1321923996, 249174302, 2269676266, 2667114746, 172621670, 2408313241, 560056038, 1671890017, 3872620806, 2668312591, 4137188946, 2617384279, 379703317, 3715342105, 3428463732, 3257506489, 3356105668, 3291778524, 1895488008, 3830516372, 3154802258, 2826000321, 103940490, 1915801052, 3072861594, 4257476053, 448957791, 2258202663, 110583011, 4197782230, 4010854767, 2794859047, 2700704097, 1541218025, 3419389421, 3433426800, 3908615059, 3141609935, 3803408471, 2844708566, 2486925952, 754176480, 3880086002, 3587603693, 3620899414, 4091124053, 731254307, 3373972263, 1909030961, 3107076046, 2091376097, 1518916305, 1662550478, 4016884237, 586569028, 26092089, 461673172, 4211031401, 1634691799, 1770794697, 2660403077, 3282548718, 1947890821, 2653036849, 3245547905, 4014798848, 4121455225, 859842996, 1684215951, 2529232036, 2871732442, 376139320, 1030255830, 879772204, 2514603012, 1623593853, 960231763, 1036665208, 835167744, 2325704116, 242828233, 2739037315, 2372680889, 1459195, 3492386365, 2212272133, 1092578347, 1510453271, 87415504, 1783206569, 9800971, 2379656543, 1085089065, 3435430948, 273823690, 3174346975, 2526463292, 970288380, 356938587, 1054983028, 2349689972, 234797888, 3492331811, 1466142944, 4214642723, 24394665, 2738219799, 1435046458, 1978777034, 2726738463, 3480052396, 794604486, 1142592749, 201306725, 1805803014, 686918305, 221455400, 3338969328, 310887143, 3604933097, 2672592593, 3558005344, 1499078170, 2178395706, 3231320929, 30806706, 3966082247, 3851781991, 544949567, 3771552389, 1575600468, 1704792227, 37663900, 3318429979, 3073189919, 1084409805, 164744742, 282407989, 1744551225, 1639183302, 747395654, 1699734606, 1729682923, 3111735617, 125525862, 848595190, 2758835254, 2750941799, 1432723377, 4121114298, 830322505, 3061152683, 3504272065, 2512337628, 3738625533, 1852758169, 2522131594, 1282773849, 470719302, 4112885881, 4254021312, 4048498197, 1005162682, 3557034326, 1476416568, 4025718084, 247957646, 1495661879, 4172407963, 3395815361, 4208418241, 3319708711, 1226705607, 71786220, 3672031236, 3772084107, 2926723393, 3423491676, 386531898, 2004298844, 3142998982, 3422643426, 664122510, 1873932973, 1183512089, 1597520903, 4216894250, 348884974, 648741030, 3983126968, 2767494099, 1683108193, 3299175372, 1534081658, 3397044966, 3344034645, 1333101220, 1942448732, 3853793477, 51713880, 2618169118, 3462473175, 3902025702, 2696399795, 1874885697, 3263043392, 2002453435, 1711590665, 4248865046, 1263950456, 2264527582, 3333540482, 1209408381, 947733016, 2334904688, 744941713, 2998081730, 4051206097, 496789348, 1982849656, 2710978183, 1401812699, 1805708714, 1174862022, 3394317332, 61878109, 3116142147, 1025672146, 1739154557, 1590631984, 4072103988, 38906119, 2826887690, 1015931634, 1857702971, 3358071444, 923441256, 2470049408, 604785855, 3181003784, 3461222164, 2369217813, 1462971442, 776044651, 1779835332, 1080051241, 3929702294, 1258094638, 2207111821, 3437987404, 3649102936, 4227246800, 4106245105, 2182503544, 3841278816, 3308460634, 3070980516, 2562779316, 4124513466, 4253843747, 2656639276, 2892758700, 1549476475, 2136736667, 1753259740, 1295601226, 1095170534, 119704334, 2261770268, 1107267648, 2083792469, 3847196864, 839483783, 365109584, 3628067800, 3115660703, 3219070478, 2191091921, 3567951889, 4187644339, 413720904, 32241819, 1148294137, 2386273571, 4250912242, 2779598054, 3668354077, 3615815752, 3041788107, 624437067, 3137765968, 3042304540, 3535106455, 1116197258, 2452786983, 1516641087, 3886100215, 109893863, 3842383539, 3858707417, 4158880308, 872258125, 2427793985, 2531356310, 1689248135, 2229691936, 2583238321, 3127099265, 920619746, 1961042867, 1781005969, 3110208966, 2450840763, 2233492480, 853214851, 1354814555, 1859189642, 902139156, 1957604988, 3347702983, 1191455794, 1255301704, 4196150226, 1701138414, 1045338424, 3110507543, 1373858017, 2324396870, 2693593713, 1768014741, 911854041, 1539311776, 1909752075, 2403888548, 2706925233, 1769225618, 3902235856, 2384019706, 2031523359, 1092444836, 2177002838, 1220204685, 1041400480, 1919266282, 218254569, 4245463948, 2477077672, 344772142, 2805812092, 3347709731, 3887153867, 2455913945, 3561357997, 3126913324, 1550970243, 501754975, 2053502711, 2351837064, 113296181, 4130486453, 1909118835, 1234319088, 2871256365, 2693145039, 2380513871, 3283329360, 1170151769, 3095580043, 2584599194, 3778478666, 2726709251, 1429701805, 1521307074, 2521008865, 3822574501, 3886605634, 614372041, 1999971254, 1276444183, 1617421614, 400268862, 4248699894, 2745148790, 748884363, 1832516737, 657205066, 2573402484, 3670138601, 3027096305, 2306301010, 1483295089, 2606844830, 1397700665, 3562803747, 198111150, 2605512761, 260705593, 3330153507, 3885229727, 666332629, 1416593428, 1842595439, 372533372, 1992439449, 2860363578, 120952481, 194824579, 1876772042, 1624512076, 1436349950, 2527385270, 1605966556, 1574319823, 3524409924, 1199485726, 2322106831, 5139709, 2246325503, 270177166, 589381125, 3758673881, 411163548, 3243086177, 3546292350, 2833758886, 1331433929, 1747026457, 230743795, 3286316049, 967935030, 3482920366, 4141613850, 3192624810, 1310211073, 1352994563, 2959888026, 2364056523, 1535797002, 1003434291, 2422600994, 3557857054, 567220415, 78308264, 766025682, 1915694763, 2583502881, 3898943284, 1725821077, 2708745932, 1765000748, 4292796007, 566353845, 1908504287, 2080741961, 1792562992, 3950155162, 2616741806, 381344391, 1234310270, 3439306577, 1830750333, 3658304873, 2020103684, 355902332, 2499782301, 147946068, 562041907, 1372979844, 2926110858, 765400, 2980041388, 2703373486, 707587609, 105415248, 2287684122, 486242567, 3921469731, 3219047846, 12199222, 2053143853, 3373443408, 2161321881, 89289294, 412308191, 3474484148, 2349156948, 2120976404, 3102385497, 4176032155, 3354272298, 2815507664, 2937547242, 1695557203, 177787415, 2040564429, 3360776281, 2442359692, 988360949, 3435632466, 1638705467, 3133651943, 3120958834, 1343843894, 1500154118, 1197828456, 567662193, 707208446, 1713850807, 1112727925, 2121901611, 1575662962, 4286017254, 74255428, 3334706667, 2072443007, 3615869654, 1013220944, 2004296366, 4163444274, 3034168187, 743783453, 3909097859, 1421405686, 789122978, 743364321, 1420808506, 98175196, 292), None)
Loaded weights: -0.5455397184196366, -1.1466028321920614, 0.4051159197749207, 0.0, 0.0
events: me killed itself, 
  ----
(3, (1918572469, 756194406, 377232949, 2748338951, 713241345, 2078779070, 2962296290, 2635470023, 4234075066, 3822596755, 1814962403, 1025014999, 2513325921, 3273159729, 2423965127, 713651014, 4247919787, 4247966661, 1896809042, 2836259386, 2171416224, 3152753371, 1355282173, 1456962165, 2597844325, 1274638444, 632763815, 3604844531, 2177243811, 1244144440, 4100372466, 138749898, 3654551163, 2127722284, 2625564083, 1419822220, 679326022, 2374705206, 2338146932, 455558184, 166409818, 64204546, 3404763743, 250692337, 2680254810, 145522112, 3081520470, 890512924, 118784390, 871857813, 3271736737, 1290347403, 3551903783, 3258815384, 613843027, 3115431666, 1777063199, 3539079024, 1172556336, 4102124589, 3092816691, 1606002376, 732159960, 2340515850, 1530863564, 4273914001, 3793946317, 1477264562, 752620428, 1352088110, 2714394857, 3705060797, 3624696703, 1955465315, 2363020408, 2442027081, 2126921088, 3787246418, 1155597571, 697437910, 681991174, 2658947166, 2888166728, 2057996126, 1916634392, 2546214123, 2289153013, 712721714, 1120874876, 1944020258, 16481436, 4157418901, 164278284, 2954125633, 1737811523, 3439669575, 2421930772, 1321923996, 249174302, 2269676266, 2667114746, 172621670, 2408313241, 560056038, 1671890017, 3872620806, 2668312591, 4137188946, 2617384279, 379703317, 3715342105, 3428463732, 3257506489, 3356105668, 3291778524, 1895488008, 3830516372, 3154802258, 2826000321, 103940490, 1915801052, 3072861594, 4257476053, 448957791, 2258202663, 110583011, 4197782230, 4010854767, 2794859047, 2700704097, 1541218025, 3419389421, 3433426800, 3908615059, 3141609935, 3803408471, 2844708566, 2486925952, 754176480, 3880086002, 3587603693, 3620899414, 4091124053, 731254307, 3373972263, 1909030961, 3107076046, 2091376097, 1518916305, 1662550478, 4016884237, 586569028, 26092089, 461673172, 4211031401, 1634691799, 1770794697, 2660403077, 3282548718, 1947890821, 2653036849, 3245547905, 4014798848, 4121455225, 859842996, 1684215951, 2529232036, 2871732442, 376139320, 1030255830, 879772204, 2514603012, 1623593853, 960231763, 1036665208, 835167744, 2325704116, 242828233, 2739037315, 2372680889, 1459195, 3492386365, 2212272133, 1092578347, 1510453271, 87415504, 1783206569, 9800971, 2379656543, 1085089065, 3435430948, 273823690, 3174346975, 2526463292, 970288380, 356938587, 1054983028, 2349689972, 234797888, 3492331811, 1466142944, 4214642723, 24394665, 2738219799, 1435046458, 1978777034, 2726738463, 3480052396, 794604486, 1142592749, 201306725, 1805803014, 686918305, 221455400, 3338969328, 310887143, 3604933097, 2672592593, 3558005344, 1499078170, 2178395706, 3231320929, 30806706, 3966082247, 3851781991, 544949567, 3771552389, 1575600468, 1704792227, 37663900, 3318429979, 3073189919, 1084409805, 164744742, 282407989, 1744551225, 1639183302, 747395654, 1699734606, 1729682923, 3111735617, 125525862, 848595190, 2758835254, 2750941799, 1432723377, 4121114298, 830322505, 3061152683, 3504272065, 2512337628, 3738625533, 1852758169, 2522131594, 1282773849, 470719302, 4112885881, 4254021312, 4048498197, 1005162682, 3557034326, 1476416568, 4025718084, 247957646, 1495661879, 4172407963, 3395815361, 4208418241, 3319708711, 1226705607, 71786220, 3672031236, 3772084107, 2926723393, 3423491676, 386531898, 2004298844, 3142998982, 3422643426, 664122510, 1873932973, 1183512089, 1597520903, 4216894250, 348884974, 648741030, 3983126968, 2767494099, 1683108193, 3299175372, 1534081658, 3397044966, 3344034645, 1333101220, 1942448732, 3853793477, 51713880, 2618169118, 3462473175, 3902025702, 2696399795, 1874885697, 3263043392, 2002453435, 1711590665, 4248865046, 1263950456, 2264527582, 3333540482, 1209408381, 947733016, 2334904688, 744941713, 2998081730, 4051206097, 496789348, 1982849656, 2710978183, 1401812699, 1805708714, 1174862022, 3394317332, 61878109, 3116142147, 1025672146, 1739154557, 1590631984, 4072103988, 38906119, 2826887690, 1015931634, 1857702971, 3358071444, 923441256, 2470049408, 604785855, 3181003784, 3461222164, 2369217813, 1462971442, 776044651, 1779835332, 1080051241, 3929702294, 1258094638, 2207111821, 3437987404, 3649102936, 4227246800, 4106245105, 2182503544, 3841278816, 3308460634, 3070980516, 2562779316, 4124513466, 4253843747, 2656639276, 2892758700, 1549476475, 2136736667, 1753259740, 1295601226, 1095170534, 119704334, 2261770268, 1107267648, 2083792469, 3847196864, 839483783, 365109584, 3628067800, 3115660703, 3219070478, 2191091921, 3567951889, 4187644339, 413720904, 32241819, 1148294137, 2386273571, 4250912242, 2779598054, 3668354077, 3615815752, 3041788107, 624437067, 3137765968, 3042304540, 3535106455, 1116197258, 2452786983, 1516641087, 3886100215, 109893863, 3842383539, 3858707417, 4158880308, 872258125, 2427793985, 2531356310, 1689248135, 2229691936, 2583238321, 3127099265, 920619746, 1961042867, 1781005969, 3110208966, 2450840763, 2233492480, 853214851, 1354814555, 1859189642, 902139156, 1957604988, 3347702983, 1191455794, 1255301704, 4196150226, 1701138414, 1045338424, 3110507543, 1373858017, 2324396870, 2693593713, 1768014741, 911854041, 1539311776, 1909752075, 2403888548, 2706925233, 1769225618, 3902235856, 2384019706, 2031523359, 1092444836, 2177002838, 1220204685, 1041400480, 1919266282, 218254569, 4245463948, 2477077672, 344772142, 2805812092, 3347709731, 3887153867, 2455913945, 3561357997, 3126913324, 1550970243, 501754975, 2053502711, 2351837064, 113296181, 4130486453, 1909118835, 1234319088, 2871256365, 2693145039, 2380513871, 3283329360, 1170151769, 3095580043, 2584599194, 3778478666, 2726709251, 1429701805, 1521307074, 2521008865, 3822574501, 3886605634, 614372041, 1999971254, 1276444183, 1617421614, 400268862, 4248699894, 2745148790, 748884363, 1832516737, 657205066, 2573402484, 3670138601, 3027096305, 2306301010, 1483295089, 2606844830, 1397700665, 3562803747, 198111150, 2605512761, 260705593, 3330153507, 3885229727, 666332629, 1416593428, 1842595439, 372533372, 1992439449, 2860363578, 120952481, 194824579, 1876772042, 1624512076, 1436349950, 2527385270, 1605966556, 1574319823, 3524409924, 1199485726, 2322106831, 5139709, 2246325503, 270177166, 589381125, 3758673881, 411163548, 3243086177, 3546292350, 2833758886, 1331433929, 1747026457, 230743795, 3286316049, 967935030, 3482920366, 4141613850, 3192624810, 1310211073, 1352994563, 2959888026, 2364056523, 1535797002, 1003434291, 2422600994, 3557857054, 567220415, 78308264, 766025682, 1915694763, 2583502881, 3898943284, 1725821077, 2708745932, 1765000748, 4292796007, 566353845, 1908504287, 2080741961, 1792562992, 3950155162, 2616741806, 381344391, 1234310270, 3439306577, 1830750333, 3658304873, 2020103684, 355902332, 2499782301, 147946068, 562041907, 1372979844, 2926110858, 765400, 2980041388, 2703373486, 707587609, 105415248, 2287684122, 486242567, 3921469731, 3219047846, 12199222, 2053143853, 3373443408, 2161321881, 89289294, 412308191, 3474484148, 2349156948, 2120976404, 3102385497, 4176032155, 3354272298, 2815507664, 2937547242, 1695557203, 177787415, 2040564429, 3360776281, 2442359692, 988360949, 3435632466, 1638705467, 3133651943, 3120958834, 1343843894, 1500154118, 1197828456, 567662193, 707208446, 1713850807, 1112727925, 2121901611, 1575662962, 4286017254, 74255428, 3334706667, 2072443007, 3615869654, 1013220944, 2004296366, 4163444274, 3034168187, 743783453, 3909097859, 1421405686, 789122978, 743364321, 1420808506, 98175196, 384), None)
Loaded weights: -0.6207811148969085, -1.5917477848215305, 0.2791156880384398, 0.0, 0.0
events: me killed itself, 
  ----
(3, (1918572469, 756194406, 377232949, 2748338951, 713241345, 2078779070, 2962296290, 2635470023, 4234075066, 3822596755, 1814962403, 1025014999, 2513325921, 3273159729, 2423965127, 713651014, 4247919787, 4247966661, 1896809042, 2836259386, 2171416224, 3152753371, 1355282173, 1456962165, 2597844325, 1274638444, 632763815, 3604844531, 2177243811, 1244144440, 4100372466, 138749898, 3654551163, 2127722284, 2625564083, 1419822220, 679326022, 2374705206, 2338146932, 455558184, 166409818, 64204546, 3404763743, 250692337, 2680254810, 145522112, 3081520470, 890512924, 118784390, 871857813, 3271736737, 1290347403, 3551903783, 3258815384, 613843027, 3115431666, 1777063199, 3539079024, 1172556336, 4102124589, 3092816691, 1606002376, 732159960, 2340515850, 1530863564, 4273914001, 3793946317, 1477264562, 752620428, 1352088110, 2714394857, 3705060797, 3624696703, 1955465315, 2363020408, 2442027081, 2126921088, 3787246418, 1155597571, 697437910, 681991174, 2658947166, 2888166728, 2057996126, 1916634392, 2546214123, 2289153013, 712721714, 1120874876, 1944020258, 16481436, 4157418901, 164278284, 2954125633, 1737811523, 3439669575, 2421930772, 1321923996, 249174302, 2269676266, 2667114746, 172621670, 2408313241, 560056038, 1671890017, 3872620806, 2668312591, 4137188946, 2617384279, 379703317, 3715342105, 3428463732, 3257506489, 3356105668, 3291778524, 1895488008, 3830516372, 3154802258, 2826000321, 103940490, 1915801052, 3072861594, 4257476053, 448957791, 2258202663, 110583011, 4197782230, 4010854767, 2794859047, 2700704097, 1541218025, 3419389421, 3433426800, 3908615059, 3141609935, 3803408471, 2844708566, 2486925952, 754176480, 3880086002, 3587603693, 3620899414, 4091124053, 731254307, 3373972263, 1909030961, 3107076046, 2091376097, 1518916305, 1662550478, 4016884237, 586569028, 26092089, 461673172, 4211031401, 1634691799, 1770794697, 2660403077, 3282548718, 1947890821, 2653036849, 3245547905, 4014798848, 4121455225, 859842996, 1684215951, 2529232036, 2871732442, 376139320, 1030255830, 879772204, 2514603012, 1623593853, 960231763, 1036665208, 835167744, 2325704116, 242828233, 2739037315, 2372680889, 1459195, 3492386365, 2212272133, 1092578347, 1510453271, 87415504, 1783206569, 9800971, 2379656543, 1085089065, 3435430948, 273823690, 3174346975, 2526463292, 970288380, 356938587, 1054983028, 2349689972, 234797888, 3492331811, 1466142944, 4214642723, 24394665, 2738219799, 1435046458, 1978777034, 2726738463, 3480052396, 794604486, 1142592749, 201306725, 1805803014, 686918305, 221455400, 3338969328, 310887143, 3604933097, 2672592593, 3558005344, 1499078170, 2178395706, 3231320929, 30806706, 3966082247, 3851781991, 544949567, 3771552389, 1575600468, 1704792227, 37663900, 3318429979, 3073189919, 1084409805, 164744742, 282407989, 1744551225, 1639183302, 747395654, 1699734606, 1729682923, 3111735617, 125525862, 848595190, 2758835254, 2750941799, 1432723377, 4121114298, 830322505, 3061152683, 3504272065, 2512337628, 3738625533, 1852758169, 2522131594, 1282773849, 470719302, 4112885881, 4254021312, 4048498197, 1005162682, 3557034326, 1476416568, 4025718084, 247957646, 1495661879, 4172407963, 3395815361, 4208418241, 3319708711, 1226705607, 71786220, 3672031236, 3772084107, 2926723393, 3423491676, 386531898, 2004298844, 3142998982, 3422643426, 664122510, 1873932973, 1183512089, 1597520903, 4216894250, 348884974, 648741030, 3983126968, 2767494099, 1683108193, 3299175372, 1534081658, 3397044966, 3344034645, 1333101220, 1942448732, 3853793477, 51713880, 2618169118, 3462473175, 3902025702, 2696399795, 1874885697, 3263043392, 2002453435, 1711590665, 4248865046, 1263950456, 2264527582, 3333540482, 1209408381, 947733016, 2334904688, 744941713, 2998081730, 4051206097, 496789348, 1982849656, 2710978183, 1401812699, 1805708714, 1174862022, 3394317332, 61878109, 3116142147, 1025672146, 1739154557, 1590631984, 4072103988, 38906119, 2826887690, 1015931634, 1857702971, 3358071444, 923441256, 2470049408, 604785855, 3181003784, 3461222164, 2369217813, 1462971442, 776044651, 1779835332, 1080051241, 3929702294, 1258094638, 2207111821, 3437987404, 3649102936, 4227246800, 4106245105, 2182503544, 3841278816, 3308460634, 3070980516, 2562779316, 4124513466, 4253843747, 2656639276, 2892758700, 1549476475, 2136736667, 1753259740, 1295601226, 1095170534, 119704334, 2261770268, 1107267648, 2083792469, 3847196864, 839483783, 365109584, 3628067800, 3115660703, 3219070478, 2191091921, 3567951889, 4187644339, 413720904, 32241819, 1148294137, 2386273571, 4250912242, 2779598054, 3668354077, 3615815752, 3041788107, 624437067, 3137765968, 3042304540, 3535106455, 1116197258, 2452786983, 1516641087, 3886100215, 109893863, 3842383539, 3858707417, 4158880308, 872258125, 2427793985, 2531356310, 1689248135, 2229691936, 2583238321, 3127099265, 920619746, 1961042867, 1781005969, 3110208966, 2450840763, 2233492480, 853214851, 1354814555, 1859189642, 902139156, 1957604988, 3347702983, 1191455794, 1255301704, 4196150226, 1701138414, 1045338424, 3110507543, 1373858017, 2324396870, 2693593713, 1768014741, 911854041, 1539311776, 1909752075, 2403888548, 2706925233, 1769225618, 3902235856, 2384019706, 2031523359, 1092444836, 2177002838, 1220204685, 1041400480, 1919266282, 218254569, 4245463948, 2477077672, 344772142, 2805812092, 3347709731, 3887153867, 2455913945, 3561357997, 3126913324, 1550970243, 501754975, 2053502711, 2351837064, 113296181, 4130486453, 1909118835, 1234319088, 2871256365, 2693145039, 2380513871, 3283329360, 1170151769, 3095580043, 2584599194, 3778478666, 2726709251, 1429701805, 1521307074, 2521008865, 3822574501, 3886605634, 614372041, 1999971254, 1276444183, 1617421614, 400268862, 4248699894, 2745148790, 748884363, 1832516737, 657205066, 2573402484, 3670138601, 3027096305, 2306301010, 1483295089, 2606844830, 1397700665, 3562803747, 198111150, 2605512761, 260705593, 3330153507, 3885229727, 666332629, 1416593428, 1842595439, 372533372, 1992439449, 2860363578, 120952481, 194824579, 1876772042, 1624512076, 1436349950, 2527385270, 1605966556, 1574319823, 3524409924, 1199485726, 2322106831, 5139709, 2246325503, 270177166, 589381125, 3758673881, 411163548, 3243086177, 3546292350, 2833758886, 1331433929, 1747026457, 230743795, 3286316049, 967935030, 3482920366, 4141613850, 3192624810, 1310211073, 1352994563, 2959888026, 2364056523, 1535797002, 1003434291, 2422600994, 3557857054, 567220415, 78308264, 766025682, 1915694763, 2583502881, 3898943284, 1725821077, 2708745932, 1765000748, 4292796007, 566353845, 1908504287, 2080741961, 1792562992, 3950155162, 2616741806, 381344391, 1234310270, 3439306577, 1830750333, 3658304873, 2020103684, 355902332, 2499782301, 147946068, 562041907, 1372979844, 2926110858, 765400, 2980041388, 2703373486, 707587609, 105415248, 2287684122, 486242567, 3921469731, 3219047846, 12199222, 2053143853, 3373443408, 2161321881, 89289294, 412308191, 3474484148, 2349156948, 2120976404, 3102385497, 4176032155, 3354272298, 2815507664, 2937547242, 1695557203, 177787415, 2040564429, 3360776281, 2442359692, 988360949, 3435632466, 1638705467, 3133651943, 3120958834, 1343843894, 1500154118, 1197828456, 567662193, 707208446, 1713850807, 1112727925, 2121901611, 1575662962, 4286017254, 74255428, 3334706667, 2072443007, 3615869654, 1013220944, 2004296366, 4163444274, 3034168187, 743783453, 3909097859, 1421405686, 789122978, 743364321, 1420808506, 98175196, 469), None)
Loaded weights: -0.6964980469004423, -1.8994557140829675, 0.24331082035788262, 0.0, 0.0
